r101
VEHICLE
NUMBER     CAPACITY
  10         100

CUSTOMER
CUST NO.  XCOORD.   YCOORD.    DEMAND   READY TIME  DUE DATE   SERVICE   TIME

    0      25         25          0          0          250         0
    1      35         13          5          35       223          10
    2      26         29          8          36       220          10
    3      22         1          7          113       232          10
    4      18         24          6          63       225          10
    5      18         25          5          59       214          10
    6      39         14          5          21       244          10
    7      40         28          10          78       236          10
    8      22         13          9          14       221          10
    9      25         36          5          69       237          10
    10      3         3          7          71       242          10
    11      39         36          10          82       237          10
    12      28         8          6          19       244          10
    13      28         47          7          109       224          10
    14      27         21          9          94       208          10
    15      43         42          10          119       229          10
    16      7         1          6          13       243          10
    17      7         19          5          58       218          10
    18      26         34          10          78       213          10
    19      29         0          8          42       209          10
    20      5         43          10          88       233          10
    21      15         0          9          53       229          10
    22      41         21          5          49       249          10
    23      50         37          6          100       210          10
    24      40         4          5          10       246          10
    25      18         25          9          114       222          10
