r102
VEHICLE
NUMBER     CAPACITY
  10         100

CUSTOMER
CUST NO.  XCOORD.   YCOORD.    DEMAND   READY TIME  DUE DATE   SERVICE   TIME

    0      25         25          0          0          250         0
    1      42         50          10          119       210          10
    2      9         37          10          71       207          10
    3      13         27          7          61       204          10
    4      19         8          8          102       239          10
    5      16         49          9          42       230          10
    6      42         8          10          111       245          10
    7      44         16          5          41       214          10
    8      13         37          9          112       223          10
    9      11         5          6          14       245          10
    10      11         4          5          8       238          10
    11      39         14          9          9       209          10
    12      32         42          9          83       202          10
    13      43         3          9          82       203          10
    14      4         30          5          67       233          10
    15      41         15          6          76       201          10
    16      23         21          9          109       222          10
    17      22         34          8          106       239          10
    18      5         14          5          9       222          10
    19      46         7          7          77       203          10
    20      42         19          10          89       241          10
    21      6         7          9          112       224          10
    22      9         36          10          105       244          10
    23      12         36          8          5       213          10
    24      39         17          5          66       240          10
    25      39         35          8          18       232          10
