r103
VEHICLE
NUMBER     CAPACITY
  10         100

CUSTOMER
CUST NO.  XCOORD.   YCOORD.    DEMAND   READY TIME  DUE DATE   SERVICE   TIME

    0      25         25          0          0          250         0
    1      45         10          8          83       214          10
    2      43         36          8          96       216          10
    3      11         39          9          2       223          10
    4      28         29          8          23       200          10
    5      9         48          8          74       221          10
    6      38         2          5          63       235          10
    7      49         42          5          80       230          10
    8      23         4          6          51       204          10
    9      30         13          5          22       230          10
    10      35         34          7          81       220          10
    11      10         29          5          88       250          10
    12      3         32          7          112       245          10
    13      22         41          8          23       225          10
    14      38         45          5          7       244          10
    15      9         42          5          88       225          10
    16      28         20          5          20       208          10
    17      18         6          8          73       233          10
    18      46         10          9          50       205          10
    19      41         4          6          113       229          10
    20      4         10          7          13       218          10
    21      47         28          8          65       226          10
    22      28         43          8          111       204          10
    23      10         17          6          21       233          10
    24      11         3          6          102       228          10
    25      0         48          9          65       226          10
