r107
VEHICLE
NUMBER     CAPACITY
  10         100

CUSTOMER
CUST NO.  XCOORD.   YCOORD.    DEMAND   READY TIME  DUE DATE   SERVICE   TIME

    0      25         25          0          0          250         0
    1      41         45          6          27       215          10
    2      18         41          7          66       231          10
    3      43         43          9          73       233          10
    4      25         50          7          11       235          10
    5      10         29          8          103       202          10
    6      36         3          6          51       227          10
    7      30         9          10          29       230          10
    8      23         1          8          58       228          10
    9      1         48          5          35       243          10
    10      43         23          9          50       235          10
    11      3         39          7          85       238          10
    12      14         42          6          113       203          10
    13      3         48          9          8       207          10
    14      31         21          5          59       201          10
    15      49         19          6          117       214          10
    16      12         21          9          65       236          10
    17      4         13          6          61       213          10
    18      19         32          7          33       247          10
    19      23         6          6          2       241          10
    20      18         24          5          86       236          10
    21      12         41          5          29       250          10
    22      33         45          6          50       204          10
    23      25         18          6          63       230          10
    24      34         46          7          110       204          10
    25      50         15          5          89       208          10
