r109
VEHICLE
NUMBER     CAPACITY
  10         100

CUSTOMER
CUST NO.  XCOORD.   YCOORD.    DEMAND   READY TIME  DUE DATE   SERVICE   TIME

    0      25         25          0          0          250         0
    1      27         9          9          33       219          10
    2      15         7          8          62       201          10
    3      50         46          9          112       218          10
    4      45         19          6          47       209          10
    5      36         10          5          58       225          10
    6      28         4          8          76       235          10
    7      45         18          10          112       216          10
    8      35         36          7          4       215          10
    9      50         20          9          91       222          10
    10      9         11          10          9       229          10
    11      40         7          7          82       233          10
    12      9         9          8          65       236          10
    13      30         24          8          88       212          10
    14      19         41          5          54       244          10
    15      41         41          8          97       235          10
    16      22         37          9          109       239          10
    17      15         22          9          29       225          10
    18      22         19          10          15       239          10
    19      23         21          6          29       227          10
    20      30         21          6          35       248          10
    21      47         13          8          86       247          10
    22      46         38          6          59       202          10
    23      48         31          8          39       226          10
    24      30         19          8          46       225          10
    25      19         16          5          99       210          10
