r112
VEHICLE
NUMBER     CAPACITY
  10         100

CUSTOMER
CUST NO.  XCOORD.   YCOORD.    DEMAND   READY TIME  DUE DATE   SERVICE   TIME

    0      25         25          0          0          250         0
    1      10         17          6          91       248          10
    2      1         22          8          1       241          10
    3      14         16          5          37       238          10
    4      17         45          10          83       205          10
    5      25         27          7          45       242          10
    6      12         31          10          29       215          10
    7      20         9          6          21       212          10
    8      6         12          8          90       241          10
    9      9         43          8          74       206          10
    10      20         40          9          63       202          10
    11      1         16          10          84       203          10
    12      18         36          5          40       216          10
    13      13         2          10          7       237          10
    14      39         48          6          99       216          10
    15      36         29          7          65       216          10
    16      41         6          9          68       206          10
    17      30         37          10          36       212          10
    18      22         37          8          54       235          10
    19      27         3          9          30       246          10
    20      10         25          9          107       202          10
    21      50         42          7          76       235          10
    22      31         40          10          30       217          10
    23      31         27          10          120       202          10
    24      39         5          5          17       247          10
    25      23         0          9          32       237          10
