r113
VEHICLE
NUMBER     CAPACITY
  10         100

CUSTOMER
CUST NO.  XCOORD.   YCOORD.    DEMAND   READY TIME  DUE DATE   SERVICE   TIME

    0      25         25          0          0          250         0
    1      49         4          5          56       215          10
    2      24         3          7          8       229          10
    3      12         39          9          3       223          10
    4      11         27          9          47       247          10
    5      40         29          5          53       204          10
    6      21         41          8          19       202          10
    7      19         34          7          87       225          10
    8      7         8          8          97       209          10
    9      31         1          8          78       231          10
    10      29         17          9          5       222          10
    11      49         49          7          5       229          10
    12      16         35          9          83       209          10
    13      20         39          9          119       201          10
    14      48         6          9          8       217          10
    15      29         31          9          49       247          10
    16      38         34          10          57       216          10
    17      15         10          9          66       236          10
    18      49         0          6          114       223          10
    19      2         22          10          105       209          10
    20      24         39          7          47       228          10
    21      46         15          9          38       207          10
    22      8         31          6          114       225          10
    23      24         21          8          60       242          10
    24      28         39          9          6       216          10
    25      47         10          9          67       223          10
