r116
VEHICLE
NUMBER     CAPACITY
  10         100

CUSTOMER
CUST NO.  XCOORD.   YCOORD.    DEMAND   READY TIME  DUE DATE   SERVICE   TIME

    0      25         25          0          0          250         0
    1      31         4          7          118       229          10
    2      20         20          6          94       221          10
    3      8         1          7          93       214          10
    4      34         0          5          37       205          10
    5      4         4          7          5       207          10
    6      50         47          7          21       223          10
    7      19         41          8          13       228          10
    8      41         19          5          85       214          10
    9      4         49          5          79       242          10
    10      17         33          7          112       236          10
    11      37         28          9          51       240          10
    12      11         34          8          45       215          10
    13      3         46          9          35       216          10
    14      25         30          6          44       233          10
    15      31         10          10          52       236          10
    16      1         2          8          56       219          10
    17      8         49          10          41       207          10
    18      29         38          10          74       241          10
    19      39         42          6          0       239          10
    20      47         21          6          35       239          10
    21      24         42          5          20       224          10
    22      29         14          5          8       241          10
    23      32         10          9          22       229          10
    24      25         3          8          0       228          10
    25      21         38          7          67       225          10
