r117
VEHICLE
NUMBER     CAPACITY
  10         100

CUSTOMER
CUST NO.  XCOORD.   YCOORD.    DEMAND   READY TIME  DUE DATE   SERVICE   TIME

    0      25         25          0          0          250         0
    1      17         45          5          71       247          10
    2      37         43          5          8       201          10
    3      20         17          7          116       203          10
    4      49         48          7          106       247          10
    5      25         38          10          50       238          10
    6      26         45          5          76       210          10
    7      28         15          9          2       221          10
    8      20         0          7          20       220          10
    9      50         11          6          40       232          10
    10      19         35          8          85       227          10
    11      0         6          10          102       201          10
    12      23         29          10          99       222          10
    13      3         49          6          70       222          10
    14      37         34          7          72       212          10
    15      21         49          6          28       245          10
    16      19         38          8          72       204          10
    17      45         34          10          76       227          10
    18      15         26          8          6       239          10
    19      32         49          9          19       219          10
    20      9         32          7          78       234          10
    21      11         21          5          69       212          10
    22      10         24          8          42       247          10
    23      26         47          10          117       231          10
    24      9         46          8          46       244          10
    25      7         27          8          38       249          10
