r119
VEHICLE
NUMBER     CAPACITY
  10         100

CUSTOMER
CUST NO.  XCOORD.   YCOORD.    DEMAND   READY TIME  DUE DATE   SERVICE   TIME

    0      25         25          0          0          250         0
    1      45         48          10          50       239          10
    2      41         47          10          46       233          10
    3      30         18          9          53       205          10
    4      43         44          9          11       227          10
    5      4         13          10          14       218          10
    6      23         49          5          95       239          10
    7      26         49          6          109       203          10
    8      42         22          9          20       221          10
    9      27         24          8          71       239          10
    10      22         4          7          74       224          10
    11      5         5          6          19       243          10
    12      6         4          7          104       249          10
    13      44         30          8          46       200          10
    14      20         47          5          53       248          10
    15      5         50          9          116       224          10
    16      38         29          10          2       200          10
    17      32         30          5          12       245          10
    18      6         3          8          45       220          10
    19      39         16          8          71       200          10
    20      48         33          7          56       238          10
    21      24         9          7          51       203          10
    22      48         20          7          18       201          10
    23      9         46          5          15       247          10
    24      36         7          8          31       214          10
    25      22         28          6          83       213          10
