r121
VEHICLE
NUMBER     CAPACITY
  10         100

CUSTOMER
CUST NO.  XCOORD.   YCOORD.    DEMAND   READY TIME  DUE DATE   SERVICE   TIME

    0      25         25          0          0          250         0
    1      43         21          10          98       227          10
    2      13         28          9          106       206          10
    3      0         30          9          113       205          10
    4      33         7          7          105       232          10
    5      1         1          7          98       209          10
    6      1         43          9          92       228          10
    7      50         12          5          58       232          10
    8      39         37          9          52       229          10
    9      47         28          9          97       242          10
    10      20         8          9          24       246          10
    11      15         25          10          76       247          10
    12      22         48          8          19       202          10
    13      30         10          7          46       238          10
    14      21         14          9          115       242          10
    15      29         36          5          13       249          10
    16      16         45          8          106       228          10
    17      13         16          5          26       221          10
    18      38         16          9          49       247          10
    19      30         3          9          14       229          10
    20      37         19          6          101       207          10
    21      42         24          7          46       217          10
    22      43         7          10          15       248          10
    23      14         10          6          99       215          10
    24      16         11          8          74       226          10
    25      44         46          9          56       248          10
