r125
VEHICLE
NUMBER     CAPACITY
  10         100

CUSTOMER
CUST NO.  XCOORD.   YCOORD.    DEMAND   READY TIME  DUE DATE   SERVICE   TIME

    0      25         25          0          0          250         0
    1      43         37          8          114       204          10
    2      31         38          6          101       249          10
    3      2         21          7          38       235          10
    4      44         19          5          60       243          10
    5      1         27          7          98       217          10
    6      36         22          7          38       246          10
    7      2         21          6          69       250          10
    8      26         3          9          34       247          10
    9      12         47          6          66       224          10
    10      17         36          7          28       238          10
    11      46         14          8          45       229          10
    12      24         1          6          116       216          10
    13      31         41          9          32       240          10
    14      15         11          8          68       247          10
    15      47         37          7          12       203          10
    16      43         12          8          22       243          10
    17      12         38          10          16       210          10
    18      15         47          8          106       224          10
    19      49         46          9          44       244          10
    20      27         8          6          102       248          10
    21      9         21          5          10       238          10
    22      21         46          8          113       200          10
    23      23         26          5          111       227          10
    24      14         40          6          111       222          10
    25      19         29          8          117       207          10
