r126
VEHICLE
NUMBER     CAPACITY
  10         100

CUSTOMER
CUST NO.  XCOORD.   YCOORD.    DEMAND   READY TIME  DUE DATE   SERVICE   TIME

    0      25         25          0          0          250         0
    1      14         3          9          19       200          10
    2      29         6          8          22       220          10
    3      36         8          6          16       245          10
    4      3         12          9          64       235          10
    5      5         32          8          77       214          10
    6      37         15          5          22       225          10
    7      39         36          7          17       244          10
    8      40         40          7          30       231          10
    9      2         15          7          20       237          10
    10      1         41          9          106       240          10
    11      19         33          5          95       209          10
    12      49         21          6          74       225          10
    13      33         4          8          75       228          10
    14      41         3          6          61       219          10
    15      20         45          9          105       200          10
    16      33         4          5          29       221          10
    17      16         35          10          3       216          10
    18      4         48          10          83       206          10
    19      30         17          5          95       217          10
    20      39         15          5          90       228          10
    21      31         31          7          22       219          10
    22      28         21          5          74       226          10
    23      26         3          10          95       209          10
    24      40         46          7          46       233          10
    25      25         36          6          87       250          10
