r128
VEHICLE
NUMBER     CAPACITY
  10         100

CUSTOMER
CUST NO.  XCOORD.   YCOORD.    DEMAND   READY TIME  DUE DATE   SERVICE   TIME

    0      25         25          0          0          250         0
    1      42         9          9          46       244          10
    2      26         50          6          99       230          10
    3      35         43          10          14       217          10
    4      1         8          6          94       231          10
    5      37         16          5          17       245          10
    6      19         11          5          1       233          10
    7      7         41          5          9       243          10
    8      49         50          10          48       201          10
    9      35         50          8          62       224          10
    10      28         34          7          74       233          10
    11      28         47          10          20       240          10
    12      5         4          9          86       218          10
    13      25         48          10          120       212          10
    14      26         6          6          0       225          10
    15      24         15          9          112       232          10
    16      49         48          9          68       246          10
    17      42         7          7          61       226          10
    18      46         13          8          80       245          10
    19      47         45          5          38       245          10
    20      42         14          10          118       221          10
    21      0         37          8          52       203          10
    22      16         32          9          47       237          10
    23      10         16          10          67       236          10
    24      26         6          9          46       211          10
    25      35         45          6          117       200          10
