r129
VEHICLE
NUMBER     CAPACITY
  10         100

CUSTOMER
CUST NO.  XCOORD.   YCOORD.    DEMAND   READY TIME  DUE DATE   SERVICE   TIME

    0      25         25          0          0          250         0
    1      12         30          5          64       217          10
    2      31         48          10          39       210          10
    3      14         13          5          76       229          10
    4      30         12          10          89       212          10
    5      0         24          6          22       201          10
    6      17         43          5          19       245          10
    7      4         5          8          100       222          10
    8      24         6          10          86       243          10
    9      42         5          7          68       242          10
    10      12         16          9          31       245          10
    11      41         49          5          106       225          10
    12      3         47          7          50       219          10
    13      24         1          8          12       209          10
    14      24         22          10          69       218          10
    15      49         33          8          12       220          10
    16      20         15          5          19       213          10
    17      3         24          10          42       213          10
    18      46         7          5          113       230          10
    19      50         40          5          13       210          10
    20      15         47          6          22       226          10
    21      39         22          9          28       232          10
    22      31         37          10          86       223          10
    23      3         20          9          37       204          10
    24      18         1          8          37       208          10
    25      46         40          5          60       212          10
