r132
VEHICLE
NUMBER     CAPACITY
  10         100

CUSTOMER
CUST NO.  XCOORD.   YCOORD.    DEMAND   READY TIME  DUE DATE   SERVICE   TIME

    0      25         25          0          0          250         0
    1      1         13          5          69       249          10
    2      23         28          8          20       243          10
    3      12         26          9          105       237          10
    4      14         34          9          72       248          10
    5      42         29          8          105       221          10
    6      42         25          10          34       210          10
    7      29         16          7          24       200          10
    8      16         20          10          42       230          10
    9      19         13          10          57       232          10
    10      16         31          9          62       213          10
    11      18         34          10          96       213          10
    12      27         15          10          108       235          10
    13      31         43          6          5       205          10
    14      34         39          8          29       220          10
    15      26         6          10          61       224          10
    16      25         50          10          94       206          10
    17      47         20          9          67       205          10
    18      20         39          6          21       232          10
    19      42         36          10          40       222          10
    20      41         26          8          60       248          10
    21      45         2          9          59       207          10
    22      25         36          5          39       218          10
    23      30         16          7          83       228          10
    24      46         35          10          66       209          10
    25      12         17          5          71       236          10
