r133
VEHICLE
NUMBER     CAPACITY
  10         100

CUSTOMER
CUST NO.  XCOORD.   YCOORD.    DEMAND   READY TIME  DUE DATE   SERVICE   TIME

    0      25         25          0          0          250         0
    1      11         11          10          31       222          10
    2      50         39          6          46       237          10
    3      34         46          10          1       220          10
    4      6         8          6          20       218          10
    5      47         20          9          104       243          10
    6      21         27          5          49       233          10
    7      45         44          6          21       240          10
    8      50         16          8          30       230          10
    9      29         40          10          4       234          10
    10      22         15          10          94       214          10
    11      49         32          9          92       210          10
    12      23         0          10          92       205          10
    13      0         32          5          33       237          10
    14      10         2          10          87       223          10
    15      6         7          8          1       218          10
    16      37         47          8          41       229          10
    17      0         38          7          3       235          10
    18      14         49          10          84       211          10
    19      4         48          8          91       241          10
    20      31         24          8          1       242          10
    21      20         3          6          37       213          10
    22      24         42          10          10       238          10
    23      44         0          8          15       205          10
    24      16         39          10          23       208          10
    25      37         27          10          22       234          10
