r134
VEHICLE
NUMBER     CAPACITY
  10         100

CUSTOMER
CUST NO.  XCOORD.   YCOORD.    DEMAND   READY TIME  DUE DATE   SERVICE   TIME

    0      25         25          0          0          250         0
    1      24         31          6          17       234          10
    2      16         9          7          14       222          10
    3      19         35          10          61       241          10
    4      26         5          5          59       248          10
    5      36         0          7          82       226          10
    6      23         35          7          22       230          10
    7      19         43          6          43       200          10
    8      29         41          6          93       202          10
    9      15         25          6          30       226          10
    10      18         48          9          31       216          10
    11      45         25          8          76       212          10
    12      40         22          8          40       250          10
    13      13         24          7          27       200          10
    14      26         26          6          32       249          10
    15      7         49          5          76       233          10
    16      36         41          10          97       204          10
    17      34         24          8          36       240          10
    18      45         17          7          105       248          10
    19      22         0          6          64       237          10
    20      15         14          5          30       243          10
    21      2         29          6          119       204          10
    22      21         46          9          19       219          10
    23      5         32          8          78       250          10
    24      15         50          10          85       219          10
    25      36         49          5          78       208          10
