r135
VEHICLE
NUMBER     CAPACITY
  10         100

CUSTOMER
CUST NO.  XCOORD.   YCOORD.    DEMAND   READY TIME  DUE DATE   SERVICE   TIME

    0      25         25          0          0          250         0
    1      28         16          9          25       228          10
    2      19         40          9          75       220          10
    3      0         46          7          22       248          10
    4      0         40          10          26       219          10
    5      48         45          7          105       203          10
    6      47         46          6          15       247          10
    7      48         47          7          106       218          10
    8      47         20          6          119       205          10
    9      48         36          7          29       220          10
    10      39         35          5          30       224          10
    11      2         31          10          53       202          10
    12      44         9          10          101       241          10
    13      0         27          10          1       223          10
    14      20         19          9          89       211          10
    15      10         32          6          15       223          10
    16      39         46          8          95       245          10
    17      8         24          5          69       222          10
    18      0         28          8          2       249          10
    19      38         0          9          58       223          10
    20      42         49          6          48       240          10
    21      50         6          5          2       215          10
    22      1         50          8          49       210          10
    23      46         25          9          98       230          10
    24      38         35          10          71       224          10
    25      12         50          10          57       212          10
