r136
VEHICLE
NUMBER     CAPACITY
  10         100

CUSTOMER
CUST NO.  XCOORD.   YCOORD.    DEMAND   READY TIME  DUE DATE   SERVICE   TIME

    0      25         25          0          0          250         0
    1      11         22          8          35       226          10
    2      13         46          9          54       238          10
    3      11         46          9          4       220          10
    4      30         24          8          32       222          10
    5      21         44          10          20       207          10
    6      45         20          8          91       224          10
    7      4         36          9          42       239          10
    8      40         1          10          57       200          10
    9      48         47          10          71       214          10
    10      17         35          7          4       247          10
    11      12         42          5          43       250          10
    12      41         28          5          54       250          10
    13      16         37          8          17       206          10
    14      4         17          9          92       212          10
    15      26         25          7          95       237          10
    16      22         25          8          75       218          10
    17      5         39          7          42       232          10
    18      27         43          5          27       223          10
    19      28         24          6          91       228          10
    20      40         18          9          8       227          10
    21      38         37          9          104       239          10
    22      50         31          7          87       246          10
    23      29         28          10          77       244          10
    24      19         0          10          101       200          10
    25      33         10          6          75       216          10
