r137
VEHICLE
NUMBER     CAPACITY
  10         100

CUSTOMER
CUST NO.  XCOORD.   YCOORD.    DEMAND   READY TIME  DUE DATE   SERVICE   TIME

    0      25         25          0          0          250         0
    1      41         1          6          6       234          10
    2      17         10          9          47       207          10
    3      35         25          5          101       238          10
    4      32         39          8          5       212          10
    5      12         39          7          119       232          10
    6      31         38          9          13       236          10
    7      36         25          5          101       214          10
    8      13         4          9          95       237          10
    9      22         21          7          71       221          10
    10      42         42          8          61       247          10
    11      23         40          6          9       247          10
    12      20         34          10          46       211          10
    13      40         26          6          34       238          10
    14      13         6          7          106       215          10
    15      41         24          9          47       214          10
    16      29         11          7          109       243          10
    17      43         33          7          103       246          10
    18      7         28          8          117       211          10
    19      19         7          10          33       213          10
    20      15         21          9          98       238          10
    21      6         20          6          100       208          10
    22      39         43          6          77       245          10
    23      11         46          10          18       201          10
    24      17         48          6          11       244          10
    25      1         27          8          93       236          10
