r141
VEHICLE
NUMBER     CAPACITY
  10         100

CUSTOMER
CUST NO.  XCOORD.   YCOORD.    DEMAND   READY TIME  DUE DATE   SERVICE   TIME

    0      25         25          0          0          250         0
    1      44         31          7          33       215          10
    2      25         44          10          110       246          10
    3      6         43          5          58       215          10
    4      18         16          7          80       240          10
    5      30         0          6          109       213          10
    6      22         26          7          43       221          10
    7      39         11          10          92       240          10
    8      13         26          6          54       248          10
    9      9         25          8          33       221          10
    10      20         16          7          70       246          10
    11      10         26          7          46       246          10
    12      7         46          5          6       201          10
    13      12         7          8          87       229          10
    14      15         20          5          73       243          10
    15      3         0          6          30       212          10
    16      25         6          6          12       223          10
    17      1         37          5          118       218          10
    18      27         35          10          118       246          10
    19      19         47          5          97       226          10
    20      9         19          6          70       224          10
    21      49         24          6          118       200          10
    22      17         3          5          74       233          10
    23      27         11          8          32       244          10
    24      15         42          7          26       212          10
    25      33         19          5          69       223          10
