r144
VEHICLE
NUMBER     CAPACITY
  10         100

CUSTOMER
CUST NO.  XCOORD.   YCOORD.    DEMAND   READY TIME  DUE DATE   SERVICE   TIME

    0      25         25          0          0          250         0
    1      22         14          7          29       225          10
    2      30         7          7          75       208          10
    3      13         47          6          110       204          10
    4      10         39          10          60       203          10
    5      48         22          10          48       210          10
    6      11         7          8          15       208          10
    7      23         2          8          28       246          10
    8      25         42          9          0       214          10
    9      44         28          5          46       246          10
    10      49         25          10          28       232          10
    11      29         48          6          83       207          10
    12      21         5          10          59       238          10
    13      37         47          10          57       241          10
    14      38         35          5          16       232          10
    15      50         11          5          46       226          10
    16      33         46          6          113       205          10
    17      25         28          10          120       223          10
    18      4         8          7          32       211          10
    19      45         29          6          90       227          10
    20      27         1          8          33       230          10
    21      24         6          8          86       215          10
    22      14         1          7          22       212          10
    23      25         7          7          39       229          10
    24      6         23          5          41       219          10
    25      5         31          10          8       215          10
