r145
VEHICLE
NUMBER     CAPACITY
  10         100

CUSTOMER
CUST NO.  XCOORD.   YCOORD.    DEMAND   READY TIME  DUE DATE   SERVICE   TIME

    0      25         25          0          0          250         0
    1      37         39          6          117       206          10
    2      9         38          7          53       201          10
    3      39         24          6          71       230          10
    4      12         8          9          113       218          10
    5      9         21          8          5       217          10
    6      35         6          8          92       222          10
    7      39         11          9          32       212          10
    8      49         3          8          41       228          10
    9      45         18          7          32       201          10
    10      29         19          10          42       232          10
    11      28         48          6          104       238          10
    12      20         42          8          4       217          10
    13      41         10          5          20       246          10
    14      28         2          6          63       236          10
    15      18         28          5          79       233          10
    16      34         34          6          113       229          10
    17      12         17          10          75       236          10
    18      46         15          6          71       211          10
    19      3         22          8          19       232          10
    20      33         5          10          49       218          10
    21      15         40          6          39       218          10
    22      36         21          10          7       217          10
    23      25         20          7          37       230          10
    24      24         38          10          48       233          10
    25      8         20          7          71       219          10
