r146
VEHICLE
NUMBER     CAPACITY
  10         100

CUSTOMER
CUST NO.  XCOORD.   YCOORD.    DEMAND   READY TIME  DUE DATE   SERVICE   TIME

    0      25         25          0          0          250         0
    1      25         30          8          69       240          10
    2      31         28          6          54       242          10
    3      23         43          8          111       225          10
    4      30         42          6          41       237          10
    5      1         43          5          112       203          10
    6      16         29          5          72       231          10
    7      8         17          10          38       218          10
    8      31         40          8          57       237          10
    9      45         41          5          23       211          10
    10      16         38          6          96       228          10
    11      21         17          6          39       239          10
    12      4         36          6          30       239          10
    13      35         31          9          86       223          10
    14      33         44          5          45       224          10
    15      15         35          7          8       203          10
    16      42         46          8          47       215          10
    17      38         50          5          58       235          10
    18      9         34          5          26       233          10
    19      21         31          9          101       232          10
    20      7         5          9          39       215          10
    21      34         10          8          15       202          10
    22      3         28          5          8       234          10
    23      7         49          8          68       220          10
    24      47         27          8          51       244          10
    25      21         1          10          65       232          10
