r148
VEHICLE
NUMBER     CAPACITY
  10         100

CUSTOMER
CUST NO.  XCOORD.   YCOORD.    DEMAND   READY TIME  DUE DATE   SERVICE   TIME

    0      25         25          0          0          250         0
    1      24         5          5          47       238          10
    2      28         10          6          116       238          10
    3      26         18          10          23       225          10
    4      50         30          5          22       239          10
    5      40         1          8          13       248          10
    6      15         46          6          20       213          10
    7      27         11          6          30       222          10
    8      7         2          10          8       225          10
    9      48         19          10          13       211          10
    10      8         48          8          0       203          10
    11      47         8          7          35       223          10
    12      45         44          10          49       243          10
    13      16         24          6          53       244          10
    14      9         24          8          0       225          10
    15      28         24          6          48       228          10
    16      37         49          5          61       224          10
    17      41         48          5          51       243          10
    18      36         21          9          38       212          10
    19      10         13          7          53       214          10
    20      39         12          6          75       225          10
    21      9         44          9          113       240          10
    22      15         4          6          77       227          10
    23      27         9          8          72       231          10
    24      3         29          6          13       202          10
    25      2         24          9          100       208          10
