r155
VEHICLE
NUMBER     CAPACITY
  10         100

CUSTOMER
CUST NO.  XCOORD.   YCOORD.    DEMAND   READY TIME  DUE DATE   SERVICE   TIME

    0      25         25          0          0          250         0
    1      36         30          6          10       213          10
    2      50         40          10          80       207          10
    3      44         46          10          106       223          10
    4      26         12          8          14       232          10
    5      46         45          10          49       209          10
    6      15         6          7          83       218          10
    7      44         7          7          28       222          10
    8      33         17          10          85       222          10
    9      0         14          7          38       245          10
    10      24         17          5          89       221          10
    11      48         6          10          34       233          10
    12      44         17          8          8       242          10
    13      49         35          6          111       211          10
    14      6         10          6          25       217          10
    15      41         40          9          65       242          10
    16      47         6          5          35       210          10
    17      38         9          6          19       246          10
    18      16         46          5          36       235          10
    19      47         6          7          89       241          10
    20      37         33          6          65       224          10
    21      31         19          9          62       242          10
    22      7         0          7          92       203          10
    23      27         14          10          61       231          10
    24      32         34          9          2       213          10
    25      39         25          10          69       219          10
