r156
VEHICLE
NUMBER     CAPACITY
  10         100

CUSTOMER
CUST NO.  XCOORD.   YCOORD.    DEMAND   READY TIME  DUE DATE   SERVICE   TIME

    0      25         25          0          0          250         0
    1      12         21          6          113       226          10
    2      24         25          10          103       225          10
    3      9         41          5          60       225          10
    4      47         5          9          76       217          10
    5      23         28          8          38       215          10
    6      35         8          7          104       215          10
    7      25         21          7          15       246          10
    8      10         9          8          59       249          10
    9      4         11          8          11       245          10
    10      26         38          6          7       228          10
    11      14         30          5          57       239          10
    12      21         50          9          48       226          10
    13      48         25          9          9       204          10
    14      43         5          7          41       226          10
    15      3         10          5          69       218          10
    16      21         16          6          30       240          10
    17      13         13          8          18       226          10
    18      17         14          5          84       200          10
    19      37         17          6          11       225          10
    20      47         42          6          30       243          10
    21      0         5          10          53       228          10
    22      10         18          8          11       205          10
    23      37         19          6          45       234          10
    24      36         50          5          26       241          10
    25      12         19          7          97       245          10
