r159
VEHICLE
NUMBER     CAPACITY
  10         100

CUSTOMER
CUST NO.  XCOORD.   YCOORD.    DEMAND   READY TIME  DUE DATE   SERVICE   TIME

    0      25         25          0          0          250         0
    1      30         17          8          88       237          10
    2      48         28          5          71       212          10
    3      1         17          5          36       209          10
    4      30         3          7          36       241          10
    5      24         11          10          37       237          10
    6      6         30          10          62       237          10
    7      22         6          8          30       225          10
    8      29         8          7          116       239          10
    9      40         6          9          96       232          10
    10      20         18          6          33       230          10
    11      23         28          7          118       224          10
    12      2         17          8          116       216          10
    13      4         38          9          43       210          10
    14      23         26          8          106       244          10
    15      43         23          6          8       248          10
    16      28         17          8          62       222          10
    17      23         42          6          53       209          10
    18      27         15          10          50       246          10
    19      32         11          6          37       234          10
    20      12         23          6          13       205          10
    21      33         49          8          96       221          10
    22      47         39          8          75       206          10
    23      46         35          10          41       235          10
    24      12         42          5          29       212          10
    25      21         41          5          43       226          10
