r163
VEHICLE
NUMBER     CAPACITY
  10         100

CUSTOMER
CUST NO.  XCOORD.   YCOORD.    DEMAND   READY TIME  DUE DATE   SERVICE   TIME

    0      25         25          0          0          250         0
    1      37         44          8          107       228          10
    2      43         30          8          119       211          10
    3      38         14          8          63       214          10
    4      37         26          6          113       241          10
    5      22         40          6          102       211          10
    6      2         38          6          74       211          10
    7      18         37          6          108       201          10
    8      7         32          9          100       212          10
    9      50         13          6          119       205          10
    10      24         26          5          46       242          10
    11      30         10          9          108       200          10
    12      33         47          5          10       249          10
    13      17         40          7          33       215          10
    14      46         31          8          73       229          10
    15      12         3          7          32       232          10
    16      10         39          10          65       244          10
    17      45         25          9          87       220          10
    18      6         34          9          15       226          10
    19      15         44          6          48       248          10
    20      6         29          6          13       239          10
    21      5         49          9          63       215          10
    22      26         28          10          90       207          10
    23      19         9          8          81       219          10
    24      7         21          10          73       226          10
    25      24         23          5          62       211          10
