r166
VEHICLE
NUMBER     CAPACITY
  10         100

CUSTOMER
CUST NO.  XCOORD.   YCOORD.    DEMAND   READY TIME  DUE DATE   SERVICE   TIME

    0      25         25          0          0          250         0
    1      41         40          7          71       207          10
    2      36         10          10          114       245          10
    3      10         33          6          61       215          10
    4      25         27          10          65       211          10
    5      40         13          5          108       221          10
    6      25         32          6          69       232          10
    7      11         47          5          95       208          10
    8      45         1          9          5       250          10
    9      4         36          9          17       215          10
    10      48         49          10          36       222          10
    11      18         4          5          114       220          10
    12      44         2          7          1       237          10
    13      22         22          7          117       203          10
    14      7         45          9          104       211          10
    15      21         15          5          58       221          10
    16      27         38          8          111       230          10
    17      35         37          6          49       247          10
    18      7         3          9          69       200          10
    19      18         50          6          24       230          10
    20      9         1          10          3       210          10
    21      6         31          9          75       230          10
    22      35         25          6          27       243          10
    23      7         47          5          36       212          10
    24      28         41          7          82       206          10
    25      0         4          6          42       215          10
