r168
VEHICLE
NUMBER     CAPACITY
  10         100

CUSTOMER
CUST NO.  XCOORD.   YCOORD.    DEMAND   READY TIME  DUE DATE   SERVICE   TIME

    0      25         25          0          0          250         0
    1      39         43          9          60       220          10
    2      21         42          8          89       250          10
    3      30         31          5          114       227          10
    4      20         9          9          51       223          10
    5      41         39          9          111       211          10
    6      11         27          9          113       242          10
    7      19         28          7          83       222          10
    8      5         1          8          14       210          10
    9      17         24          10          81       226          10
    10      40         39          7          21       204          10
    11      6         46          8          108       204          10
    12      15         8          8          87       205          10
    13      50         1          5          58       235          10
    14      4         7          8          89       217          10
    15      48         36          8          103       212          10
    16      44         22          9          69       212          10
    17      20         10          10          71       200          10
    18      43         22          8          16       215          10
    19      26         10          9          92       233          10
    20      28         10          8          89       225          10
    21      30         4          8          29       243          10
    22      3         20          8          58       232          10
    23      39         29          6          99       204          10
    24      31         28          8          0       203          10
    25      32         23          5          43       247          10
