r169
VEHICLE
NUMBER     CAPACITY
  10         100

CUSTOMER
CUST NO.  XCOORD.   YCOORD.    DEMAND   READY TIME  DUE DATE   SERVICE   TIME

    0      25         25          0          0          250         0
    1      21         35          8          1       237          10
    2      40         36          8          66       227          10
    3      18         16          6          72       231          10
    4      24         12          7          84       220          10
    5      36         11          7          73       236          10
    6      22         31          8          14       247          10
    7      16         15          6          67       236          10
    8      23         50          6          77       243          10
    9      29         46          7          65       211          10
    10      26         32          10          7       205          10
    11      6         0          6          5       206          10
    12      9         36          7          90       246          10
    13      39         49          8          56       212          10
    14      31         25          5          107       229          10
    15      40         14          5          104       247          10
    16      37         46          8          30       213          10
    17      9         28          10          24       229          10
    18      44         46          8          119       241          10
    19      15         14          7          71       221          10
    20      35         9          6          90       237          10
    21      34         7          8          0       225          10
    22      18         4          7          27       249          10
    23      25         20          9          114       200          10
    24      14         34          6          115       226          10
    25      3         16          7          93       222          10
