r170
VEHICLE
NUMBER     CAPACITY
  10         100

CUSTOMER
CUST NO.  XCOORD.   YCOORD.    DEMAND   READY TIME  DUE DATE   SERVICE   TIME

    0      25         25          0          0          250         0
    1      28         36          10          43       210          10
    2      1         45          6          43       217          10
    3      34         9          9          51       204          10
    4      0         41          8          34       205          10
    5      28         23          5          103       228          10
    6      38         28          10          67       221          10
    7      10         19          6          25       210          10
    8      37         21          5          21       230          10
    9      28         19          9          3       234          10
    10      45         18          10          103       207          10
    11      31         15          9          119       224          10
    12      10         26          6          61       238          10
    13      39         2          5          100       231          10
    14      39         9          6          12       231          10
    15      39         38          10          59       225          10
    16      32         20          5          116       248          10
    17      35         30          6          108       236          10
    18      17         1          8          114       224          10
    19      13         16          9          37       236          10
    20      20         43          8          41       211          10
    21      13         19          8          39       241          10
    22      27         28          10          14       205          10
    23      7         41          10          46       239          10
    24      18         37          7          73       203          10
    25      35         19          9          83       250          10
