r172
VEHICLE
NUMBER     CAPACITY
  10         100

CUSTOMER
CUST NO.  XCOORD.   YCOORD.    DEMAND   READY TIME  DUE DATE   SERVICE   TIME

    0      25         25          0          0          250         0
    1      25         6          10          98       238          10
    2      48         12          7          51       242          10
    3      4         1          9          4       248          10
    4      16         16          5          73       229          10
    5      20         48          8          109       250          10
    6      44         0          9          37       206          10
    7      24         44          5          30       211          10
    8      6         41          9          100       227          10
    9      50         24          6          2       228          10
    10      13         31          5          90       249          10
    11      16         36          10          114       226          10
    12      5         9          6          96       227          10
    13      15         13          9          117       235          10
    14      20         27          7          93       247          10
    15      30         35          9          50       241          10
    16      38         36          10          64       227          10
    17      3         26          8          14       223          10
    18      7         33          6          64       242          10
    19      7         1          10          45       224          10
    20      50         26          8          12       235          10
    21      10         47          6          18       229          10
    22      42         1          8          2       219          10
    23      9         0          5          41       206          10
    24      29         17          10          7       236          10
    25      45         22          8          41       208          10
