r173
VEHICLE
NUMBER     CAPACITY
  10         100

CUSTOMER
CUST NO.  XCOORD.   YCOORD.    DEMAND   READY TIME  DUE DATE   SERVICE   TIME

    0      25         25          0          0          250         0
    1      13         15          9          119       225          10
    2      32         30          8          32       240          10
    3      2         38          10          101       215          10
    4      18         5          8          90       242          10
    5      23         2          7          58       210          10
    6      36         33          8          34       235          10
    7      46         24          10          99       208          10
    8      41         25          10          49       240          10
    9      39         19          5          90       221          10
    10      23         26          10          75       234          10
    11      26         9          8          37       213          10
    12      20         45          9          20       249          10
    13      36         0          7          23       220          10
    14      22         15          5          62       242          10
    15      37         10          5          53       239          10
    16      26         15          7          36       232          10
    17      28         19          10          116       237          10
    18      35         13          10          24       237          10
    19      13         33          6          83       241          10
    20      10         18          9          36       236          10
    21      32         32          7          17       232          10
    22      7         13          7          50       239          10
    23      40         7          7          59       238          10
    24      48         22          10          50       229          10
    25      22         4          9          82       247          10
