r174
VEHICLE
NUMBER     CAPACITY
  10         100

CUSTOMER
CUST NO.  XCOORD.   YCOORD.    DEMAND   READY TIME  DUE DATE   SERVICE   TIME

    0      25         25          0          0          250         0
    1      32         5          5          107       249          10
    2      38         28          8          87       210          10
    3      48         11          7          97       249          10
    4      5         43          5          2       219          10
    5      49         1          5          91       204          10
    6      15         17          8          49       204          10
    7      23         16          10          85       216          10
    8      9         9          9          120       220          10
    9      9         20          10          112       215          10
    10      13         41          7          8       212          10
    11      39         41          9          74       200          10
    12      0         26          5          76       231          10
    13      8         24          10          5       241          10
    14      40         4          10          95       222          10
    15      7         9          7          49       240          10
    16      16         28          9          88       231          10
    17      43         42          6          16       201          10
    18      0         20          8          92       233          10
    19      40         13          8          22       236          10
    20      38         41          6          11       235          10
    21      21         32          6          104       233          10
    22      44         18          7          14       245          10
    23      19         4          9          4       204          10
    24      21         0          5          87       218          10
    25      3         37          10          4       204          10
