r176
VEHICLE
NUMBER     CAPACITY
  10         100

CUSTOMER
CUST NO.  XCOORD.   YCOORD.    DEMAND   READY TIME  DUE DATE   SERVICE   TIME

    0      25         25          0          0          250         0
    1      23         22          6          45       203          10
    2      21         40          9          8       241          10
    3      25         27          8          69       249          10
    4      24         50          9          52       249          10
    5      3         22          8          107       238          10
    6      27         45          8          76       208          10
    7      32         42          6          43       221          10
    8      25         37          9          15       202          10
    9      19         17          10          31       246          10
    10      30         31          8          34       210          10
    11      30         22          10          74       248          10
    12      36         36          7          78       222          10
    13      12         39          6          94       220          10
    14      14         44          10          57       201          10
    15      13         41          7          115       205          10
    16      24         7          5          96       201          10
    17      17         47          9          59       215          10
    18      8         33          6          38       201          10
    19      49         30          6          85       203          10
    20      46         45          7          8       232          10
    21      25         39          8          40       244          10
    22      33         25          6          25       204          10
    23      42         1          9          17       204          10
    24      34         0          7          39       207          10
    25      42         48          5          94       206          10
