r185
VEHICLE
NUMBER     CAPACITY
  10         100

CUSTOMER
CUST NO.  XCOORD.   YCOORD.    DEMAND   READY TIME  DUE DATE   SERVICE   TIME

    0      25         25          0          0          250         0
    1      23         36          7          2       231          10
    2      45         30          7          2       201          10
    3      8         42          8          77       228          10
    4      32         23          9          56       225          10
    5      18         27          5          57       233          10
    6      44         5          9          119       219          10
    7      42         29          5          26       224          10
    8      15         35          5          96       226          10
    9      31         23          7          38       223          10
    10      7         7          8          7       233          10
    11      10         42          10          40       207          10
    12      0         17          9          47       240          10
    13      7         37          7          70       221          10
    14      36         26          5          101       237          10
    15      0         31          8          90       205          10
    16      0         34          8          35       227          10
    17      34         14          10          57       229          10
    18      21         48          7          88       230          10
    19      14         18          5          62       201          10
    20      47         41          6          99       245          10
    21      41         25          9          68       200          10
    22      21         22          9          73       221          10
    23      14         3          6          53       225          10
    24      37         20          9          113       208          10
    25      5         49          6          79       242          10
