r186
VEHICLE
NUMBER     CAPACITY
  10         100

CUSTOMER
CUST NO.  XCOORD.   YCOORD.    DEMAND   READY TIME  DUE DATE   SERVICE   TIME

    0      25         25          0          0          250         0
    1      38         37          7          99       206          10
    2      13         31          5          66       243          10
    3      29         23          6          37       200          10
    4      45         35          6          65       212          10
    5      23         23          9          80       213          10
    6      34         26          8          97       211          10
    7      25         6          9          62       215          10
    8      37         16          10          59       226          10
    9      26         27          7          13       243          10
    10      32         46          7          65       233          10
    11      44         34          8          39       205          10
    12      11         45          6          89       210          10
    13      2         9          9          67       239          10
    14      27         37          8          66       213          10
    15      44         13          5          84       233          10
    16      26         4          6          69       236          10
    17      41         4          5          22       230          10
    18      3         6          5          74       209          10
    19      31         35          5          16       228          10
    20      40         2          7          44       214          10
    21      12         27          7          116       218          10
    22      12         0          7          61       230          10
    23      39         14          9          87       221          10
    24      17         49          8          94       224          10
    25      16         7          9          33       221          10
