r188
VEHICLE
NUMBER     CAPACITY
  10         100

CUSTOMER
CUST NO.  XCOORD.   YCOORD.    DEMAND   READY TIME  DUE DATE   SERVICE   TIME

    0      25         25          0          0          250         0
    1      28         18          8          56       208          10
    2      50         49          9          116       228          10
    3      7         26          10          77       236          10
    4      47         16          9          78       237          10
    5      47         41          5          21       231          10
    6      35         18          8          84       229          10
    7      47         34          8          79       221          10
    8      27         28          10          23       207          10
    9      13         6          8          21       239          10
    10      34         39          8          115       247          10
    11      36         36          6          71       245          10
    12      8         27          8          81       240          10
    13      10         2          9          60       239          10
    14      50         39          7          80       220          10
    15      20         24          10          73       229          10
    16      47         13          10          65       220          10
    17      2         33          9          83       233          10
    18      29         18          5          38       209          10
    19      11         42          8          102       205          10
    20      35         23          7          42       220          10
    21      41         27          10          119       229          10
    22      30         14          9          21       205          10
    23      41         48          9          19       223          10
    24      5         1          10          31       212          10
    25      16         3          7          28       245          10
