r191
VEHICLE
NUMBER     CAPACITY
  10         100

CUSTOMER
CUST NO.  XCOORD.   YCOORD.    DEMAND   READY TIME  DUE DATE   SERVICE   TIME

    0      25         25          0          0          250         0
    1      18         35          6          19       206          10
    2      3         19          6          72       204          10
    3      34         3          10          56       230          10
    4      39         45          5          107       207          10
    5      49         9          8          19       226          10
    6      16         8          6          25       236          10
    7      15         6          6          106       211          10
    8      18         10          6          50       232          10
    9      47         41          8          25       218          10
    10      33         2          9          50       212          10
    11      20         0          10          49       208          10
    12      45         39          8          0       220          10
    13      43         0          6          36       216          10
    14      27         0          6          115       249          10
    15      40         40          9          23       224          10
    16      40         17          9          9       222          10
    17      29         12          6          49       234          10
    18      1         41          7          80       245          10
    19      10         14          5          101       250          10
    20      11         50          10          20       245          10
    21      18         46          10          33       214          10
    22      1         23          9          17       250          10
    23      32         36          10          88       220          10
    24      28         36          9          67       232          10
    25      23         2          9          93       219          10
