r192
VEHICLE
NUMBER     CAPACITY
  10         100

CUSTOMER
CUST NO.  XCOORD.   YCOORD.    DEMAND   READY TIME  DUE DATE   SERVICE   TIME

    0      25         25          0          0          250         0
    1      37         37          10          28       214          10
    2      15         19          6          19       231          10
    3      44         40          6          39       215          10
    4      13         6          6          43       238          10
    5      32         1          10          2       209          10
    6      42         44          9          10       241          10
    7      15         4          7          21       223          10
    8      35         19          10          78       204          10
    9      22         6          10          66       212          10
    10      28         2          8          105       207          10
    11      14         25          8          12       208          10
    12      8         31          8          52       223          10
    13      49         19          7          37       240          10
    14      24         19          8          34       208          10
    15      22         38          9          38       212          10
    16      48         47          7          44       239          10
    17      31         11          5          74       236          10
    18      44         6          6          45       209          10
    19      43         36          6          119       233          10
    20      24         7          5          63       219          10
    21      50         8          6          60       244          10
    22      14         22          9          112       215          10
    23      47         0          7          120       205          10
    24      5         33          6          64       237          10
    25      41         12          8          77       237          10
