r193
VEHICLE
NUMBER     CAPACITY
  10         100

CUSTOMER
CUST NO.  XCOORD.   YCOORD.    DEMAND   READY TIME  DUE DATE   SERVICE   TIME

    0      25         25          0          0          250         0
    1      21         45          10          81       245          10
    2      22         3          5          50       244          10
    3      11         37          10          12       243          10
    4      17         25          7          38       216          10
    5      40         8          7          4       205          10
    6      8         36          7          51       249          10
    7      2         48          7          109       221          10
    8      45         14          9          84       232          10
    9      24         18          10          8       212          10
    10      7         48          5          25       210          10
    11      44         11          6          88       225          10
    12      21         18          8          48       218          10
    13      45         31          7          73       202          10
    14      7         39          5          81       224          10
    15      8         4          8          15       207          10
    16      46         43          7          88       230          10
    17      42         9          8          74       242          10
    18      11         14          7          38       231          10
    19      16         35          6          53       217          10
    20      11         8          9          33       239          10
    21      28         4          6          35       248          10
    22      38         39          7          84       246          10
    23      43         8          7          110       242          10
    24      27         6          6          41       248          10
    25      37         5          5          59       211          10
