r198
VEHICLE
NUMBER     CAPACITY
  10         100

CUSTOMER
CUST NO.  XCOORD.   YCOORD.    DEMAND   READY TIME  DUE DATE   SERVICE   TIME

    0      25         25          0          0          250         0
    1      48         12          6          51       241          10
    2      6         22          8          83       233          10
    3      22         48          7          41       230          10
    4      10         8          10          71       246          10
    5      20         18          6          109       230          10
    6      31         37          9          27       206          10
    7      32         26          6          114       215          10
    8      20         15          9          29       237          10
    9      37         26          9          31       211          10
    10      3         6          10          104       208          10
    11      7         50          5          67       201          10
    12      47         39          10          97       205          10
    13      41         42          7          94       230          10
    14      18         19          6          11       216          10
    15      19         1          7          68       215          10
    16      0         10          5          58       236          10
    17      32         43          9          110       214          10
    18      9         1          7          98       217          10
    19      33         26          9          92       221          10
    20      15         23          6          88       230          10
    21      24         36          6          15       230          10
    22      35         29          6          108       208          10
    23      10         47          10          95       246          10
    24      9         38          10          72       201          10
    25      21         44          8          106       236          10
