r200
VEHICLE
NUMBER     CAPACITY
  10         100

CUSTOMER
CUST NO.  XCOORD.   YCOORD.    DEMAND   READY TIME  DUE DATE   SERVICE   TIME

    0      25         25          0          0          250         0
    1      49         10          8          111       230          10
    2      47         4          9          118       202          10
    3      4         23          10          14       219          10
    4      11         25          7          50       204          10
    5      34         34          7          114       224          10
    6      24         32          10          57       231          10
    7      19         38          7          18       202          10
    8      15         17          8          30       221          10
    9      4         22          9          32       207          10
    10      18         16          9          25       228          10
    11      10         6          8          107       228          10
    12      7         17          5          15       239          10
    13      23         38          9          69       242          10
    14      0         30          7          35       247          10
    15      3         17          8          55       247          10
    16      46         39          5          80       226          10
    17      11         48          9          118       232          10
    18      27         7          7          85       231          10
    19      4         11          8          3       213          10
    20      14         45          6          14       240          10
    21      27         38          8          57       206          10
    22      2         42          9          104       242          10
    23      29         47          5          85       245          10
    24      19         41          10          46       250          10
    25      11         43          5          105       201          10
