r201
VEHICLE
NUMBER     CAPACITY
  10         100

CUSTOMER
CUST NO.  XCOORD.   YCOORD.    DEMAND   READY TIME  DUE DATE   SERVICE   TIME

    0      25         25          0          0          250         0
    1      31         10          5          5       241          10
    2      40         45          7          110       202          10
    3      12         44          8          65       230          10
    4      8         45          9          9       223          10
    5      43         8          7          52       213          10
    6      6         18          10          15       224          10
    7      12         6          5          119       215          10
    8      48         14          8          42       232          10
    9      46         18          9          100       245          10
    10      34         41          10          101       229          10
    11      22         26          8          29       225          10
    12      44         42          7          37       222          10
    13      42         26          6          11       203          10
    14      43         31          10          117       219          10
    15      32         49          7          82       200          10
    16      2         4          10          96       236          10
    17      50         25          9          31       242          10
    18      33         8          5          116       201          10
    19      40         22          8          72       246          10
    20      17         2          5          111       210          10
    21      4         33          10          1       212          10
    22      14         29          5          72       235          10
    23      48         24          6          52       212          10
    24      13         44          5          105       200          10
    25      39         43          10          71       247          10
