r203
VEHICLE
NUMBER     CAPACITY
  10         100

CUSTOMER
CUST NO.  XCOORD.   YCOORD.    DEMAND   READY TIME  DUE DATE   SERVICE   TIME

    0      25         25          0          0          250         0
    1      11         5          8          73       215          10
    2      25         5          6          0       216          10
    3      32         22          10          58       246          10
    4      18         11          7          76       231          10
    5      38         26          9          59       200          10
    6      41         18          9          75       227          10
    7      18         40          10          71       209          10
    8      42         37          6          47       240          10
    9      15         38          8          120       237          10
    10      3         6          8          22       249          10
    11      39         49          9          114       207          10
    12      39         38          8          32       205          10
    13      12         13          5          85       208          10
    14      44         7          7          93       245          10
    15      20         32          8          8       249          10
    16      48         0          5          53       214          10
    17      3         47          8          105       244          10
    18      38         45          10          8       216          10
    19      24         10          5          75       205          10
    20      7         44          7          114       230          10
    21      14         9          7          31       218          10
    22      10         23          10          110       244          10
    23      19         47          6          7       237          10
    24      2         2          10          115       248          10
    25      2         25          9          97       239          10
