r205
VEHICLE
NUMBER     CAPACITY
  10         100

CUSTOMER
CUST NO.  XCOORD.   YCOORD.    DEMAND   READY TIME  DUE DATE   SERVICE   TIME

    0      25         25          0          0          250         0
    1      25         45          8          33       207          10
    2      16         16          7          44       208          10
    3      16         40          5          103       220          10
    4      36         28          6          105       231          10
    5      17         39          7          80       221          10
    6      24         26          10          91       242          10
    7      24         20          10          14       248          10
    8      11         50          10          85       221          10
    9      18         17          7          40       237          10
    10      3         8          6          56       205          10
    11      49         31          5          60       200          10
    12      44         21          8          58       216          10
    13      21         10          7          105       202          10
    14      10         30          8          39       209          10
    15      42         43          7          114       241          10
    16      31         27          7          78       210          10
    17      40         37          6          79       220          10
    18      10         37          10          68       249          10
    19      28         46          5          55       236          10
    20      24         42          10          39       224          10
    21      34         38          6          42       220          10
    22      18         3          8          7       205          10
    23      22         16          6          55       202          10
    24      15         0          9          1       222          10
    25      21         43          8          98       217          10
