r206
VEHICLE
NUMBER     CAPACITY
  10         100

CUSTOMER
CUST NO.  XCOORD.   YCOORD.    DEMAND   READY TIME  DUE DATE   SERVICE   TIME

    0      25         25          0          0          250         0
    1      33         37          7          42       207          10
    2      19         32          7          61       236          10
    3      12         25          9          87       245          10
    4      41         24          9          41       241          10
    5      17         46          9          71       201          10
    6      5         14          9          94       209          10
    7      10         29          10          39       211          10
    8      24         36          10          11       246          10
    9      40         19          7          38       215          10
    10      34         28          7          54       219          10
    11      34         44          7          46       209          10
    12      29         29          8          12       237          10
    13      40         9          7          19       223          10
    14      22         0          10          51       203          10
    15      37         21          6          15       250          10
    16      19         45          6          117       242          10
    17      26         21          7          19       231          10
    18      41         29          7          29       234          10
    19      22         33          8          30       229          10
    20      34         21          8          109       219          10
    21      4         26          10          13       223          10
    22      47         5          7          6       243          10
    23      25         8          10          92       225          10
    24      48         44          6          82       234          10
    25      41         18          5          52       235          10
