r210
VEHICLE
NUMBER     CAPACITY
  10         100

CUSTOMER
CUST NO.  XCOORD.   YCOORD.    DEMAND   READY TIME  DUE DATE   SERVICE   TIME

    0      25         25          0          0          250         0
    1      11         4          6          92       249          10
    2      49         11          7          89       250          10
    3      7         48          10          115       248          10
    4      36         40          8          107       249          10
    5      13         28          10          116       210          10
    6      6         0          7          5       234          10
    7      35         29          10          95       232          10
    8      38         29          8          74       225          10
    9      11         38          6          110       223          10
    10      0         5          10          56       236          10
    11      41         42          7          2       231          10
    12      14         0          10          42       204          10
    13      33         14          7          102       211          10
    14      29         43          6          78       240          10
    15      23         43          5          29       215          10
    16      1         9          9          58       242          10
    17      37         33          10          107       218          10
    18      24         2          6          5       215          10
    19      38         18          6          54       212          10
    20      32         18          8          44       239          10
    21      35         16          10          14       229          10
    22      7         36          6          67       231          10
    23      29         3          10          65       212          10
    24      42         13          5          8       221          10
    25      32         20          5          56       237          10
