r212
VEHICLE
NUMBER     CAPACITY
  10         100

CUSTOMER
CUST NO.  XCOORD.   YCOORD.    DEMAND   READY TIME  DUE DATE   SERVICE   TIME

    0      25         25          0          0          250         0
    1      34         9          9          96       239          10
    2      36         18          7          66       233          10
    3      23         25          6          87       239          10
    4      24         46          9          33       206          10
    5      17         13          5          6       204          10
    6      6         2          5          80       219          10
    7      7         36          10          106       218          10
    8      1         0          7          43       211          10
    9      37         30          10          44       207          10
    10      8         1          8          90       239          10
    11      48         23          6          87       240          10
    12      36         42          5          19       242          10
    13      3         39          10          7       228          10
    14      50         49          5          96       235          10
    15      42         49          5          25       232          10
    16      40         0          8          21       214          10
    17      36         23          5          89       201          10
    18      8         17          10          26       216          10
    19      23         0          5          111       219          10
    20      14         30          7          50       239          10
    21      45         1          7          17       209          10
    22      24         13          6          44       232          10
    23      17         23          6          87       238          10
    24      42         24          6          75       220          10
    25      19         2          10          9       220          10
