r213
VEHICLE
NUMBER     CAPACITY
  10         100

CUSTOMER
CUST NO.  XCOORD.   YCOORD.    DEMAND   READY TIME  DUE DATE   SERVICE   TIME

    0      25         25          0          0          250         0
    1      35         44          6          17       230          10
    2      11         15          10          20       216          10
    3      33         46          5          110       213          10
    4      33         16          10          5       210          10
    5      0         29          8          110       205          10
    6      21         5          10          75       204          10
    7      25         30          10          75       205          10
    8      47         40          6          77       238          10
    9      36         30          7          109       230          10
    10      31         2          8          55       224          10
    11      36         11          10          118       242          10
    12      26         44          6          76       235          10
    13      40         27          10          57       240          10
    14      48         30          10          2       216          10
    15      10         23          5          17       229          10
    16      33         28          6          2       230          10
    17      11         9          9          21       204          10
    18      30         26          5          79       228          10
    19      15         8          7          41       210          10
    20      40         26          8          47       227          10
    21      45         1          5          61       201          10
    22      50         10          10          31       224          10
    23      32         20          6          3       204          10
    24      38         42          10          54       204          10
    25      19         40          9          24       228          10
