r215
VEHICLE
NUMBER     CAPACITY
  10         100

CUSTOMER
CUST NO.  XCOORD.   YCOORD.    DEMAND   READY TIME  DUE DATE   SERVICE   TIME

    0      25         25          0          0          250         0
    1      6         45          10          65       239          10
    2      4         41          10          72       247          10
    3      10         23          8          110       229          10
    4      26         33          6          27       223          10
    5      40         17          6          61       219          10
    6      35         48          5          50       209          10
    7      0         41          9          56       221          10
    8      22         34          8          16       217          10
    9      36         32          8          21       224          10
    10      38         48          5          22       247          10
    11      31         33          9          50       201          10
    12      0         42          9          47       202          10
    13      0         11          9          106       227          10
    14      38         46          10          72       218          10
    15      29         8          7          97       224          10
    16      21         48          10          103       231          10
    17      19         11          5          71       249          10
    18      31         34          6          67       214          10
    19      44         22          8          107       241          10
    20      2         12          10          87       224          10
    21      2         2          5          107       217          10
    22      22         17          7          101       247          10
    23      24         49          7          10       210          10
    24      26         12          10          8       234          10
    25      5         34          6          88       235          10
