r218
VEHICLE
NUMBER     CAPACITY
  10         100

CUSTOMER
CUST NO.  XCOORD.   YCOORD.    DEMAND   READY TIME  DUE DATE   SERVICE   TIME

    0      25         25          0          0          250         0
    1      45         46          6          69       212          10
    2      33         15          5          13       225          10
    3      4         28          8          76       220          10
    4      11         29          7          68       208          10
    5      33         13          10          100       244          10
    6      27         5          7          83       207          10
    7      12         21          10          12       204          10
    8      3         4          6          96       232          10
    9      27         12          6          99       209          10
    10      12         21          6          76       213          10
    11      31         25          6          113       220          10
    12      28         36          6          6       215          10
    13      12         24          7          49       229          10
    14      11         24          9          59       238          10
    15      47         34          8          94       216          10
    16      44         21          10          86       221          10
    17      26         41          8          88       206          10
    18      20         34          7          68       214          10
    19      0         13          6          109       200          10
    20      50         39          7          48       210          10
    21      9         1          5          77       210          10
    22      43         44          5          75       248          10
    23      17         47          7          41       246          10
    24      49         34          8          54       211          10
    25      30         22          5          40       218          10
