r226
VEHICLE
NUMBER     CAPACITY
  10         100

CUSTOMER
CUST NO.  XCOORD.   YCOORD.    DEMAND   READY TIME  DUE DATE   SERVICE   TIME

    0      25         25          0          0          250         0
    1      40         27          9          74       208          10
    2      14         22          6          35       208          10
    3      19         15          5          9       216          10
    4      38         4          10          67       234          10
    5      6         38          10          71       241          10
    6      32         18          7          22       226          10
    7      25         8          7          102       202          10
    8      2         41          6          10       217          10
    9      14         24          6          15       232          10
    10      31         5          7          47       246          10
    11      48         23          10          18       233          10
    12      5         37          7          79       206          10
    13      29         11          5          62       231          10
    14      17         16          5          117       220          10
    15      31         6          5          25       222          10
    16      8         31          9          110       242          10
    17      10         41          9          22       226          10
    18      4         35          8          18       208          10
    19      34         26          5          83       240          10
    20      46         43          6          43       222          10
    21      25         34          8          67       209          10
    22      26         48          5          90       250          10
    23      23         7          7          92       244          10
    24      11         30          9          30       223          10
    25      47         4          6          86       225          10
