r228
VEHICLE
NUMBER     CAPACITY
  10         100

CUSTOMER
CUST NO.  XCOORD.   YCOORD.    DEMAND   READY TIME  DUE DATE   SERVICE   TIME

    0      25         25          0          0          250         0
    1      34         25          8          30       220          10
    2      47         37          8          16       209          10
    3      8         23          8          62       208          10
    4      34         22          7          33       213          10
    5      5         32          8          101       202          10
    6      0         22          10          53       212          10
    7      8         32          9          90       244          10
    8      13         7          7          69       202          10
    9      46         13          8          61       249          10
    10      2         29          7          50       246          10
    11      41         32          6          81       220          10
    12      23         35          5          16       209          10
    13      47         17          7          50       250          10
    14      24         25          6          119       227          10
    15      15         45          6          55       203          10
    16      33         30          7          61       242          10
    17      24         3          8          95       228          10
    18      4         38          9          31       210          10
    19      22         23          6          1       208          10
    20      9         46          9          39       212          10
    21      30         37          9          6       200          10
    22      7         22          8          13       234          10
    23      11         40          8          116       201          10
    24      12         9          8          37       245          10
    25      39         40          6          82       209          10
