r230
VEHICLE
NUMBER     CAPACITY
  10         100

CUSTOMER
CUST NO.  XCOORD.   YCOORD.    DEMAND   READY TIME  DUE DATE   SERVICE   TIME

    0      25         25          0          0          250         0
    1      27         40          6          54       243          10
    2      31         3          5          35       214          10
    3      50         2          5          65       219          10
    4      18         40          5          109       231          10
    5      43         33          5          37       247          10
    6      9         23          9          6       247          10
    7      26         7          9          10       210          10
    8      41         26          6          116       229          10
    9      39         26          9          0       224          10
    10      18         8          8          31       246          10
    11      35         1          6          39       216          10
    12      25         19          10          114       244          10
    13      28         47          8          65       214          10
    14      19         31          8          52       249          10
    15      22         11          5          76       211          10
    16      5         26          8          13       221          10
    17      28         40          8          94       220          10
    18      24         25          6          42       227          10
    19      42         50          10          106       245          10
    20      14         10          10          58       236          10
    21      40         41          9          86       231          10
    22      1         2          9          97       209          10
    23      30         4          6          74       221          10
    24      34         1          6          46       234          10
    25      12         29          9          103       228          10
