r231
VEHICLE
NUMBER     CAPACITY
  10         100

CUSTOMER
CUST NO.  XCOORD.   YCOORD.    DEMAND   READY TIME  DUE DATE   SERVICE   TIME

    0      25         25          0          0          250         0
    1      40         5          7          111       209          10
    2      4         46          6          35       243          10
    3      4         12          9          50       248          10
    4      43         37          9          30       230          10
    5      48         2          10          43       241          10
    6      42         29          7          81       213          10
    7      18         36          9          39       216          10
    8      10         20          8          32       201          10
    9      45         34          7          37       249          10
    10      36         29          6          46       240          10
    11      1         25          5          39       250          10
    12      44         26          8          94       247          10
    13      12         34          8          97       244          10
    14      26         43          6          83       200          10
    15      1         18          9          6       211          10
    16      20         38          8          77       218          10
    17      20         11          6          31       203          10
    18      16         47          10          41       242          10
    19      0         13          9          104       232          10
    20      20         26          6          54       235          10
    21      31         48          9          52       221          10
    22      9         7          7          103       231          10
    23      31         21          8          102       209          10
    24      11         43          10          75       224          10
    25      12         47          10          104       242          10
