r233
VEHICLE
NUMBER     CAPACITY
  10         100

CUSTOMER
CUST NO.  XCOORD.   YCOORD.    DEMAND   READY TIME  DUE DATE   SERVICE   TIME

    0      25         25          0          0          250         0
    1      45         49          10          88       223          10
    2      9         19          7          103       241          10
    3      29         12          8          0       227          10
    4      15         41          10          4       205          10
    5      50         25          5          101       241          10
    6      14         26          5          94       232          10
    7      23         26          5          107       206          10
    8      14         27          5          82       244          10
    9      7         49          7          23       222          10
    10      13         36          10          35       225          10
    11      24         36          7          89       209          10
    12      11         42          10          52       246          10
    13      30         2          5          59       206          10
    14      46         27          8          83       243          10
    15      0         44          10          103       212          10
    16      3         46          5          61       210          10
    17      6         48          7          19       241          10
    18      25         3          9          35       210          10
    19      39         26          5          24       203          10
    20      18         35          9          29       244          10
    21      37         11          7          79       224          10
    22      39         50          6          6       201          10
    23      28         24          10          48       215          10
    24      1         40          9          71       212          10
    25      44         46          5          76       226          10
