r234
VEHICLE
NUMBER     CAPACITY
  10         100

CUSTOMER
CUST NO.  XCOORD.   YCOORD.    DEMAND   READY TIME  DUE DATE   SERVICE   TIME

    0      25         25          0          0          250         0
    1      36         28          7          8       232          10
    2      37         48          8          62       215          10
    3      22         2          9          23       231          10
    4      43         40          6          36       207          10
    5      45         14          6          79       208          10
    6      47         48          8          118       205          10
    7      40         0          7          63       220          10
    8      7         29          8          21       223          10
    9      48         20          9          3       203          10
    10      13         40          8          84       218          10
    11      26         2          6          54       228          10
    12      6         24          6          76       211          10
    13      37         35          9          47       247          10
    14      11         22          7          32       237          10
    15      49         35          8          6       214          10
    16      5         26          9          53       211          10
    17      44         2          10          11       244          10
    18      9         29          7          59       204          10
    19      46         48          5          65       213          10
    20      1         32          10          113       212          10
    21      22         50          7          69       216          10
    22      40         33          10          113       239          10
    23      39         25          6          73       229          10
    24      12         40          8          118       216          10
    25      5         37          6          40       243          10
