r240
VEHICLE
NUMBER     CAPACITY
  10         100

CUSTOMER
CUST NO.  XCOORD.   YCOORD.    DEMAND   READY TIME  DUE DATE   SERVICE   TIME

    0      25         25          0          0          250         0
    1      20         43          9          69       240          10
    2      41         23          8          27       221          10
    3      28         15          7          10       222          10
    4      16         20          10          81       216          10
    5      44         21          5          73       211          10
    6      22         40          9          21       206          10
    7      11         28          9          50       200          10
    8      38         32          6          99       203          10
    9      27         3          7          51       204          10
    10      2         11          10          66       221          10
    11      6         45          5          61       200          10
    12      36         2          9          79       220          10
    13      36         35          5          76       226          10
    14      28         42          10          45       249          10
    15      12         1          5          89       240          10
    16      22         8          9          50       247          10
    17      40         10          9          87       215          10
    18      18         43          6          16       248          10
    19      5         34          10          25       240          10
    20      24         7          8          113       234          10
    21      36         20          5          44       224          10
    22      45         9          6          8       220          10
    23      34         25          7          14       210          10
    24      20         42          5          41       201          10
    25      20         12          5          100       208          10
