r241
VEHICLE
NUMBER     CAPACITY
  10         100

CUSTOMER
CUST NO.  XCOORD.   YCOORD.    DEMAND   READY TIME  DUE DATE   SERVICE   TIME

    0      25         25          0          0          250         0
    1      28         29          7          91       200          10
    2      25         22          10          73       230          10
    3      34         40          9          43       250          10
    4      0         43          7          21       232          10
    5      47         43          9          119       212          10
    6      21         37          9          45       211          10
    7      40         2          7          101       207          10
    8      34         11          5          16       250          10
    9      23         33          9          13       250          10
    10      40         49          6          36       246          10
    11      41         18          9          104       250          10
    12      17         23          10          49       221          10
    13      10         47          6          84       203          10
    14      43         13          9          94       234          10
    15      1         5          6          74       211          10
    16      14         8          6          5       240          10
    17      28         10          7          54       225          10
    18      4         9          9          44       236          10
    19      6         38          9          77       225          10
    20      22         5          6          88       235          10
    21      17         11          5          63       220          10
    22      35         39          6          28       239          10
    23      21         20          10          0       205          10
    24      15         1          10          11       211          10
    25      17         10          10          1       228          10
