r244
VEHICLE
NUMBER     CAPACITY
  10         100

CUSTOMER
CUST NO.  XCOORD.   YCOORD.    DEMAND   READY TIME  DUE DATE   SERVICE   TIME

    0      25         25          0          0          250         0
    1      37         1          8          32       223          10
    2      29         36          6          109       201          10
    3      28         19          10          55       219          10
    4      21         28          7          1       242          10
    5      9         32          8          27       203          10
    6      10         12          9          5       234          10
    7      29         37          6          35       211          10
    8      46         5          5          54       231          10
    9      28         39          6          15       208          10
    10      13         5          9          50       250          10
    11      13         45          6          76       217          10
    12      26         33          9          82       219          10
    13      24         16          5          32       248          10
    14      13         45          9          17       230          10
    15      39         2          8          61       224          10
    16      44         37          6          38       214          10
    17      6         46          9          22       203          10
    18      11         17          5          0       223          10
    19      41         17          8          113       213          10
    20      12         11          9          33       213          10
    21      34         11          7          119       231          10
    22      0         41          5          86       205          10
    23      2         3          8          25       205          10
    24      29         39          10          12       208          10
    25      43         30          5          17       209          10
