r247
VEHICLE
NUMBER     CAPACITY
  10         100

CUSTOMER
CUST NO.  XCOORD.   YCOORD.    DEMAND   READY TIME  DUE DATE   SERVICE   TIME

    0      25         25          0          0          250         0
    1      1         0          8          75       219          10
    2      10         33          5          16       239          10
    3      5         47          7          96       207          10
    4      26         45          8          18       248          10
    5      15         16          7          120       204          10
    6      46         26          10          13       213          10
    7      21         2          7          47       224          10
    8      5         9          5          31       220          10
    9      41         22          6          17       201          10
    10      5         16          8          40       221          10
    11      32         10          6          70       248          10
    12      17         20          7          24       210          10
    13      39         7          8          81       240          10
    14      18         7          7          94       200          10
    15      4         14          7          45       202          10
    16      44         26          8          28       208          10
    17      30         2          6          8       226          10
    18      38         5          10          87       201          10
    19      47         13          9          1       223          10
    20      23         37          6          26       238          10
    21      17         35          7          9       204          10
    22      28         30          6          10       221          10
    23      21         46          5          46       244          10
    24      11         5          9          51       218          10
    25      45         3          10          96       245          10
