r252
VEHICLE
NUMBER     CAPACITY
  10         100

CUSTOMER
CUST NO.  XCOORD.   YCOORD.    DEMAND   READY TIME  DUE DATE   SERVICE   TIME

    0      25         25          0          0          250         0
    1      28         39          7          62       248          10
    2      42         44          6          102       237          10
    3      3         0          10          52       210          10
    4      5         33          10          11       246          10
    5      15         21          8          62       235          10
    6      11         14          6          55       214          10
    7      41         45          9          96       242          10
    8      5         48          6          40       209          10
    9      6         29          5          42       208          10
    10      7         16          8          91       203          10
    11      16         46          8          104       224          10
    12      37         39          6          95       240          10
    13      49         24          8          24       214          10
    14      21         15          9          22       232          10
    15      14         36          6          45       202          10
    16      24         23          8          114       240          10
    17      13         18          10          58       248          10
    18      14         34          6          77       218          10
    19      43         18          6          65       232          10
    20      25         36          8          40       228          10
    21      0         15          6          6       211          10
    22      8         21          8          72       202          10
    23      42         45          7          97       221          10
    24      32         34          9          5       220          10
    25      27         49          8          103       250          10
