r253
VEHICLE
NUMBER     CAPACITY
  10         100

CUSTOMER
CUST NO.  XCOORD.   YCOORD.    DEMAND   READY TIME  DUE DATE   SERVICE   TIME

    0      25         25          0          0          250         0
    1      39         43          7          55       211          10
    2      1         29          5          88       207          10
    3      0         50          7          41       219          10
    4      44         7          6          102       204          10
    5      13         43          7          104       200          10
    6      30         21          7          8       230          10
    7      13         35          5          8       222          10
    8      1         3          5          42       232          10
    9      5         27          9          63       246          10
    10      35         49          7          29       211          10
    11      29         5          10          7       200          10
    12      18         23          10          48       219          10
    13      5         50          5          97       242          10
    14      45         45          9          94       234          10
    15      33         3          5          60       244          10
    16      32         34          10          91       216          10
    17      38         48          5          61       220          10
    18      5         44          7          10       225          10
    19      5         17          8          71       231          10
    20      25         42          10          57       239          10
    21      14         41          10          98       225          10
    22      3         45          7          36       212          10
    23      31         9          8          112       232          10
    24      20         44          6          59       212          10
    25      43         13          7          106       206          10
