r255
VEHICLE
NUMBER     CAPACITY
  10         100

CUSTOMER
CUST NO.  XCOORD.   YCOORD.    DEMAND   READY TIME  DUE DATE   SERVICE   TIME

    0      25         25          0          0          250         0
    1      27         40          5          83       232          10
    2      22         2          10          117       216          10
    3      5         6          7          112       211          10
    4      14         12          7          44       241          10
    5      28         30          10          100       207          10
    6      36         47          7          32       242          10
    7      34         24          8          113       250          10
    8      50         0          6          105       216          10
    9      9         8          6          91       215          10
    10      37         0          9          44       217          10
    11      50         37          9          12       249          10
    12      0         23          10          112       249          10
    13      46         12          5          35       228          10
    14      20         13          5          39       211          10
    15      36         11          7          42       225          10
    16      30         43          10          100       211          10
    17      27         26          7          80       250          10
    18      16         50          6          50       223          10
    19      41         37          6          5       216          10
    20      0         26          10          19       246          10
    21      46         23          8          58       248          10
    22      17         4          6          49       228          10
    23      14         18          5          79       236          10
    24      8         42          7          21       212          10
    25      26         46          5          68       228          10
