r257
VEHICLE
NUMBER     CAPACITY
  10         100

CUSTOMER
CUST NO.  XCOORD.   YCOORD.    DEMAND   READY TIME  DUE DATE   SERVICE   TIME

    0      25         25          0          0          250         0
    1      44         44          10          19       200          10
    2      3         13          6          24       201          10
    3      31         18          6          95       222          10
    4      50         33          7          113       202          10
    5      46         34          7          87       211          10
    6      21         1          7          28       225          10
    7      5         7          10          13       233          10
    8      25         28          9          118       226          10
    9      37         28          7          65       204          10
    10      16         25          7          18       237          10
    11      29         11          5          18       207          10
    12      28         31          5          67       246          10
    13      13         26          6          76       245          10
    14      32         33          9          35       212          10
    15      34         46          7          107       203          10
    16      42         37          6          80       215          10
    17      48         43          5          105       230          10
    18      24         4          8          5       205          10
    19      33         18          6          71       207          10
    20      38         22          7          108       235          10
    21      30         13          7          69       212          10
    22      6         42          9          34       211          10
    23      44         36          8          91       231          10
    24      16         50          8          17       244          10
    25      41         49          10          65       236          10
