r258
VEHICLE
NUMBER     CAPACITY
  10         100

CUSTOMER
CUST NO.  XCOORD.   YCOORD.    DEMAND   READY TIME  DUE DATE   SERVICE   TIME

    0      25         25          0          0          250         0
    1      35         31          10          37       218          10
    2      34         36          7          78       241          10
    3      16         32          6          3       206          10
    4      28         10          10          119       206          10
    5      46         4          7          92       236          10
    6      29         47          10          78       219          10
    7      12         31          5          119       240          10
    8      46         29          6          53       206          10
    9      3         45          8          95       240          10
    10      24         5          10          104       234          10
    11      23         15          8          52       234          10
    12      20         45          10          22       225          10
    13      32         16          9          62       230          10
    14      50         26          6          49       211          10
    15      34         37          10          53       230          10
    16      25         26          5          8       237          10
    17      37         29          9          99       211          10
    18      2         33          8          18       228          10
    19      49         4          8          19       236          10
    20      8         26          7          63       217          10
    21      35         12          6          104       246          10
    22      45         23          5          91       218          10
    23      45         34          7          47       201          10
    24      4         9          8          102       248          10
    25      31         19          8          110       225          10
