r259
VEHICLE
NUMBER     CAPACITY
  10         100

CUSTOMER
CUST NO.  XCOORD.   YCOORD.    DEMAND   READY TIME  DUE DATE   SERVICE   TIME

    0      25         25          0          0          250         0
    1      8         10          9          87       224          10
    2      34         23          7          98       210          10
    3      19         48          5          90       220          10
    4      0         40          10          88       231          10
    5      37         43          10          101       248          10
    6      36         25          5          20       218          10
    7      24         4          9          108       229          10
    8      39         15          10          110       218          10
    9      16         4          5          62       207          10
    10      49         23          8          104       224          10
    11      27         8          9          1       241          10
    12      12         37          9          110       215          10
    13      2         17          7          22       230          10
    14      18         25          8          88       245          10
    15      42         28          8          81       228          10
    16      20         4          6          34       237          10
    17      36         10          6          81       210          10
    18      23         21          10          51       208          10
    19      50         39          5          64       226          10
    20      39         43          6          8       244          10
    21      33         28          6          109       227          10
    22      41         21          5          119       231          10
    23      37         49          8          56       235          10
    24      39         18          5          50       212          10
    25      23         0          5          111       212          10
