r260
VEHICLE
NUMBER     CAPACITY
  10         100

CUSTOMER
CUST NO.  XCOORD.   YCOORD.    DEMAND   READY TIME  DUE DATE   SERVICE   TIME

    0      25         25          0          0          250         0
    1      14         19          7          41       246          10
    2      44         16          7          23       201          10
    3      34         0          6          3       217          10
    4      45         32          5          96       244          10
    5      30         7          7          42       234          10
    6      20         16          6          116       222          10
    7      8         4          5          60       235          10
    8      22         36          7          79       237          10
    9      45         3          7          78       236          10
    10      4         24          5          107       239          10
    11      25         36          7          48       242          10
    12      11         47          7          21       202          10
    13      13         4          5          10       240          10
    14      11         23          7          112       246          10
    15      8         36          6          54       226          10
    16      45         19          10          89       221          10
    17      19         13          6          14       234          10
    18      36         31          9          17       202          10
    19      30         31          9          61       218          10
    20      45         43          5          76       209          10
    21      17         27          7          10       225          10
    22      15         17          9          13       215          10
    23      7         16          8          90       202          10
    24      17         49          10          120       204          10
    25      19         46          7          95       223          10
