r261
VEHICLE
NUMBER     CAPACITY
  10         100

CUSTOMER
CUST NO.  XCOORD.   YCOORD.    DEMAND   READY TIME  DUE DATE   SERVICE   TIME

    0      25         25          0          0          250         0
    1      40         47          10          6       250          10
    2      35         36          8          28       221          10
    3      37         37          10          6       217          10
    4      38         0          9          25       210          10
    5      40         7          9          100       230          10
    6      44         7          7          25       226          10
    7      18         29          10          103       236          10
    8      15         17          9          21       208          10
    9      16         19          5          92       228          10
    10      41         30          7          58       213          10
    11      33         8          7          111       220          10
    12      25         43          10          77       221          10
    13      29         12          5          60       208          10
    14      29         9          9          118       208          10
    15      18         27          7          17       206          10
    16      22         50          6          1       243          10
    17      44         39          6          98       230          10
    18      47         23          10          49       240          10
    19      22         35          9          44       228          10
    20      5         6          8          30       203          10
    21      13         37          8          64       222          10
    22      2         36          8          16       224          10
    23      21         44          8          49       229          10
    24      32         33          7          81       248          10
    25      1         4          10          45       248          10
