r265
VEHICLE
NUMBER     CAPACITY
  10         100

CUSTOMER
CUST NO.  XCOORD.   YCOORD.    DEMAND   READY TIME  DUE DATE   SERVICE   TIME

    0      25         25          0          0          250         0
    1      35         14          8          15       207          10
    2      32         18          9          114       242          10
    3      35         46          5          83       218          10
    4      36         28          6          43       241          10
    5      12         7          5          77       228          10
    6      41         46          10          54       219          10
    7      23         19          6          10       205          10
    8      6         35          9          0       210          10
    9      38         39          5          6       204          10
    10      40         24          5          58       214          10
    11      11         36          9          12       219          10
    12      40         18          6          105       229          10
    13      6         36          6          103       234          10
    14      0         28          9          11       230          10
    15      47         47          10          13       224          10
    16      31         12          6          20       207          10
    17      14         45          8          113       205          10
    18      42         6          8          25       210          10
    19      13         43          5          94       238          10
    20      22         23          5          13       242          10
    21      0         19          10          45       246          10
    22      49         22          7          37       249          10
    23      36         18          6          69       219          10
    24      31         31          10          51       245          10
    25      31         9          6          40       214          10
