r269
VEHICLE
NUMBER     CAPACITY
  10         100

CUSTOMER
CUST NO.  XCOORD.   YCOORD.    DEMAND   READY TIME  DUE DATE   SERVICE   TIME

    0      25         25          0          0          250         0
    1      7         36          9          106       234          10
    2      7         36          10          36       246          10
    3      29         49          5          19       209          10
    4      18         22          10          19       241          10
    5      14         5          8          94       201          10
    6      36         4          10          22       221          10
    7      3         32          7          58       244          10
    8      37         50          6          12       203          10
    9      1         33          7          40       220          10
    10      15         12          10          61       225          10
    11      31         0          6          31       206          10
    12      17         15          8          120       207          10
    13      47         1          7          108       204          10
    14      15         24          10          14       233          10
    15      22         46          7          48       200          10
    16      31         10          7          82       206          10
    17      23         8          6          5       221          10
    18      33         7          6          36       242          10
    19      37         41          8          36       238          10
    20      50         35          10          40       213          10
    21      45         20          9          52       239          10
    22      44         18          7          15       229          10
    23      3         13          7          111       200          10
    24      4         35          6          79       202          10
    25      23         38          10          29       206          10
