r270
VEHICLE
NUMBER     CAPACITY
  10         100

CUSTOMER
CUST NO.  XCOORD.   YCOORD.    DEMAND   READY TIME  DUE DATE   SERVICE   TIME

    0      25         25          0          0          250         0
    1      50         2          8          9       232          10
    2      22         13          5          51       237          10
    3      10         14          9          7       209          10
    4      12         49          8          22       205          10
    5      31         42          6          61       238          10
    6      38         2          10          57       235          10
    7      17         2          5          93       240          10
    8      29         49          5          24       233          10
    9      50         31          7          13       247          10
    10      35         37          8          79       205          10
    11      24         27          10          39       242          10
    12      40         23          6          1       241          10
    13      22         32          6          43       246          10
    14      25         44          6          26       235          10
    15      18         9          8          50       223          10
    16      20         2          6          19       242          10
    17      41         12          6          9       210          10
    18      34         47          6          103       234          10
    19      31         42          5          26       222          10
    20      41         41          7          72       235          10
    21      10         26          5          113       206          10
    22      2         35          7          49       228          10
    23      32         48          9          95       219          10
    24      33         18          10          26       202          10
    25      48         2          10          95       218          10
