r272
VEHICLE
NUMBER     CAPACITY
  10         100

CUSTOMER
CUST NO.  XCOORD.   YCOORD.    DEMAND   READY TIME  DUE DATE   SERVICE   TIME

    0      25         25          0          0          250         0
    1      26         48          9          44       241          10
    2      39         8          9          95       249          10
    3      42         31          6          12       235          10
    4      14         42          7          78       223          10
    5      16         23          7          79       244          10
    6      16         17          5          31       250          10
    7      46         9          5          30       248          10
    8      16         7          10          97       245          10
    9      18         50          9          113       245          10
    10      7         16          5          4       222          10
    11      9         26          7          89       212          10
    12      11         28          5          47       249          10
    13      12         15          10          86       232          10
    14      16         8          5          56       209          10
    15      1         49          7          35       205          10
    16      44         12          8          109       249          10
    17      22         41          6          7       239          10
    18      19         29          8          80       206          10
    19      29         40          5          48       230          10
    20      15         3          8          1       205          10
    21      20         2          10          57       206          10
    22      18         49          6          56       238          10
    23      29         16          8          4       213          10
    24      28         3          9          78       202          10
    25      14         35          6          76       248          10
