r275
VEHICLE
NUMBER     CAPACITY
  10         100

CUSTOMER
CUST NO.  XCOORD.   YCOORD.    DEMAND   READY TIME  DUE DATE   SERVICE   TIME

    0      25         25          0          0          250         0
    1      25         33          9          0       234          10
    2      30         29          7          23       216          10
    3      18         49          5          94       221          10
    4      40         3          8          27       237          10
    5      47         16          6          53       226          10
    6      38         21          10          87       226          10
    7      19         21          5          20       232          10
    8      21         30          9          49       214          10
    9      46         28          8          56       201          10
    10      45         44          10          57       249          10
    11      22         11          6          6       238          10
    12      11         10          6          29       249          10
    13      2         25          9          102       224          10
    14      3         49          5          117       232          10
    15      8         49          10          8       246          10
    16      23         2          10          89       215          10
    17      17         36          7          14       228          10
    18      41         20          5          119       227          10
    19      26         29          10          67       205          10
    20      22         34          7          8       249          10
    21      28         50          10          4       230          10
    22      18         25          6          107       241          10
    23      14         6          6          21       232          10
    24      17         40          5          77       233          10
    25      23         34          9          60       227          10
