r276
VEHICLE
NUMBER     CAPACITY
  10         100

CUSTOMER
CUST NO.  XCOORD.   YCOORD.    DEMAND   READY TIME  DUE DATE   SERVICE   TIME

    0      25         25          0          0          250         0
    1      31         2          8          56       224          10
    2      28         33          9          39       217          10
    3      30         32          8          59       243          10
    4      35         44          6          38       210          10
    5      18         45          8          19       228          10
    6      32         42          5          64       201          10
    7      30         42          9          91       215          10
    8      35         35          10          66       206          10
    9      40         7          9          111       226          10
    10      37         46          5          80       219          10
    11      34         49          8          34       244          10
    12      22         19          6          77       249          10
    13      1         2          9          114       205          10
    14      35         21          10          91       220          10
    15      10         46          9          20       233          10
    16      45         18          10          81       200          10
    17      4         25          7          42       203          10
    18      47         49          7          27       223          10
    19      29         9          8          30       216          10
    20      19         42          9          34       241          10
    21      21         39          5          2       226          10
    22      4         11          10          87       243          10
    23      26         18          9          80       224          10
    24      3         33          8          42       243          10
    25      1         20          6          27       250          10
