r280
VEHICLE
NUMBER     CAPACITY
  10         100

CUSTOMER
CUST NO.  XCOORD.   YCOORD.    DEMAND   READY TIME  DUE DATE   SERVICE   TIME

    0      25         25          0          0          250         0
    1      34         43          9          91       224          10
    2      36         28          6          3       236          10
    3      24         4          5          11       207          10
    4      25         23          9          95       229          10
    5      23         0          7          107       218          10
    6      49         42          9          103       241          10
    7      41         2          6          22       200          10
    8      21         26          5          78       232          10
    9      22         21          7          103       248          10
    10      32         9          5          22       241          10
    11      30         17          9          66       241          10
    12      7         2          6          30       224          10
    13      31         4          6          34       208          10
    14      10         12          8          61       211          10
    15      8         50          10          66       218          10
    16      44         32          10          116       249          10
    17      48         24          8          58       201          10
    18      29         30          8          24       229          10
    19      47         22          5          95       222          10
    20      31         30          8          49       220          10
    21      15         11          8          43       203          10
    22      45         27          6          19       226          10
    23      23         41          6          111       228          10
    24      1         9          10          23       224          10
    25      41         42          8          9       235          10
