r282
VEHICLE
NUMBER     CAPACITY
  10         100

CUSTOMER
CUST NO.  XCOORD.   YCOORD.    DEMAND   READY TIME  DUE DATE   SERVICE   TIME

    0      25         25          0          0          250         0
    1      27         48          10          108       215          10
    2      47         30          9          6       203          10
    3      45         36          6          91       240          10
    4      44         4          9          101       239          10
    5      21         7          9          89       215          10
    6      26         16          9          107       233          10
    7      32         27          10          80       250          10
    8      32         8          7          104       222          10
    9      11         17          7          38       247          10
    10      48         12          9          75       220          10
    11      49         15          5          83       205          10
    12      21         14          9          79       224          10
    13      39         13          9          15       248          10
    14      15         12          10          31       229          10
    15      17         32          7          115       216          10
    16      39         44          6          52       219          10
    17      12         7          7          93       242          10
    18      37         50          7          68       233          10
    19      45         14          6          99       247          10
    20      18         21          10          61       207          10
    21      29         13          6          102       244          10
    22      37         46          9          58       239          10
    23      49         30          10          31       214          10
    24      1         5          7          120       217          10
    25      43         49          9          114       200          10
