r285
VEHICLE
NUMBER     CAPACITY
  10         100

CUSTOMER
CUST NO.  XCOORD.   YCOORD.    DEMAND   READY TIME  DUE DATE   SERVICE   TIME

    0      25         25          0          0          250         0
    1      31         48          8          70       223          10
    2      17         12          8          64       247          10
    3      27         14          7          71       222          10
    4      23         46          7          110       243          10
    5      26         4          6          59       203          10
    6      9         18          10          40       205          10
    7      36         5          10          34       238          10
    8      0         8          5          86       229          10
    9      10         21          5          97       230          10
    10      27         46          9          45       235          10
    11      31         22          7          117       232          10
    12      8         2          9          18       200          10
    13      12         46          8          99       201          10
    14      32         0          5          113       218          10
    15      31         46          5          47       206          10
    16      28         33          5          37       240          10
    17      18         35          10          107       246          10
    18      25         30          9          13       245          10
    19      46         38          10          56       248          10
    20      22         37          9          99       237          10
    21      48         41          9          18       215          10
    22      6         11          5          5       206          10
    23      47         44          9          39       238          10
    24      25         8          6          110       213          10
    25      18         44          6          62       226          10
