r287
VEHICLE
NUMBER     CAPACITY
  10         100

CUSTOMER
CUST NO.  XCOORD.   YCOORD.    DEMAND   READY TIME  DUE DATE   SERVICE   TIME

    0      25         25          0          0          250         0
    1      9         31          7          82       216          10
    2      40         24          6          42       204          10
    3      17         41          6          55       236          10
    4      2         9          5          8       219          10
    5      24         21          6          14       236          10
    6      34         41          8          60       217          10
    7      27         17          6          108       243          10
    8      42         9          8          68       227          10
    9      27         12          7          20       201          10
    10      44         44          8          102       207          10
    11      8         3          9          69       209          10
    12      0         31          8          66       230          10
    13      49         10          6          38       212          10
    14      31         39          6          58       227          10
    15      20         28          7          67       225          10
    16      27         50          10          97       224          10
    17      35         1          10          119       218          10
    18      8         8          8          55       201          10
    19      25         21          8          18       244          10
    20      14         27          6          13       247          10
    21      0         9          5          99       202          10
    22      27         25          7          85       214          10
    23      30         8          9          3       213          10
    24      18         8          6          47       236          10
    25      38         32          9          116       213          10
