r289
VEHICLE
NUMBER     CAPACITY
  10         100

CUSTOMER
CUST NO.  XCOORD.   YCOORD.    DEMAND   READY TIME  DUE DATE   SERVICE   TIME

    0      25         25          0          0          250         0
    1      12         26          10          90       220          10
    2      21         40          7          92       243          10
    3      38         50          7          116       240          10
    4      39         19          8          83       201          10
    5      26         46          8          11       216          10
    6      28         45          5          60       219          10
    7      38         11          7          79       245          10
    8      30         38          5          112       210          10
    9      15         46          9          54       249          10
    10      0         50          5          111       237          10
    11      41         0          6          66       218          10
    12      24         41          5          92       250          10
    13      36         0          5          66       250          10
    14      40         22          7          17       244          10
    15      32         23          9          14       240          10
    16      19         44          6          5       204          10
    17      26         29          8          116       236          10
    18      27         1          5          101       225          10
    19      26         41          5          12       248          10
    20      18         9          8          19       220          10
    21      25         3          8          74       230          10
    22      7         1          6          2       243          10
    23      7         33          8          71       249          10
    24      17         16          5          82       222          10
    25      8         33          10          109       209          10
