r291
VEHICLE
NUMBER     CAPACITY
  10         100

CUSTOMER
CUST NO.  XCOORD.   YCOORD.    DEMAND   READY TIME  DUE DATE   SERVICE   TIME

    0      25         25          0          0          250         0
    1      42         49          8          0       203          10
    2      37         30          7          75       215          10
    3      24         41          5          59       231          10
    4      11         14          5          33       219          10
    5      39         5          10          23       235          10
    6      24         27          8          106       201          10
    7      2         20          9          99       205          10
    8      14         10          10          3       219          10
    9      27         39          6          35       200          10
    10      44         13          10          43       208          10
    11      17         47          7          57       250          10
    12      47         2          6          47       238          10
    13      3         24          5          82       213          10
    14      19         0          8          16       208          10
    15      25         14          7          81       243          10
    16      50         26          6          102       204          10
    17      6         35          10          68       233          10
    18      43         33          10          65       204          10
    19      32         20          7          58       230          10
    20      48         17          7          89       239          10
    21      17         5          6          102       247          10
    22      38         47          7          59       240          10
    23      11         50          6          1       245          10
    24      3         16          6          13       248          10
    25      24         22          9          30       214          10
