r292
VEHICLE
NUMBER     CAPACITY
  10         100

CUSTOMER
CUST NO.  XCOORD.   YCOORD.    DEMAND   READY TIME  DUE DATE   SERVICE   TIME

    0      25         25          0          0          250         0
    1      46         15          10          96       203          10
    2      3         7          6          37       207          10
    3      48         22          6          42       250          10
    4      45         2          7          37       218          10
    5      20         36          9          36       231          10
    6      8         19          7          9       212          10
    7      9         43          5          84       224          10
    8      19         15          6          1       217          10
    9      31         3          5          76       241          10
    10      27         36          5          45       222          10
    11      40         47          7          38       213          10
    12      8         28          7          97       238          10
    13      39         16          8          55       203          10
    14      30         31          6          76       221          10
    15      47         22          5          9       235          10
    16      18         32          9          96       206          10
    17      5         18          5          5       206          10
    18      20         29          8          70       239          10
    19      4         15          6          4       217          10
    20      12         28          9          30       218          10
    21      44         49          5          20       233          10
    22      31         13          8          51       207          10
    23      25         0          10          51       237          10
    24      49         25          9          79       228          10
    25      38         45          8          0       208          10
