r294
VEHICLE
NUMBER     CAPACITY
  10         100

CUSTOMER
CUST NO.  XCOORD.   YCOORD.    DEMAND   READY TIME  DUE DATE   SERVICE   TIME

    0      25         25          0          0          250         0
    1      8         12          7          20       208          10
    2      0         4          10          30       237          10
    3      45         38          10          20       208          10
    4      8         9          7          16       220          10
    5      44         35          10          31       232          10
    6      14         22          10          95       217          10
    7      49         5          5          36       239          10
    8      26         45          6          21       247          10
    9      33         13          5          108       209          10
    10      39         25          10          114       249          10
    11      4         41          6          13       228          10
    12      41         11          8          61       208          10
    13      15         21          8          24       240          10
    14      3         5          10          29       233          10
    15      34         20          5          113       240          10
    16      22         37          9          30       234          10
    17      43         9          5          113       239          10
    18      22         0          8          96       238          10
    19      49         50          5          61       218          10
    20      47         22          8          44       224          10
    21      44         44          5          70       205          10
    22      32         46          6          7       228          10
    23      25         32          5          64       233          10
    24      22         31          8          105       243          10
    25      20         32          8          46       205          10
