r296
VEHICLE
NUMBER     CAPACITY
  10         100

CUSTOMER
CUST NO.  XCOORD.   YCOORD.    DEMAND   READY TIME  DUE DATE   SERVICE   TIME

    0      25         25          0          0          250         0
    1      6         29          8          32       201          10
    2      5         7          6          15       217          10
    3      31         16          9          96       208          10
    4      4         19          10          9       201          10
    5      1         22          8          90       207          10
    6      9         10          8          82       214          10
    7      21         15          9          67       200          10
    8      27         47          8          75       225          10
    9      4         24          5          19       219          10
    10      49         17          5          58       224          10
    11      38         25          7          36       236          10
    12      49         14          10          42       223          10
    13      12         35          8          4       218          10
    14      47         4          5          28       243          10
    15      28         0          5          94       204          10
    16      10         44          9          1       215          10
    17      50         17          10          72       238          10
    18      26         16          6          78       223          10
    19      26         39          9          96       208          10
    20      34         45          7          73       211          10
    21      44         31          5          14       223          10
    22      20         34          8          83       241          10
    23      19         40          9          39       218          10
    24      24         39          7          11       203          10
    25      49         9          10          7       237          10
