r299
VEHICLE
NUMBER     CAPACITY
  10         100

CUSTOMER
CUST NO.  XCOORD.   YCOORD.    DEMAND   READY TIME  DUE DATE   SERVICE   TIME

    0      25         25          0          0          250         0
    1      3         32          6          3       208          10
    2      40         37          10          8       229          10
    3      35         35          10          62       223          10
    4      4         24          8          68       233          10
    5      10         11          8          99       219          10
    6      2         47          6          1       234          10
    7      45         41          8          69       246          10
    8      23         39          5          109       248          10
    9      49         32          5          55       219          10
    10      15         35          8          89       240          10
    11      5         31          6          26       228          10
    12      50         2          6          41       218          10
    13      1         8          9          33       245          10
    14      40         39          6          50       249          10
    15      33         19          6          64       238          10
    16      9         0          10          113       235          10
    17      31         47          7          63       206          10
    18      43         41          7          1       205          10
    19      13         2          8          83       237          10
    20      34         48          7          92       234          10
    21      50         5          8          51       232          10
    22      15         25          9          74       227          10
    23      41         36          7          108       226          10
    24      12         18          9          91       215          10
    25      9         34          9          88       228          10
