r303
VEHICLE
NUMBER     CAPACITY
  10         100

CUSTOMER
CUST NO.  XCOORD.   YCOORD.    DEMAND   READY TIME  DUE DATE   SERVICE   TIME

    0      25         25          0          0          250         0
    1      15         26          7          63       213          10
    2      4         49          7          111       235          10
    3      5         13          7          77       239          10
    4      32         33          6          71       214          10
    5      15         11          6          63       238          10
    6      11         10          8          83       245          10
    7      11         50          6          93       250          10
    8      19         20          8          65       209          10
    9      40         34          5          24       222          10
    10      46         19          9          113       206          10
    11      13         40          9          41       245          10
    12      39         31          5          28       241          10
    13      42         38          5          97       217          10
    14      8         4          8          16       208          10
    15      10         20          7          61       222          10
    16      41         50          6          0       200          10
    17      4         5          7          84       235          10
    18      28         30          9          31       201          10
    19      23         34          9          53       249          10
    20      8         16          7          87       239          10
    21      36         16          10          34       205          10
    22      33         6          6          99       214          10
    23      22         40          6          48       240          10
    24      38         28          5          51       208          10
    25      16         27          10          112       216          10
