r305
VEHICLE
NUMBER     CAPACITY
  10         100

CUSTOMER
CUST NO.  XCOORD.   YCOORD.    DEMAND   READY TIME  DUE DATE   SERVICE   TIME

    0      25         25          0          0          250         0
    1      13         47          5          93       221          10
    2      11         46          5          120       215          10
    3      20         9          6          53       250          10
    4      0         41          9          98       230          10
    5      29         19          9          65       209          10
    6      48         29          8          65       211          10
    7      6         41          8          8       239          10
    8      46         39          7          50       236          10
    9      49         48          7          75       214          10
    10      34         43          5          88       241          10
    11      50         11          7          51       227          10
    12      39         3          9          45       218          10
    13      37         46          5          38       209          10
    14      40         40          7          54       224          10
    15      34         19          7          114       208          10
    16      17         2          5          40       215          10
    17      50         16          7          0       206          10
    18      18         14          9          99       231          10
    19      27         25          9          106       224          10
    20      19         41          5          41       230          10
    21      10         46          5          64       245          10
    22      50         4          9          75       220          10
    23      12         3          8          120       224          10
    24      34         42          9          6       227          10
    25      11         8          10          93       222          10
