r307
VEHICLE
NUMBER     CAPACITY
  10         100

CUSTOMER
CUST NO.  XCOORD.   YCOORD.    DEMAND   READY TIME  DUE DATE   SERVICE   TIME

    0      25         25          0          0          250         0
    1      23         1          10          50       201          10
    2      48         23          9          105       225          10
    3      12         36          7          78       224          10
    4      48         43          6          46       237          10
    5      13         11          10          70       200          10
    6      41         30          10          82       213          10
    7      16         29          9          106       229          10
    8      50         46          8          94       206          10
    9      11         22          8          55       215          10
    10      30         16          5          47       211          10
    11      18         10          6          10       231          10
    12      15         41          8          89       239          10
    13      24         38          6          109       241          10
    14      23         36          10          111       239          10
    15      34         49          5          9       209          10
    16      35         20          7          31       227          10
    17      5         18          6          95       243          10
    18      42         6          8          22       202          10
    19      29         4          6          62       236          10
    20      42         12          5          115       221          10
    21      3         1          10          85       246          10
    22      26         27          8          112       210          10
    23      47         26          5          20       203          10
    24      2         33          7          7       216          10
    25      27         26          5          19       225          10
