r309
VEHICLE
NUMBER     CAPACITY
  10         100

CUSTOMER
CUST NO.  XCOORD.   YCOORD.    DEMAND   READY TIME  DUE DATE   SERVICE   TIME

    0      25         25          0          0          250         0
    1      13         26          9          59       241          10
    2      34         30          10          100       233          10
    3      19         27          10          3       201          10
    4      10         24          6          87       200          10
    5      4         41          8          110       248          10
    6      43         0          7          7       245          10
    7      0         38          5          106       203          10
    8      14         24          9          8       214          10
    9      36         30          5          27       211          10
    10      24         37          10          50       228          10
    11      31         48          5          80       215          10
    12      7         33          9          55       207          10
    13      10         48          9          28       228          10
    14      17         47          6          94       248          10
    15      3         25          6          62       213          10
    16      4         12          8          109       237          10
    17      21         35          9          80       236          10
    18      22         32          5          73       213          10
    19      1         33          10          13       232          10
    20      3         29          10          75       210          10
    21      11         16          9          116       244          10
    22      45         14          8          17       246          10
    23      29         34          6          101       234          10
    24      29         40          9          44       205          10
    25      21         44          10          44       231          10
