r310
VEHICLE
NUMBER     CAPACITY
  10         100

CUSTOMER
CUST NO.  XCOORD.   YCOORD.    DEMAND   READY TIME  DUE DATE   SERVICE   TIME

    0      25         25          0          0          250         0
    1      45         15          5          109       222          10
    2      21         25          6          7       206          10
    3      30         1          7          79       229          10
    4      5         28          5          10       209          10
    5      24         0          8          23       215          10
    6      12         0          8          44       242          10
    7      7         25          6          98       248          10
    8      38         22          7          103       212          10
    9      9         30          9          84       201          10
    10      7         32          5          70       201          10
    11      48         47          7          90       239          10
    12      38         18          8          6       207          10
    13      41         33          6          11       211          10
    14      4         28          8          62       201          10
    15      22         10          6          44       241          10
    16      39         0          9          108       243          10
    17      31         27          8          44       232          10
    18      18         22          6          19       217          10
    19      37         22          8          20       244          10
    20      29         19          5          50       223          10
    21      23         26          10          33       225          10
    22      44         3          8          58       247          10
    23      31         35          8          78       208          10
    24      26         10          7          101       200          10
    25      43         33          9          8       205          10
