r311
VEHICLE
NUMBER     CAPACITY
  10         100

CUSTOMER
CUST NO.  XCOORD.   YCOORD.    DEMAND   READY TIME  DUE DATE   SERVICE   TIME

    0      25         25          0          0          250         0
    1      23         23          6          12       202          10
    2      2         12          7          53       237          10
    3      48         48          6          62       215          10
    4      33         50          7          89       205          10
    5      23         37          7          5       208          10
    6      10         37          5          26       243          10
    7      1         12          5          117       203          10
    8      50         8          10          24       232          10
    9      0         19          7          55       228          10
    10      41         4          7          53       231          10
    11      34         17          9          118       217          10
    12      44         41          10          109       238          10
    13      47         34          7          107       226          10
    14      43         22          10          3       239          10
    15      39         2          10          101       249          10
    16      4         25          8          50       238          10
    17      30         43          10          70       237          10
    18      46         22          9          96       200          10
    19      22         16          7          90       205          10
    20      16         4          8          93       243          10
    21      38         22          5          12       234          10
    22      20         33          6          19       218          10
    23      11         21          9          68       212          10
    24      35         48          5          11       232          10
    25      48         17          10          13       238          10
