r313
VEHICLE
NUMBER     CAPACITY
  10         100

CUSTOMER
CUST NO.  XCOORD.   YCOORD.    DEMAND   READY TIME  DUE DATE   SERVICE   TIME

    0      25         25          0          0          250         0
    1      50         36          5          7       230          10
    2      8         7          7          56       221          10
    3      18         16          5          71       210          10
    4      18         3          6          26       205          10
    5      24         50          7          96       208          10
    6      25         6          5          85       209          10
    7      40         10          10          64       239          10
    8      15         1          8          7       250          10
    9      28         6          5          103       227          10
    10      2         36          9          51       222          10
    11      5         45          5          0       245          10
    12      44         50          5          114       223          10
    13      13         7          7          70       218          10
    14      31         6          5          113       215          10
    15      17         10          8          60       232          10
    16      27         39          8          112       250          10
    17      30         10          9          32       245          10
    18      15         28          7          75       239          10
    19      37         20          6          33       207          10
    20      23         25          7          72       248          10
    21      45         21          9          64       217          10
    22      30         15          10          21       219          10
    23      10         3          7          107       213          10
    24      35         41          7          96       215          10
    25      41         25          8          7       205          10
