r315
VEHICLE
NUMBER     CAPACITY
  10         100

CUSTOMER
CUST NO.  XCOORD.   YCOORD.    DEMAND   READY TIME  DUE DATE   SERVICE   TIME

    0      25         25          0          0          250         0
    1      45         37          10          119       216          10
    2      42         46          10          48       214          10
    3      10         31          9          62       221          10
    4      45         23          7          105       211          10
    5      13         37          5          74       210          10
    6      5         13          9          95       230          10
    7      6         6          6          83       210          10
    8      9         6          6          9       234          10
    9      37         45          6          20       232          10
    10      40         1          8          16       238          10
    11      6         35          8          87       231          10
    12      49         23          9          18       234          10
    13      24         32          10          68       237          10
    14      43         15          6          70       222          10
    15      16         7          8          65       223          10
    16      50         15          10          98       211          10
    17      11         36          6          6       244          10
    18      13         36          9          61       209          10
    19      3         5          6          111       246          10
    20      12         27          10          40       201          10
    21      20         50          6          74       229          10
    22      2         31          7          4       227          10
    23      30         17          8          101       235          10
    24      32         19          6          110       218          10
    25      23         9          6          55       229          10
