r316
VEHICLE
NUMBER     CAPACITY
  10         100

CUSTOMER
CUST NO.  XCOORD.   YCOORD.    DEMAND   READY TIME  DUE DATE   SERVICE   TIME

    0      25         25          0          0          250         0
    1      0         0          7          17       204          10
    2      43         43          8          95       230          10
    3      21         29          7          18       209          10
    4      12         35          6          112       248          10
    5      7         24          6          4       215          10
    6      4         24          6          57       238          10
    7      31         6          6          41       232          10
    8      6         2          6          115       209          10
    9      27         48          5          107       218          10
    10      26         50          5          74       233          10
    11      45         17          5          87       213          10
    12      35         16          9          44       216          10
    13      28         49          5          63       221          10
    14      27         38          9          65       221          10
    15      26         12          7          92       212          10
    16      2         44          5          77       238          10
    17      22         43          7          45       233          10
    18      44         12          10          25       210          10
    19      43         33          7          50       214          10
    20      50         5          8          30       218          10
    21      39         38          8          111       245          10
    22      43         12          7          69       238          10
    23      21         37          6          70       230          10
    24      38         49          10          4       249          10
    25      5         32          9          50       215          10
