r319
VEHICLE
NUMBER     CAPACITY
  10         100

CUSTOMER
CUST NO.  XCOORD.   YCOORD.    DEMAND   READY TIME  DUE DATE   SERVICE   TIME

    0      25         25          0          0          250         0
    1      3         8          5          24       235          10
    2      35         25          10          16       245          10
    3      5         7          5          67       228          10
    4      4         26          8          61       218          10
    5      22         48          5          10       200          10
    6      4         4          8          28       243          10
    7      5         50          8          39       241          10
    8      29         26          9          50       210          10
    9      24         27          9          57       207          10
    10      18         18          9          51       230          10
    11      4         41          7          88       229          10
    12      48         13          10          105       201          10
    13      0         22          9          116       207          10
    14      44         1          5          78       227          10
    15      47         20          5          83       232          10
    16      20         46          5          88       230          10
    17      9         24          9          40       225          10
    18      11         35          7          64       243          10
    19      28         10          9          99       201          10
    20      31         16          9          94       210          10
    21      13         39          6          49       220          10
    22      39         29          10          13       237          10
    23      33         4          8          55       241          10
    24      0         44          7          69       239          10
    25      2         48          7          100       216          10
