r323
VEHICLE
NUMBER     CAPACITY
  10         100

CUSTOMER
CUST NO.  XCOORD.   YCOORD.    DEMAND   READY TIME  DUE DATE   SERVICE   TIME

    0      25         25          0          0          250         0
    1      1         43          9          105       214          10
    2      50         15          9          114       213          10
    3      32         13          9          77       209          10
    4      34         38          10          47       240          10
    5      9         2          10          23       204          10
    6      43         41          10          106       245          10
    7      25         45          10          16       220          10
    8      43         41          8          70       205          10
    9      37         45          9          114       249          10
    10      29         9          5          57       248          10
    11      8         22          10          37       223          10
    12      4         20          5          80       239          10
    13      2         9          10          95       224          10
    14      28         46          6          33       220          10
    15      9         0          7          115       225          10
    16      17         6          10          32       227          10
    17      19         13          10          62       238          10
    18      26         28          6          95       239          10
    19      46         23          5          50       232          10
    20      17         20          9          45       221          10
    21      25         14          6          21       249          10
    22      32         46          8          64       210          10
    23      48         11          7          56       241          10
    24      49         40          6          102       213          10
    25      1         48          5          94       223          10
