r329
VEHICLE
NUMBER     CAPACITY
  10         100

CUSTOMER
CUST NO.  XCOORD.   YCOORD.    DEMAND   READY TIME  DUE DATE   SERVICE   TIME

    0      25         25          0          0          250         0
    1      24         4          10          28       208          10
    2      13         21          9          8       240          10
    3      32         10          9          59       200          10
    4      40         27          8          111       225          10
    5      30         21          6          100       218          10
    6      4         39          6          7       232          10
    7      29         10          10          54       205          10
    8      31         14          6          64       242          10
    9      20         34          10          88       236          10
    10      30         31          10          43       214          10
    11      0         22          8          85       219          10
    12      47         23          9          13       223          10
    13      37         35          8          41       202          10
    14      29         48          5          78       248          10
    15      5         9          7          60       211          10
    16      41         33          6          120       225          10
    17      31         37          5          41       248          10
    18      8         20          8          57       248          10
    19      10         0          6          94       244          10
    20      22         43          5          83       229          10
    21      16         16          6          50       207          10
    22      25         40          9          41       240          10
    23      33         24          9          80       248          10
    24      33         47          9          103       225          10
    25      16         33          10          35       229          10
