r330
VEHICLE
NUMBER     CAPACITY
  10         100

CUSTOMER
CUST NO.  XCOORD.   YCOORD.    DEMAND   READY TIME  DUE DATE   SERVICE   TIME

    0      25         25          0          0          250         0
    1      47         49          9          59       213          10
    2      31         50          10          79       216          10
    3      9         42          9          94       216          10
    4      50         8          10          107       233          10
    5      19         36          7          74       235          10
    6      27         5          5          33       237          10
    7      32         12          9          15       209          10
    8      22         46          7          87       205          10
    9      5         36          6          63       231          10
    10      14         19          6          73       218          10
    11      40         19          10          104       216          10
    12      49         35          7          104       215          10
    13      14         3          9          9       210          10
    14      48         24          9          118       202          10
    15      17         46          8          115       203          10
    16      32         7          10          115       250          10
    17      30         4          7          85       204          10
    18      36         21          9          48       226          10
    19      25         40          5          42       227          10
    20      20         34          6          85       221          10
    21      25         12          7          65       241          10
    22      35         8          6          64       233          10
    23      6         38          8          50       236          10
    24      23         5          8          28       227          10
    25      8         6          10          108       201          10
