r332
VEHICLE
NUMBER     CAPACITY
  10         100

CUSTOMER
CUST NO.  XCOORD.   YCOORD.    DEMAND   READY TIME  DUE DATE   SERVICE   TIME

    0      25         25          0          0          250         0
    1      44         15          5          15       249          10
    2      20         23          8          64       229          10
    3      35         0          7          77       241          10
    4      47         36          7          97       227          10
    5      10         30          10          41       241          10
    6      37         20          10          99       209          10
    7      38         34          10          98       245          10
    8      5         14          9          4       248          10
    9      49         30          8          21       208          10
    10      22         8          5          66       217          10
    11      11         27          7          47       220          10
    12      42         34          6          95       247          10
    13      37         23          6          105       206          10
    14      42         47          7          73       216          10
    15      43         44          7          93       213          10
    16      7         19          5          34       238          10
    17      39         21          6          98       241          10
    18      22         41          10          84       208          10
    19      11         30          7          63       237          10
    20      49         39          5          92       201          10
    21      4         15          10          64       237          10
    22      5         14          6          67       214          10
    23      4         48          8          46       241          10
    24      5         33          7          56       221          10
    25      6         19          9          117       247          10
