r333
VEHICLE
NUMBER     CAPACITY
  10         100

CUSTOMER
CUST NO.  XCOORD.   YCOORD.    DEMAND   READY TIME  DUE DATE   SERVICE   TIME

    0      25         25          0          0          250         0
    1      28         32          7          49       238          10
    2      32         46          8          19       211          10
    3      36         36          8          55       225          10
    4      9         15          6          5       247          10
    5      10         8          5          63       235          10
    6      15         6          6          50       232          10
    7      11         43          9          45       210          10
    8      31         38          5          113       201          10
    9      15         47          9          73       236          10
    10      8         32          10          0       247          10
    11      12         2          10          115       200          10
    12      28         48          9          58       241          10
    13      22         18          8          80       215          10
    14      13         42          5          24       209          10
    15      9         30          5          78       249          10
    16      34         44          6          109       220          10
    17      15         28          6          117       245          10
    18      3         45          7          47       234          10
    19      43         30          6          35       214          10
    20      43         2          10          99       219          10
    21      48         19          8          64       223          10
    22      8         47          10          57       226          10
    23      46         5          6          30       246          10
    24      3         3          7          5       216          10
    25      5         23          5          87       236          10
