r334
VEHICLE
NUMBER     CAPACITY
  10         100

CUSTOMER
CUST NO.  XCOORD.   YCOORD.    DEMAND   READY TIME  DUE DATE   SERVICE   TIME

    0      25         25          0          0          250         0
    1      11         44          5          112       250          10
    2      38         2          7          54       240          10
    3      9         14          8          104       217          10
    4      42         44          5          95       215          10
    5      17         35          10          42       230          10
    6      0         42          8          112       221          10
    7      30         37          8          39       212          10
    8      15         3          9          52       207          10
    9      44         46          8          92       226          10
    10      17         4          9          28       246          10
    11      17         38          6          56       239          10
    12      49         20          6          116       227          10
    13      50         23          9          19       202          10
    14      24         46          8          54       245          10
    15      27         9          8          115       218          10
    16      37         27          10          98       222          10
    17      15         6          7          75       225          10
    18      43         29          6          81       238          10
    19      16         26          9          107       241          10
    20      50         24          10          22       205          10
    21      38         18          9          94       249          10
    22      49         39          5          89       234          10
    23      25         6          8          109       243          10
    24      28         15          5          101       220          10
    25      8         18          7          99       200          10
