r337
VEHICLE
NUMBER     CAPACITY
  10         100

CUSTOMER
CUST NO.  XCOORD.   YCOORD.    DEMAND   READY TIME  DUE DATE   SERVICE   TIME

    0      25         25          0          0          250         0
    1      40         18          9          36       201          10
    2      2         14          8          98       203          10
    3      47         32          8          20       224          10
    4      38         25          7          116       244          10
    5      28         34          7          10       236          10
    6      28         10          10          57       248          10
    7      48         50          7          105       214          10
    8      37         11          6          60       216          10
    9      38         50          8          22       202          10
    10      23         43          7          109       209          10
    11      6         18          9          41       220          10
    12      8         34          10          10       224          10
    13      39         21          10          89       221          10
    14      25         3          6          39       226          10
    15      9         4          7          46       246          10
    16      37         44          8          98       224          10
    17      16         1          8          32       201          10
    18      42         6          10          6       231          10
    19      12         14          6          48       207          10
    20      36         42          8          27       209          10
    21      14         35          10          113       209          10
    22      22         27          10          115       204          10
    23      46         3          5          118       237          10
    24      20         5          5          71       244          10
    25      15         12          9          82       216          10
