r338
VEHICLE
NUMBER     CAPACITY
  10         100

CUSTOMER
CUST NO.  XCOORD.   YCOORD.    DEMAND   READY TIME  DUE DATE   SERVICE   TIME

    0      25         25          0          0          250         0
    1      26         32          10          86       245          10
    2      17         24          9          73       226          10
    3      10         39          5          29       220          10
    4      19         42          10          48       220          10
    5      50         17          10          15       230          10
    6      6         19          6          61       211          10
    7      29         14          6          80       243          10
    8      6         43          10          96       222          10
    9      7         47          10          120       222          10
    10      37         8          5          62       247          10
    11      39         14          6          18       217          10
    12      11         40          10          99       250          10
    13      34         15          6          51       246          10
    14      3         41          5          111       225          10
    15      39         19          5          63       232          10
    16      17         47          9          59       219          10
    17      9         13          9          58       235          10
    18      35         17          8          100       206          10
    19      4         43          5          2       206          10
    20      47         39          6          52       240          10
    21      48         1          9          54       226          10
    22      20         13          9          81       221          10
    23      49         41          10          75       226          10
    24      13         47          7          19       241          10
    25      50         7          7          68       219          10
