r341
VEHICLE
NUMBER     CAPACITY
  10         100

CUSTOMER
CUST NO.  XCOORD.   YCOORD.    DEMAND   READY TIME  DUE DATE   SERVICE   TIME

    0      25         25          0          0          250         0
    1      43         46          5          23       217          10
    2      19         5          6          100       205          10
    3      32         25          7          108       236          10
    4      50         44          8          95       242          10
    5      16         45          5          51       210          10
    6      40         13          8          27       224          10
    7      24         41          8          32       235          10
    8      5         8          8          55       241          10
    9      20         22          6          21       220          10
    10      20         42          6          15       200          10
    11      43         38          6          3       201          10
    12      22         2          8          120       240          10
    13      1         38          10          11       240          10
    14      30         18          8          72       213          10
    15      39         21          10          70       210          10
    16      48         17          10          105       234          10
    17      5         44          8          9       226          10
    18      42         14          8          4       214          10
    19      16         11          7          87       239          10
    20      46         11          8          26       218          10
    21      34         49          10          115       218          10
    22      46         21          10          71       219          10
    23      15         9          5          64       202          10
    24      34         8          10          37       242          10
    25      14         33          10          107       200          10
