r344
VEHICLE
NUMBER     CAPACITY
  10         100

CUSTOMER
CUST NO.  XCOORD.   YCOORD.    DEMAND   READY TIME  DUE DATE   SERVICE   TIME

    0      25         25          0          0          250         0
    1      45         13          7          83       244          10
    2      42         20          8          68       243          10
    3      1         3          10          67       215          10
    4      42         47          6          4       239          10
    5      13         28          10          117       236          10
    6      48         29          9          8       219          10
    7      26         20          10          112       250          10
    8      8         46          6          54       236          10
    9      50         48          7          97       247          10
    10      44         37          8          25       217          10
    11      26         40          8          20       219          10
    12      30         30          9          12       224          10
    13      35         13          10          35       240          10
    14      43         12          10          14       238          10
    15      43         6          9          79       226          10
    16      6         24          8          7       243          10
    17      8         40          9          112       232          10
    18      1         35          6          14       216          10
    19      31         23          10          59       210          10
    20      45         18          9          48       222          10
    21      27         4          10          95       247          10
    22      32         33          8          49       212          10
    23      24         20          6          70       231          10
    24      26         32          10          56       243          10
    25      24         35          6          40       218          10
