r345
VEHICLE
NUMBER     CAPACITY
  10         100

CUSTOMER
CUST NO.  XCOORD.   YCOORD.    DEMAND   READY TIME  DUE DATE   SERVICE   TIME

    0      25         25          0          0          250         0
    1      30         9          6          28       250          10
    2      4         22          6          42       248          10
    3      38         28          7          89       246          10
    4      5         48          7          107       236          10
    5      38         37          5          56       214          10
    6      14         45          6          2       234          10
    7      10         31          6          89       207          10
    8      8         14          6          114       234          10
    9      20         1          5          52       202          10
    10      36         15          9          37       209          10
    11      25         24          6          18       245          10
    12      7         23          7          78       240          10
    13      30         8          10          118       238          10
    14      24         16          10          95       235          10
    15      40         31          7          73       225          10
    16      50         22          9          53       236          10
    17      39         39          10          75       200          10
    18      3         26          7          118       200          10
    19      23         13          5          27       213          10
    20      45         14          7          34       214          10
    21      7         47          5          26       247          10
    22      9         14          6          33       233          10
    23      27         5          9          19       202          10
    24      19         10          8          91       210          10
    25      8         3          5          8       249          10
