r346
VEHICLE
NUMBER     CAPACITY
  10         100

CUSTOMER
CUST NO.  XCOORD.   YCOORD.    DEMAND   READY TIME  DUE DATE   SERVICE   TIME

    0      25         25          0          0          250         0
    1      7         6          8          37       215          10
    2      4         26          5          28       207          10
    3      46         33          7          108       201          10
    4      2         34          5          44       248          10
    5      21         37          5          103       229          10
    6      16         50          8          61       244          10
    7      6         27          7          32       249          10
    8      21         10          10          106       215          10
    9      32         16          8          120       224          10
    10      36         26          9          4       239          10
    11      49         0          5          37       216          10
    12      21         2          5          31       234          10
    13      29         20          7          108       222          10
    14      44         40          6          4       237          10
    15      11         37          10          43       228          10
    16      18         44          6          56       208          10
    17      35         37          7          107       245          10
    18      38         32          10          105       236          10
    19      45         4          6          4       224          10
    20      19         35          7          59       214          10
    21      40         14          7          54       248          10
    22      29         3          7          96       225          10
    23      18         43          6          45       215          10
    24      4         23          10          107       203          10
    25      43         16          8          42       213          10
