r351
VEHICLE
NUMBER     CAPACITY
  10         100

CUSTOMER
CUST NO.  XCOORD.   YCOORD.    DEMAND   READY TIME  DUE DATE   SERVICE   TIME

    0      25         25          0          0          250         0
    1      10         43          7          104       247          10
    2      26         10          7          37       226          10
    3      12         43          10          59       235          10
    4      34         16          10          83       210          10
    5      45         22          9          83       213          10
    6      13         41          6          77       230          10
    7      20         1          8          65       208          10
    8      23         43          8          100       234          10
    9      13         26          6          43       233          10
    10      27         39          6          111       230          10
    11      41         19          7          111       228          10
    12      8         6          5          69       228          10
    13      42         37          8          52       235          10
    14      11         28          5          75       208          10
    15      44         16          8          109       216          10
    16      4         21          7          24       201          10
    17      18         12          9          48       228          10
    18      23         35          8          21       219          10
    19      36         6          7          59       223          10
    20      1         39          7          51       249          10
    21      17         14          9          82       246          10
    22      3         4          8          9       233          10
    23      23         45          8          120       241          10
    24      13         29          7          7       232          10
    25      37         49          9          100       218          10
