r352
VEHICLE
NUMBER     CAPACITY
  10         100

CUSTOMER
CUST NO.  XCOORD.   YCOORD.    DEMAND   READY TIME  DUE DATE   SERVICE   TIME

    0      25         25          0          0          250         0
    1      40         24          5          108       222          10
    2      42         19          10          28       213          10
    3      10         20          9          114       215          10
    4      17         20          9          48       240          10
    5      5         43          10          48       237          10
    6      16         29          9          27       236          10
    7      45         27          8          86       243          10
    8      3         7          6          20       208          10
    9      48         42          7          93       247          10
    10      43         2          5          15       206          10
    11      20         38          7          110       239          10
    12      21         2          8          15       231          10
    13      48         32          9          101       210          10
    14      25         36          8          52       200          10
    15      29         27          10          36       207          10
    16      20         40          7          9       222          10
    17      5         22          6          18       204          10
    18      20         13          7          28       216          10
    19      45         5          8          7       235          10
    20      2         34          6          98       212          10
    21      4         43          7          31       202          10
    22      43         39          5          95       243          10
    23      24         40          7          55       246          10
    24      11         25          7          26       243          10
    25      50         24          8          76       231          10
