r353
VEHICLE
NUMBER     CAPACITY
  10         100

CUSTOMER
CUST NO.  XCOORD.   YCOORD.    DEMAND   READY TIME  DUE DATE   SERVICE   TIME

    0      25         25          0          0          250         0
    1      45         50          5          69       234          10
    2      37         28          6          40       235          10
    3      42         35          7          111       202          10
    4      42         17          7          98       218          10
    5      32         34          10          77       236          10
    6      43         10          7          109       216          10
    7      40         33          6          56       242          10
    8      6         2          9          65       209          10
    9      46         42          7          52       228          10
    10      45         44          10          3       214          10
    11      4         5          9          77       205          10
    12      9         47          7          21       225          10
    13      11         20          6          83       216          10
    14      37         30          5          114       213          10
    15      3         49          9          102       215          10
    16      16         1          8          98       250          10
    17      14         14          6          59       210          10
    18      19         35          8          28       242          10
    19      25         41          7          55       216          10
    20      4         31          10          22       221          10
    21      2         1          7          110       238          10
    22      3         48          8          78       243          10
    23      16         50          5          48       248          10
    24      26         21          5          0       234          10
    25      40         28          5          65       248          10
