r354
VEHICLE
NUMBER     CAPACITY
  10         100

CUSTOMER
CUST NO.  XCOORD.   YCOORD.    DEMAND   READY TIME  DUE DATE   SERVICE   TIME

    0      25         25          0          0          250         0
    1      5         30          9          8       247          10
    2      41         7          5          2       235          10
    3      11         47          5          1       243          10
    4      45         40          9          93       218          10
    5      3         29          9          103       226          10
    6      27         13          5          116       239          10
    7      5         27          10          90       224          10
    8      14         3          9          116       245          10
    9      26         24          10          109       210          10
    10      5         17          7          29       226          10
    11      40         36          7          105       234          10
    12      12         44          10          69       244          10
    13      38         36          10          6       214          10
    14      23         14          5          102       207          10
    15      46         23          6          67       240          10
    16      15         19          10          32       246          10
    17      3         33          6          47       236          10
    18      21         46          10          49       249          10
    19      3         44          9          31       216          10
    20      3         0          5          9       242          10
    21      39         2          9          66       211          10
    22      36         4          8          33       244          10
    23      49         31          6          38       206          10
    24      18         10          7          81       235          10
    25      44         0          8          71       247          10
