r355
VEHICLE
NUMBER     CAPACITY
  10         100

CUSTOMER
CUST NO.  XCOORD.   YCOORD.    DEMAND   READY TIME  DUE DATE   SERVICE   TIME

    0      25         25          0          0          250         0
    1      21         39          6          30       247          10
    2      22         13          10          86       246          10
    3      28         6          9          44       214          10
    4      22         30          7          77       242          10
    5      30         9          8          59       206          10
    6      24         37          10          43       215          10
    7      31         26          9          118       233          10
    8      42         31          10          114       219          10
    9      5         5          5          26       239          10
    10      18         31          10          88       220          10
    11      24         29          10          95       239          10
    12      5         14          6          72       225          10
    13      36         7          10          91       202          10
    14      24         12          5          34       217          10
    15      43         36          6          91       222          10
    16      17         0          7          98       238          10
    17      1         18          5          28       234          10
    18      31         27          6          2       236          10
    19      11         25          9          18       212          10
    20      22         47          5          15       234          10
    21      35         25          6          50       250          10
    22      22         40          9          39       203          10
    23      24         1          5          107       228          10
    24      12         33          7          42       239          10
    25      46         4          7          58       219          10
