r356
VEHICLE
NUMBER     CAPACITY
  10         100

CUSTOMER
CUST NO.  XCOORD.   YCOORD.    DEMAND   READY TIME  DUE DATE   SERVICE   TIME

    0      25         25          0          0          250         0
    1      19         50          8          36       228          10
    2      5         42          10          94       220          10
    3      7         2          9          103       224          10
    4      42         10          6          33       222          10
    5      12         41          5          68       202          10
    6      23         45          7          116       218          10
    7      15         19          5          76       223          10
    8      5         18          6          117       221          10
    9      36         17          6          21       209          10
    10      39         46          10          85       226          10
    11      30         20          6          89       221          10
    12      44         17          5          37       208          10
    13      25         35          8          63       218          10
    14      25         26          10          93       203          10
    15      30         21          5          42       233          10
    16      8         16          7          45       200          10
    17      6         29          7          87       205          10
    18      30         8          10          63       202          10
    19      40         16          5          14       212          10
    20      17         0          6          74       221          10
    21      33         31          10          24       227          10
    22      7         34          5          13       209          10
    23      47         3          7          69       248          10
    24      20         44          8          119       210          10
    25      12         47          6          22       200          10
