r357
VEHICLE
NUMBER     CAPACITY
  10         100

CUSTOMER
CUST NO.  XCOORD.   YCOORD.    DEMAND   READY TIME  DUE DATE   SERVICE   TIME

    0      25         25          0          0          250         0
    1      9         27          5          102       247          10
    2      28         33          10          113       205          10
    3      33         5          8          7       224          10
    4      43         48          6          98       231          10
    5      50         18          6          84       227          10
    6      10         8          6          35       214          10
    7      4         30          10          72       226          10
    8      44         8          6          65       212          10
    9      1         36          10          34       245          10
    10      40         39          5          80       237          10
    11      25         3          10          25       219          10
    12      36         24          6          26       239          10
    13      37         46          6          11       238          10
    14      28         25          9          105       237          10
    15      23         12          5          37       214          10
    16      21         47          6          82       241          10
    17      46         37          8          87       244          10
    18      17         43          10          16       230          10
    19      7         1          5          57       205          10
    20      6         29          5          108       229          10
    21      25         15          10          120       250          10
    22      40         26          10          52       230          10
    23      34         26          9          29       204          10
    24      4         49          7          120       235          10
    25      10         45          8          40       243          10
