r358
VEHICLE
NUMBER     CAPACITY
  10         100

CUSTOMER
CUST NO.  XCOORD.   YCOORD.    DEMAND   READY TIME  DUE DATE   SERVICE   TIME

    0      25         25          0          0          250         0
    1      10         31          6          48       218          10
    2      6         40          9          96       210          10
    3      43         38          10          6       226          10
    4      49         3          8          36       241          10
    5      41         13          5          11       237          10
    6      41         40          9          83       236          10
    7      0         9          7          113       230          10
    8      32         36          9          43       210          10
    9      34         16          8          66       218          10
    10      38         6          8          34       242          10
    11      26         9          5          34       232          10
    12      9         27          7          47       222          10
    13      41         23          7          62       219          10
    14      33         32          7          86       231          10
    15      19         27          7          119       228          10
    16      31         27          10          105       204          10
    17      30         21          8          119       219          10
    18      32         33          10          83       209          10
    19      15         5          7          12       246          10
    20      29         15          7          68       249          10
    21      44         43          9          112       213          10
    22      42         45          5          92       230          10
    23      39         19          10          120       225          10
    24      4         33          8          111       204          10
    25      40         12          8          100       211          10
