r361
VEHICLE
NUMBER     CAPACITY
  10         100

CUSTOMER
CUST NO.  XCOORD.   YCOORD.    DEMAND   READY TIME  DUE DATE   SERVICE   TIME

    0      25         25          0          0          250         0
    1      41         35          10          69       202          10
    2      24         7          10          29       209          10
    3      42         6          8          111       217          10
    4      35         18          6          93       201          10
    5      49         6          5          113       218          10
    6      37         11          10          110       250          10
    7      33         47          8          94       207          10
    8      37         7          9          3       244          10
    9      29         10          6          90       221          10
    10      24         3          5          88       233          10
    11      42         12          6          11       224          10
    12      49         34          8          42       232          10
    13      47         43          6          88       214          10
    14      42         34          9          42       227          10
    15      43         26          8          18       240          10
    16      39         36          6          64       208          10
    17      50         46          8          4       228          10
    18      12         37          8          58       250          10
    19      12         29          5          77       248          10
    20      41         19          10          65       230          10
    21      48         40          7          21       207          10
    22      2         39          10          83       215          10
    23      2         1          6          42       215          10
    24      35         20          8          32       201          10
    25      9         47          10          59       211          10
