r364
VEHICLE
NUMBER     CAPACITY
  10         100

CUSTOMER
CUST NO.  XCOORD.   YCOORD.    DEMAND   READY TIME  DUE DATE   SERVICE   TIME

    0      25         25          0          0          250         0
    1      27         5          9          83       207          10
    2      35         44          9          9       224          10
    3      48         0          10          56       218          10
    4      24         21          9          13       201          10
    5      50         26          10          14       219          10
    6      48         23          8          112       245          10
    7      18         13          7          58       246          10
    8      47         34          5          9       228          10
    9      48         16          8          91       214          10
    10      40         26          5          57       246          10
    11      32         4          7          113       246          10
    12      49         33          5          37       234          10
    13      33         28          9          48       223          10
    14      37         48          9          18       231          10
    15      47         40          6          65       231          10
    16      46         5          6          14       201          10
    17      12         50          10          99       232          10
    18      3         8          10          84       227          10
    19      26         29          6          28       207          10
    20      18         32          8          38       206          10
    21      18         29          9          44       205          10
    22      6         11          9          67       237          10
    23      40         23          8          107       249          10
    24      8         38          9          44       229          10
    25      50         26          9          19       209          10
