r366
VEHICLE
NUMBER     CAPACITY
  10         100

CUSTOMER
CUST NO.  XCOORD.   YCOORD.    DEMAND   READY TIME  DUE DATE   SERVICE   TIME

    0      25         25          0          0          250         0
    1      14         38          5          63       205          10
    2      38         25          10          65       222          10
    3      47         44          7          69       235          10
    4      31         9          6          62       221          10
    5      38         10          6          44       243          10
    6      16         0          5          39       215          10
    7      45         9          5          47       236          10
    8      0         25          7          75       223          10
    9      46         46          9          8       222          10
    10      20         20          7          61       206          10
    11      17         47          5          21       226          10
    12      30         16          7          1       239          10
    13      42         29          9          61       236          10
    14      9         35          9          78       211          10
    15      11         13          7          21       248          10
    16      48         31          10          6       210          10
    17      12         45          6          57       205          10
    18      20         26          7          33       214          10
    19      33         20          8          104       217          10
    20      44         11          10          9       228          10
    21      6         11          9          120       203          10
    22      45         45          8          29       238          10
    23      48         3          8          76       223          10
    24      38         33          7          75       208          10
    25      22         43          9          16       216          10
