r369
VEHICLE
NUMBER     CAPACITY
  10         100

CUSTOMER
CUST NO.  XCOORD.   YCOORD.    DEMAND   READY TIME  DUE DATE   SERVICE   TIME

    0      25         25          0          0          250         0
    1      33         3          6          38       206          10
    2      7         24          8          67       239          10
    3      3         25          9          98       244          10
    4      17         20          7          41       208          10
    5      23         30          10          104       209          10
    6      36         20          7          68       209          10
    7      36         15          10          101       232          10
    8      50         25          5          21       226          10
    9      42         5          7          104       241          10
    10      49         13          8          114       248          10
    11      47         10          8          68       227          10
    12      48         25          8          75       219          10
    13      45         23          7          46       225          10
    14      29         46          6          29       209          10
    15      2         8          5          44       212          10
    16      30         24          5          49       239          10
    17      30         49          6          113       201          10
    18      1         38          5          104       225          10
    19      50         48          8          75       211          10
    20      29         25          5          64       242          10
    21      0         41          8          41       221          10
    22      50         9          6          70       238          10
    23      48         43          5          0       239          10
    24      6         14          5          69       205          10
    25      38         33          8          75       246          10
