r370
VEHICLE
NUMBER     CAPACITY
  10         100

CUSTOMER
CUST NO.  XCOORD.   YCOORD.    DEMAND   READY TIME  DUE DATE   SERVICE   TIME

    0      25         25          0          0          250         0
    1      14         35          5          55       216          10
    2      33         37          7          29       208          10
    3      46         50          6          17       209          10
    4      31         25          7          88       246          10
    5      16         34          8          114       207          10
    6      23         24          9          63       200          10
    7      40         48          9          65       205          10
    8      2         49          8          34       237          10
    9      43         2          10          24       245          10
    10      22         18          6          61       220          10
    11      20         33          6          112       203          10
    12      25         8          6          45       218          10
    13      25         5          6          2       208          10
    14      29         26          6          51       211          10
    15      2         25          7          80       224          10
    16      19         45          6          9       203          10
    17      44         29          5          64       223          10
    18      43         7          6          82       233          10
    19      38         32          5          63       202          10
    20      6         4          10          119       228          10
    21      0         3          5          11       222          10
    22      22         47          6          23       206          10
    23      34         32          10          68       227          10
    24      26         37          6          62       228          10
    25      29         10          6          26       245          10
