r371
VEHICLE
NUMBER     CAPACITY
  10         100

CUSTOMER
CUST NO.  XCOORD.   YCOORD.    DEMAND   READY TIME  DUE DATE   SERVICE   TIME

    0      25         25          0          0          250         0
    1      26         32          7          92       246          10
    2      4         37          7          42       208          10
    3      32         36          10          29       226          10
    4      19         46          9          11       239          10
    5      47         35          8          65       226          10
    6      41         21          5          73       235          10
    7      46         38          7          33       219          10
    8      3         23          5          109       202          10
    9      37         5          5          48       224          10
    10      48         15          10          49       234          10
    11      21         12          10          79       241          10
    12      18         1          10          104       229          10
    13      9         8          9          48       221          10
    14      48         10          8          72       222          10
    15      49         24          9          34       233          10
    16      18         11          10          74       229          10
    17      33         47          8          110       241          10
    18      6         1          10          64       225          10
    19      42         15          10          101       205          10
    20      22         42          7          70       209          10
    21      25         15          8          105       228          10
    22      29         50          8          81       226          10
    23      11         49          9          19       207          10
    24      18         18          8          55       222          10
    25      28         1          7          65       201          10
