r372
VEHICLE
NUMBER     CAPACITY
  10         100

CUSTOMER
CUST NO.  XCOORD.   YCOORD.    DEMAND   READY TIME  DUE DATE   SERVICE   TIME

    0      25         25          0          0          250         0
    1      27         17          6          1       210          10
    2      29         33          7          61       214          10
    3      28         23          5          119       233          10
    4      14         29          9          75       210          10
    5      26         39          8          106       234          10
    6      14         2          6          55       218          10
    7      35         14          10          63       214          10
    8      31         50          9          39       246          10
    9      48         16          9          41       212          10
    10      12         43          7          17       238          10
    11      28         6          7          47       223          10
    12      48         7          9          0       241          10
    13      14         4          7          78       241          10
    14      28         49          7          77       235          10
    15      25         43          8          14       244          10
    16      11         45          8          94       200          10
    17      24         27          7          44       230          10
    18      5         50          6          61       217          10
    19      12         17          5          67       207          10
    20      38         8          8          19       209          10
    21      17         38          8          97       232          10
    22      26         6          6          3       243          10
    23      49         0          10          59       216          10
    24      4         49          9          0       227          10
    25      32         39          9          93       201          10
