r373
VEHICLE
NUMBER     CAPACITY
  10         100

CUSTOMER
CUST NO.  XCOORD.   YCOORD.    DEMAND   READY TIME  DUE DATE   SERVICE   TIME

    0      25         25          0          0          250         0
    1      45         5          5          51       207          10
    2      46         40          5          16       234          10
    3      46         6          5          60       222          10
    4      48         38          10          108       243          10
    5      7         37          5          78       212          10
    6      27         22          6          45       212          10
    7      34         21          9          28       245          10
    8      1         24          10          20       222          10
    9      9         27          10          53       250          10
    10      39         7          10          52       248          10
    11      0         21          9          65       243          10
    12      29         3          6          93       201          10
    13      50         3          8          42       233          10
    14      31         28          10          26       221          10
    15      10         34          8          45       235          10
    16      15         1          10          1       237          10
    17      40         27          7          16       231          10
    18      10         14          10          66       219          10
    19      47         22          8          58       213          10
    20      48         22          6          104       213          10
    21      34         9          9          11       235          10
    22      38         35          5          100       224          10
    23      49         5          6          113       241          10
    24      47         24          6          57       209          10
    25      10         3          6          82       204          10
