r374
VEHICLE
NUMBER     CAPACITY
  10         100

CUSTOMER
CUST NO.  XCOORD.   YCOORD.    DEMAND   READY TIME  DUE DATE   SERVICE   TIME

    0      25         25          0          0          250         0
    1      4         34          6          26       247          10
    2      47         46          9          15       212          10
    3      22         35          8          79       217          10
    4      22         43          8          17       233          10
    5      26         16          9          25       222          10
    6      18         11          10          29       245          10
    7      1         5          8          21       249          10
    8      36         9          8          115       223          10
    9      20         45          8          46       235          10
    10      46         2          5          84       232          10
    11      30         4          10          44       205          10
    12      27         14          7          13       234          10
    13      48         12          5          89       205          10
    14      9         36          7          58       226          10
    15      9         0          10          115       233          10
    16      42         8          8          117       206          10
    17      3         30          9          55       246          10
    18      12         15          5          105       218          10
    19      44         32          8          28       230          10
    20      45         19          5          64       230          10
    21      50         16          8          71       224          10
    22      26         37          6          52       248          10
    23      12         39          10          3       205          10
    24      2         32          5          46       227          10
    25      17         21          10          97       220          10
