r375
VEHICLE
NUMBER     CAPACITY
  10         100

CUSTOMER
CUST NO.  XCOORD.   YCOORD.    DEMAND   READY TIME  DUE DATE   SERVICE   TIME

    0      25         25          0          0          250         0
    1      43         44          8          64       216          10
    2      46         13          6          12       231          10
    3      38         17          5          30       216          10
    4      47         14          9          74       200          10
    5      31         41          5          45       230          10
    6      48         37          10          77       210          10
    7      26         3          9          89       238          10
    8      12         39          10          119       210          10
    9      9         6          9          116       235          10
    10      47         13          8          42       204          10
    11      37         2          7          35       237          10
    12      31         43          8          5       235          10
    13      20         41          6          90       244          10
    14      33         21          8          23       250          10
    15      14         24          6          19       206          10
    16      6         19          7          53       245          10
    17      38         0          8          62       234          10
    18      13         37          10          51       221          10
    19      35         22          10          51       221          10
    20      37         39          6          44       216          10
    21      47         23          7          90       200          10
    22      11         44          8          31       209          10
    23      34         24          6          116       213          10
    24      27         30          5          63       220          10
    25      17         44          6          75       235          10
