r376
VEHICLE
NUMBER     CAPACITY
  10         100

CUSTOMER
CUST NO.  XCOORD.   YCOORD.    DEMAND   READY TIME  DUE DATE   SERVICE   TIME

    0      25         25          0          0          250         0
    1      27         17          7          82       245          10
    2      5         43          8          86       219          10
    3      25         22          8          26       210          10
    4      29         1          8          60       249          10
    5      19         39          6          18       200          10
    6      30         19          6          91       209          10
    7      11         39          10          26       226          10
    8      27         17          9          2       208          10
    9      26         28          7          8       241          10
    10      13         36          8          36       219          10
    11      25         12          6          97       215          10
    12      9         38          5          6       206          10
    13      16         19          8          63       246          10
    14      20         9          6          54       214          10
    15      3         22          5          45       245          10
    16      49         31          7          53       214          10
    17      13         0          8          102       250          10
    18      15         39          9          112       219          10
    19      30         1          5          106       243          10
    20      43         32          8          40       220          10
    21      18         2          6          51       204          10
    22      15         33          7          68       207          10
    23      16         11          8          114       228          10
    24      17         28          6          47       242          10
    25      18         49          5          90       202          10
