r378
VEHICLE
NUMBER     CAPACITY
  10         100

CUSTOMER
CUST NO.  XCOORD.   YCOORD.    DEMAND   READY TIME  DUE DATE   SERVICE   TIME

    0      25         25          0          0          250         0
    1      50         44          6          58       213          10
    2      11         39          9          110       216          10
    3      16         48          5          33       232          10
    4      11         32          5          118       237          10
    5      26         4          10          107       206          10
    6      48         44          9          52       210          10
    7      49         38          9          91       219          10
    8      41         0          8          108       219          10
    9      11         36          6          25       235          10
    10      33         33          6          15       236          10
    11      29         0          5          37       225          10
    12      43         25          9          0       217          10
    13      26         28          9          19       205          10
    14      47         48          9          15       221          10
    15      25         14          7          114       245          10
    16      49         48          10          98       226          10
    17      0         6          8          53       234          10
    18      12         20          10          91       203          10
    19      20         27          8          16       203          10
    20      44         40          10          52       233          10
    21      33         49          8          10       209          10
    22      5         30          9          101       201          10
    23      5         7          8          99       250          10
    24      15         2          10          4       209          10
    25      14         34          8          3       250          10
