r380
VEHICLE
NUMBER     CAPACITY
  10         100

CUSTOMER
CUST NO.  XCOORD.   YCOORD.    DEMAND   READY TIME  DUE DATE   SERVICE   TIME

    0      25         25          0          0          250         0
    1      17         15          9          55       218          10
    2      34         41          10          61       230          10
    3      45         18          7          27       248          10
    4      1         6          7          38       204          10
    5      0         1          7          43       207          10
    6      1         29          10          4       213          10
    7      20         22          7          22       213          10
    8      39         48          5          40       237          10
    9      1         21          10          88       245          10
    10      13         43          6          58       204          10
    11      15         44          10          70       219          10
    12      24         35          10          47       227          10
    13      19         45          5          18       214          10
    14      2         4          9          114       210          10
    15      43         9          5          105       203          10
    16      32         23          9          118       203          10
    17      4         23          5          54       247          10
    18      43         13          5          33       232          10
    19      49         35          7          81       213          10
    20      0         22          7          72       217          10
    21      26         6          10          101       249          10
    22      42         8          8          65       212          10
    23      7         31          9          84       250          10
    24      7         47          10          116       218          10
    25      1         41          10          35       212          10
