r381
VEHICLE
NUMBER     CAPACITY
  10         100

CUSTOMER
CUST NO.  XCOORD.   YCOORD.    DEMAND   READY TIME  DUE DATE   SERVICE   TIME

    0      25         25          0          0          250         0
    1      15         49          8          79       234          10
    2      12         7          5          58       225          10
    3      19         32          8          42       237          10
    4      41         27          6          91       235          10
    5      36         26          6          32       207          10
    6      37         48          8          23       248          10
    7      37         33          8          3       224          10
    8      12         2          7          67       206          10
    9      43         38          6          116       241          10
    10      47         48          6          29       222          10
    11      32         9          9          97       204          10
    12      36         18          6          31       202          10
    13      49         42          5          21       218          10
    14      8         1          10          22       201          10
    15      50         43          9          104       250          10
    16      46         2          8          32       213          10
    17      49         22          7          64       228          10
    18      3         18          7          36       208          10
    19      46         12          6          111       211          10
    20      32         28          6          58       218          10
    21      25         12          6          41       236          10
    22      44         39          9          79       218          10
    23      2         5          10          36       240          10
    24      34         18          6          97       236          10
    25      45         39          10          21       217          10
