r383
VEHICLE
NUMBER     CAPACITY
  10         100

CUSTOMER
CUST NO.  XCOORD.   YCOORD.    DEMAND   READY TIME  DUE DATE   SERVICE   TIME

    0      25         25          0          0          250         0
    1      32         18          10          53       216          10
    2      44         24          10          113       201          10
    3      32         10          5          72       207          10
    4      18         3          5          84       242          10
    5      47         6          9          29       220          10
    6      22         2          7          33       250          10
    7      26         19          10          65       212          10
    8      37         20          5          70       241          10
    9      49         2          5          102       234          10
    10      38         47          6          88       217          10
    11      10         38          9          96       218          10
    12      32         48          6          112       207          10
    13      4         42          5          69       207          10
    14      37         47          10          21       218          10
    15      32         3          5          81       210          10
    16      5         10          5          54       233          10
    17      9         9          8          59       221          10
    18      45         36          5          23       218          10
    19      9         49          8          51       225          10
    20      50         46          9          65       216          10
    21      37         5          7          63       219          10
    22      17         15          7          6       236          10
    23      46         4          5          51       220          10
    24      41         25          7          85       212          10
    25      38         28          6          3       203          10
