r386
VEHICLE
NUMBER     CAPACITY
  10         100

CUSTOMER
CUST NO.  XCOORD.   YCOORD.    DEMAND   READY TIME  DUE DATE   SERVICE   TIME

    0      25         25          0          0          250         0
    1      46         4          7          45       242          10
    2      31         15          9          65       226          10
    3      23         14          9          0       221          10
    4      41         37          7          83       205          10
    5      5         0          6          28       205          10
    6      28         39          10          18       211          10
    7      19         30          9          0       214          10
    8      9         47          7          118       204          10
    9      50         29          8          93       234          10
    10      13         20          8          14       218          10
    11      3         16          9          84       246          10
    12      50         6          9          57       249          10
    13      19         22          6          120       243          10
    14      41         42          8          91       221          10
    15      32         43          10          84       225          10
    16      16         18          10          95       238          10
    17      31         20          7          56       205          10
    18      44         18          7          52       207          10
    19      21         24          9          60       210          10
    20      44         34          10          56       222          10
    21      18         43          6          24       208          10
    22      5         41          9          100       206          10
    23      38         19          5          31       223          10
    24      1         48          5          2       208          10
    25      42         13          5          109       229          10
