r387
VEHICLE
NUMBER     CAPACITY
  10         100

CUSTOMER
CUST NO.  XCOORD.   YCOORD.    DEMAND   READY TIME  DUE DATE   SERVICE   TIME

    0      25         25          0          0          250         0
    1      13         18          7          115       243          10
    2      47         23          9          114       242          10
    3      19         15          9          66       211          10
    4      29         20          6          70       229          10
    5      49         1          10          13       240          10
    6      40         44          7          23       217          10
    7      9         13          5          12       201          10
    8      48         27          10          46       241          10
    9      41         49          7          62       233          10
    10      32         13          7          68       236          10
    11      42         10          6          2       245          10
    12      4         8          8          42       238          10
    13      29         41          8          100       202          10
    14      40         23          5          1       224          10
    15      15         12          6          75       237          10
    16      3         1          5          79       247          10
    17      14         42          6          50       245          10
    18      26         3          5          50       209          10
    19      31         28          9          111       249          10
    20      45         2          8          69       247          10
    21      48         5          8          84       204          10
    22      9         0          10          71       206          10
    23      12         46          7          52       227          10
    24      13         15          5          2       224          10
    25      45         20          9          88       246          10
