r389
VEHICLE
NUMBER     CAPACITY
  10         100

CUSTOMER
CUST NO.  XCOORD.   YCOORD.    DEMAND   READY TIME  DUE DATE   SERVICE   TIME

    0      25         25          0          0          250         0
    1      3         23          7          0       243          10
    2      28         48          9          19       234          10
    3      40         22          7          105       220          10
    4      18         27          6          24       243          10
    5      50         25          6          104       213          10
    6      24         12          8          68       232          10
    7      6         19          9          111       240          10
    8      23         29          10          38       239          10
    9      44         7          7          39       236          10
    10      20         42          7          89       218          10
    11      9         7          10          4       246          10
    12      28         26          9          25       238          10
    13      30         13          7          58       241          10
    14      3         11          10          103       227          10
    15      39         39          10          85       209          10
    16      2         33          5          97       220          10
    17      45         32          10          90       212          10
    18      44         31          5          57       235          10
    19      12         10          10          3       232          10
    20      3         42          5          66       200          10
    21      20         19          9          79       218          10
    22      12         6          7          92       242          10
    23      39         20          6          57       206          10
    24      30         20          7          85       225          10
    25      14         11          8          15       235          10
