r396
VEHICLE
NUMBER     CAPACITY
  10         100

CUSTOMER
CUST NO.  XCOORD.   YCOORD.    DEMAND   READY TIME  DUE DATE   SERVICE   TIME

    0      25         25          0          0          250         0
    1      9         42          10          83       240          10
    2      24         11          10          77       224          10
    3      18         25          8          87       223          10
    4      16         49          7          54       212          10
    5      22         6          8          55       226          10
    6      37         29          8          37       245          10
    7      40         0          7          75       213          10
    8      48         14          10          82       208          10
    9      13         43          6          118       221          10
    10      21         30          5          66       208          10
    11      33         19          9          7       239          10
    12      36         13          6          118       232          10
    13      31         44          7          31       230          10
    14      38         41          7          27       238          10
    15      7         44          5          9       218          10
    16      14         45          7          53       230          10
    17      14         22          9          14       241          10
    18      43         12          7          62       240          10
    19      48         23          10          119       240          10
    20      41         49          5          2       216          10
    21      15         19          9          52       227          10
    22      47         7          10          0       230          10
    23      49         8          5          119       205          10
    24      41         27          8          107       220          10
    25      24         0          10          49       241          10
