r398
VEHICLE
NUMBER     CAPACITY
  10         100

CUSTOMER
CUST NO.  XCOORD.   YCOORD.    DEMAND   READY TIME  DUE DATE   SERVICE   TIME

    0      25         25          0          0          250         0
    1      30         31          6          7       228          10
    2      19         48          6          63       220          10
    3      34         4          5          18       241          10
    4      11         43          9          64       231          10
    5      12         21          10          38       203          10
    6      16         20          7          37       234          10
    7      42         20          6          77       206          10
    8      44         3          8          119       201          10
    9      4         25          8          111       237          10
    10      23         45          10          111       238          10
    11      31         34          6          100       203          10
    12      42         7          9          40       224          10
    13      37         29          6          6       250          10
    14      32         3          6          112       248          10
    15      26         24          7          56       208          10
    16      7         29          7          74       209          10
    17      25         10          5          54       221          10
    18      4         13          5          73       225          10
    19      31         5          6          56       236          10
    20      49         30          8          7       245          10
    21      45         44          7          6       205          10
    22      2         14          9          42       219          10
    23      22         18          9          28       227          10
    24      26         12          9          64       229          10
    25      28         14          9          57       241          10
