r399
VEHICLE
NUMBER     CAPACITY
  10         100

CUSTOMER
CUST NO.  XCOORD.   YCOORD.    DEMAND   READY TIME  DUE DATE   SERVICE   TIME

    0      25         25          0          0          250         0
    1      36         18          9          40       240          10
    2      14         27          8          109       221          10
    3      27         30          10          18       216          10
    4      35         17          9          106       225          10
    5      41         42          10          22       245          10
    6      8         18          6          99       223          10
    7      36         48          10          58       246          10
    8      35         23          7          5       216          10
    9      25         3          5          93       221          10
    10      22         6          9          17       209          10
    11      47         1          5          10       218          10
    12      14         23          5          91       226          10
    13      11         5          7          6       226          10
    14      50         12          5          54       206          10
    15      1         7          8          52       205          10
    16      12         47          5          17       219          10
    17      11         22          9          24       240          10
    18      4         0          9          106       201          10
    19      39         28          8          99       217          10
    20      32         20          7          103       219          10
    21      35         6          5          93       221          10
    22      36         23          6          39       244          10
    23      43         9          7          118       210          10
    24      44         5          5          18       245          10
    25      27         38          7          100       225          10
