r400
VEHICLE
NUMBER     CAPACITY
  10         100

CUSTOMER
CUST NO.  XCOORD.   YCOORD.    DEMAND   READY TIME  DUE DATE   SERVICE   TIME

    0      25         25          0          0          250         0
    1      23         4          5          2       247          10
    2      7         0          10          104       201          10
    3      15         45          7          55       211          10
    4      13         40          9          114       203          10
    5      14         49          9          22       238          10
    6      5         48          8          61       225          10
    7      3         8          6          106       244          10
    8      34         13          5          43       205          10
    9      33         3          5          15       201          10
    10      40         1          5          92       241          10
    11      2         26          6          64       232          10
    12      42         30          9          116       226          10
    13      15         6          6          52       239          10
    14      19         45          7          40       226          10
    15      46         41          10          22       236          10
    16      34         41          7          78       208          10
    17      49         5          7          74       249          10
    18      42         32          7          102       218          10
    19      7         8          10          99       240          10
    20      3         5          5          117       219          10
    21      21         41          9          108       243          10
    22      17         30          8          21       229          10
    23      40         27          8          113       236          10
    24      35         5          9          20       203          10
    25      50         28          10          22       201          10
