r401
VEHICLE
NUMBER     CAPACITY
  10         100

CUSTOMER
CUST NO.  XCOORD.   YCOORD.    DEMAND   READY TIME  DUE DATE   SERVICE   TIME

    0      25         25          0          0          250         0
    1      24         30          10          110       205          10
    2      35         10          6          47       220          10
    3      46         26          9          35       212          10
    4      37         39          5          115       206          10
    5      40         40          6          66       241          10
    6      31         34          8          110       209          10
    7      37         26          10          87       246          10
    8      38         42          10          7       223          10
    9      9         29          9          29       235          10
    10      31         24          7          64       236          10
    11      47         10          7          4       221          10
    12      0         25          6          91       225          10
    13      28         35          9          50       232          10
    14      23         26          5          100       222          10
    15      0         31          9          97       216          10
    16      28         33          7          103       225          10
    17      26         17          10          70       237          10
    18      39         32          8          57       221          10
    19      3         36          10          51       224          10
    20      32         10          10          76       243          10
    21      33         0          9          51       209          10
    22      42         25          6          85       214          10
    23      36         35          6          93       203          10
    24      14         19          6          36       247          10
    25      14         4          6          74       247          10
