r402
VEHICLE
NUMBER     CAPACITY
  10         100

CUSTOMER
CUST NO.  XCOORD.   YCOORD.    DEMAND   READY TIME  DUE DATE   SERVICE   TIME

    0      25         25          0          0          250         0
    1      15         10          5          13       209          10
    2      27         13          6          36       250          10
    3      5         20          7          4       231          10
    4      21         32          6          21       232          10
    5      35         20          9          91       208          10
    6      29         22          10          57       231          10
    7      12         27          5          42       202          10
    8      27         50          7          49       249          10
    9      26         8          9          37       236          10
    10      13         37          10          3       232          10
    11      43         26          9          104       229          10
    12      1         12          5          84       223          10
    13      23         25          10          41       218          10
    14      31         10          9          30       200          10
    15      3         37          5          4       245          10
    16      38         39          6          49       226          10
    17      4         28          9          22       235          10
    18      35         7          10          11       221          10
    19      30         7          5          97       207          10
    20      43         22          5          84       201          10
    21      4         35          10          18       202          10
    22      11         5          7          84       209          10
    23      50         31          8          72       222          10
    24      31         42          8          29       235          10
    25      44         34          7          113       228          10
