r405
VEHICLE
NUMBER     CAPACITY
  10         100

CUSTOMER
CUST NO.  XCOORD.   YCOORD.    DEMAND   READY TIME  DUE DATE   SERVICE   TIME

    0      25         25          0          0          250         0
    1      38         19          9          102       203          10
    2      42         20          10          104       241          10
    3      24         38          9          113       250          10
    4      4         25          7          53       230          10
    5      1         4          10          45       208          10
    6      22         29          6          91       204          10
    7      42         47          8          41       215          10
    8      24         26          6          7       204          10
    9      19         32          10          70       201          10
    10      0         12          9          62       219          10
    11      4         12          7          66       226          10
    12      11         3          10          46       241          10
    13      23         26          7          113       248          10
    14      37         2          5          1       234          10
    15      27         45          5          45       210          10
    16      41         13          8          12       225          10
    17      38         12          10          33       211          10
    18      39         6          7          33       245          10
    19      5         12          7          45       209          10
    20      31         2          6          95       246          10
    21      9         3          9          43       249          10
    22      27         38          7          17       237          10
    23      4         31          6          30       217          10
    24      13         42          6          101       207          10
    25      16         43          8          107       203          10
