r406
VEHICLE
NUMBER     CAPACITY
  10         100

CUSTOMER
CUST NO.  XCOORD.   YCOORD.    DEMAND   READY TIME  DUE DATE   SERVICE   TIME

    0      25         25          0          0          250         0
    1      10         15          7          108       202          10
    2      45         32          6          76       243          10
    3      16         11          5          50       245          10
    4      2         47          5          52       246          10
    5      21         21          9          76       234          10
    6      8         5          10          4       218          10
    7      48         9          8          39       205          10
    8      17         40          9          88       230          10
    9      42         21          5          5       220          10
    10      2         0          10          58       212          10
    11      3         14          7          1       204          10
    12      40         1          7          46       215          10
    13      10         46          8          38       211          10
    14      36         7          6          89       219          10
    15      42         18          5          4       240          10
    16      29         13          9          70       227          10
    17      25         35          9          32       245          10
    18      40         33          8          19       241          10
    19      34         28          7          45       234          10
    20      11         26          8          69       234          10
    21      13         40          5          1       232          10
    22      11         45          8          68       247          10
    23      31         14          7          63       211          10
    24      29         44          6          30       223          10
    25      47         43          9          25       230          10
