r410
VEHICLE
NUMBER     CAPACITY
  10         100

CUSTOMER
CUST NO.  XCOORD.   YCOORD.    DEMAND   READY TIME  DUE DATE   SERVICE   TIME

    0      25         25          0          0          250         0
    1      16         22          10          54       227          10
    2      16         31          10          7       222          10
    3      15         16          5          49       219          10
    4      16         21          9          14       250          10
    5      12         20          10          112       208          10
    6      39         7          5          116       237          10
    7      28         18          6          46       228          10
    8      28         17          5          3       222          10
    9      16         23          10          59       210          10
    10      8         3          5          17       223          10
    11      12         5          6          58       204          10
    12      3         39          5          65       230          10
    13      27         18          10          7       239          10
    14      26         38          5          20       213          10
    15      4         30          8          38       247          10
    16      21         41          10          109       214          10
    17      9         14          6          80       239          10
    18      25         32          6          10       240          10
    19      49         5          6          62       221          10
    20      50         16          6          1       239          10
    21      14         17          6          71       204          10
    22      6         7          6          102       208          10
    23      17         0          5          22       201          10
    24      44         39          7          74       216          10
    25      9         36          7          7       244          10
