r419
VEHICLE
NUMBER     CAPACITY
  10         100

CUSTOMER
CUST NO.  XCOORD.   YCOORD.    DEMAND   READY TIME  DUE DATE   SERVICE   TIME

    0      25         25          0          0          250         0
    1      5         47          8          57       233          10
    2      41         28          5          6       228          10
    3      37         21          5          22       240          10
    4      13         24          6          50       202          10
    5      34         28          8          13       204          10
    6      9         32          5          107       218          10
    7      48         49          6          112       234          10
    8      42         4          10          87       223          10
    9      47         36          8          24       246          10
    10      13         2          9          89       216          10
    11      7         9          6          10       206          10
    12      49         3          9          1       202          10
    13      15         44          8          5       247          10
    14      41         30          6          17       233          10
    15      6         12          5          103       220          10
    16      45         30          9          97       205          10
    17      5         45          8          73       204          10
    18      47         49          8          25       217          10
    19      41         27          10          93       212          10
    20      10         10          6          83       232          10
    21      33         0          6          84       246          10
    22      9         10          7          103       216          10
    23      40         49          6          9       217          10
    24      6         15          10          45       244          10
    25      25         5          10          86       247          10
