r420
VEHICLE
NUMBER     CAPACITY
  10         100

CUSTOMER
CUST NO.  XCOORD.   YCOORD.    DEMAND   READY TIME  DUE DATE   SERVICE   TIME

    0      25         25          0          0          250         0
    1      19         32          9          81       220          10
    2      22         4          8          14       215          10
    3      40         20          5          107       214          10
    4      22         14          5          12       232          10
    5      23         22          7          31       205          10
    6      43         0          8          12       239          10
    7      3         3          10          72       248          10
    8      3         6          8          55       226          10
    9      43         8          5          1       212          10
    10      43         5          10          40       204          10
    11      13         35          8          31       209          10
    12      41         17          7          65       231          10
    13      5         36          10          37       217          10
    14      34         26          10          49       208          10
    15      34         42          10          107       244          10
    16      44         49          8          78       225          10
    17      1         24          8          15       245          10
    18      19         36          7          96       238          10
    19      24         41          7          21       217          10
    20      2         24          5          43       213          10
    21      31         37          8          63       218          10
    22      24         50          10          20       244          10
    23      11         13          6          53       236          10
    24      30         9          6          94       243          10
    25      43         28          10          20       206          10
