r422
VEHICLE
NUMBER     CAPACITY
  10         100

CUSTOMER
CUST NO.  XCOORD.   YCOORD.    DEMAND   READY TIME  DUE DATE   SERVICE   TIME

    0      25         25          0          0          250         0
    1      14         15          9          2       245          10
    2      38         28          8          13       221          10
    3      43         27          9          31       236          10
    4      17         12          9          7       243          10
    5      31         11          6          35       229          10
    6      15         15          8          16       230          10
    7      43         27          6          88       247          10
    8      43         36          10          109       206          10
    9      16         2          8          39       229          10
    10      20         18          10          56       204          10
    11      22         16          10          31       216          10
    12      20         19          7          73       218          10
    13      34         37          6          73       225          10
    14      25         31          10          83       203          10
    15      7         5          10          92       211          10
    16      21         15          10          44       221          10
    17      44         5          8          13       234          10
    18      9         19          8          58       246          10
    19      48         50          10          19       228          10
    20      33         46          5          50       228          10
    21      38         11          8          105       200          10
    22      12         21          10          5       234          10
    23      15         6          7          48       214          10
    24      5         0          10          10       219          10
    25      12         15          8          112       203          10
