r423
VEHICLE
NUMBER     CAPACITY
  10         100

CUSTOMER
CUST NO.  XCOORD.   YCOORD.    DEMAND   READY TIME  DUE DATE   SERVICE   TIME

    0      25         25          0          0          250         0
    1      9         40          9          1       243          10
    2      44         30          6          78       225          10
    3      0         20          7          46       206          10
    4      36         24          10          8       247          10
    5      9         12          7          65       218          10
    6      5         13          5          40       226          10
    7      34         30          7          24       242          10
    8      46         47          9          37       230          10
    9      19         5          10          62       213          10
    10      14         11          6          51       238          10
    11      48         43          8          103       248          10
    12      35         1          5          36       243          10
    13      23         37          7          67       215          10
    14      43         16          6          112       247          10
    15      5         3          6          77       202          10
    16      34         23          10          2       235          10
    17      7         45          10          112       245          10
    18      3         36          7          17       235          10
    19      33         31          10          45       201          10
    20      50         41          9          107       233          10
    21      37         8          7          27       200          10
    22      9         14          5          28       236          10
    23      15         15          9          86       205          10
    24      2         46          5          97       221          10
    25      8         24          10          15       223          10
