r425
VEHICLE
NUMBER     CAPACITY
  10         100

CUSTOMER
CUST NO.  XCOORD.   YCOORD.    DEMAND   READY TIME  DUE DATE   SERVICE   TIME

    0      25         25          0          0          250         0
    1      7         2          6          5       220          10
    2      22         3          8          83       248          10
    3      23         1          8          36       242          10
    4      39         38          9          94       222          10
    5      2         25          9          68       219          10
    6      17         38          9          39       224          10
    7      27         24          8          74       215          10
    8      11         30          7          69       218          10
    9      15         45          10          76       236          10
    10      12         18          6          53       242          10
    11      33         50          5          99       232          10
    12      38         3          5          25       233          10
    13      11         39          10          35       227          10
    14      7         48          8          107       232          10
    15      45         21          9          34       238          10
    16      33         22          8          47       220          10
    17      39         6          9          12       219          10
    18      44         37          9          107       229          10
    19      38         1          7          27       231          10
    20      11         41          6          99       244          10
    21      11         17          5          10       229          10
    22      46         3          5          39       213          10
    23      7         26          9          119       203          10
    24      5         15          10          37       232          10
    25      23         49          5          6       244          10
