r426
VEHICLE
NUMBER     CAPACITY
  10         100

CUSTOMER
CUST NO.  XCOORD.   YCOORD.    DEMAND   READY TIME  DUE DATE   SERVICE   TIME

    0      25         25          0          0          250         0
    1      21         50          5          84       228          10
    2      49         12          9          98       249          10
    3      12         46          9          15       232          10
    4      4         29          6          91       220          10
    5      14         40          7          70       222          10
    6      12         25          6          47       224          10
    7      15         39          10          30       222          10
    8      24         23          10          119       227          10
    9      18         7          7          64       232          10
    10      9         9          8          115       220          10
    11      45         47          9          55       216          10
    12      2         38          6          72       238          10
    13      5         33          6          108       223          10
    14      41         23          9          75       233          10
    15      40         3          9          91       204          10
    16      8         26          10          88       244          10
    17      50         0          5          14       232          10
    18      13         24          8          81       225          10
    19      48         20          8          47       231          10
    20      41         7          5          103       248          10
    21      33         19          9          58       228          10
    22      22         28          9          26       205          10
    23      13         20          6          52       201          10
    24      28         31          5          53       241          10
    25      5         41          10          80       202          10
