r427
VEHICLE
NUMBER     CAPACITY
  10         100

CUSTOMER
CUST NO.  XCOORD.   YCOORD.    DEMAND   READY TIME  DUE DATE   SERVICE   TIME

    0      25         25          0          0          250         0
    1      46         36          9          62       223          10
    2      32         1          6          88       244          10
    3      40         45          7          106       242          10
    4      22         3          5          71       201          10
    5      8         31          9          63       229          10
    6      18         20          5          14       207          10
    7      17         10          10          15       225          10
    8      31         33          9          119       207          10
    9      36         23          8          44       228          10
    10      5         11          10          118       232          10
    11      17         0          6          100       216          10
    12      15         18          7          54       247          10
    13      37         35          5          68       221          10
    14      24         21          10          69       203          10
    15      33         38          9          60       207          10
    16      5         0          6          11       248          10
    17      44         50          7          48       212          10
    18      18         12          9          108       243          10
    19      7         15          7          100       232          10
    20      25         25          9          98       231          10
    21      50         26          10          110       205          10
    22      36         41          9          29       241          10
    23      5         22          5          84       230          10
    24      0         26          5          11       202          10
    25      13         50          9          81       219          10
