r429
VEHICLE
NUMBER     CAPACITY
  10         100

CUSTOMER
CUST NO.  XCOORD.   YCOORD.    DEMAND   READY TIME  DUE DATE   SERVICE   TIME

    0      25         25          0          0          250         0
    1      49         8          8          59       213          10
    2      43         41          6          77       246          10
    3      26         35          9          12       204          10
    4      49         35          6          14       223          10
    5      45         0          8          105       227          10
    6      10         5          6          99       236          10
    7      31         48          5          60       216          10
    8      41         19          7          92       211          10
    9      15         37          5          105       204          10
    10      17         14          8          86       212          10
    11      13         30          7          110       247          10
    12      49         18          8          42       211          10
    13      16         3          9          119       206          10
    14      27         5          8          25       213          10
    15      46         11          6          57       226          10
    16      20         49          8          29       204          10
    17      17         29          5          55       243          10
    18      31         13          10          82       231          10
    19      25         50          7          57       220          10
    20      22         34          7          37       214          10
    21      20         18          5          29       215          10
    22      0         24          10          30       212          10
    23      22         19          8          35       201          10
    24      2         14          5          34       226          10
    25      4         25          5          57       215          10
