r431
VEHICLE
NUMBER     CAPACITY
  10         100

CUSTOMER
CUST NO.  XCOORD.   YCOORD.    DEMAND   READY TIME  DUE DATE   SERVICE   TIME

    0      25         25          0          0          250         0
    1      41         46          6          117       212          10
    2      50         4          7          56       231          10
    3      39         15          10          11       207          10
    4      12         16          7          109       240          10
    5      14         0          9          2       208          10
    6      39         20          10          15       200          10
    7      26         8          7          99       206          10
    8      21         29          10          89       201          10
    9      15         31          5          65       240          10
    10      17         30          9          50       214          10
    11      30         37          9          112       226          10
    12      14         41          5          94       226          10
    13      32         39          7          39       222          10
    14      44         33          5          15       227          10
    15      33         41          8          60       246          10
    16      1         38          7          14       227          10
    17      8         7          8          110       224          10
    18      0         0          5          109       247          10
    19      22         49          9          111       225          10
    20      31         30          9          32       231          10
    21      12         46          6          30       212          10
    22      19         6          7          34       248          10
    23      23         49          10          74       240          10
    24      44         32          9          56       238          10
    25      9         13          8          81       219          10
