r432
VEHICLE
NUMBER     CAPACITY
  10         100

CUSTOMER
CUST NO.  XCOORD.   YCOORD.    DEMAND   READY TIME  DUE DATE   SERVICE   TIME

    0      25         25          0          0          250         0
    1      25         10          10          57       237          10
    2      26         14          10          105       209          10
    3      21         40          5          13       232          10
    4      16         5          8          7       239          10
    5      12         3          5          28       234          10
    6      49         1          6          11       211          10
    7      15         29          6          20       240          10
    8      25         2          9          1       225          10
    9      3         35          5          119       237          10
    10      23         25          6          92       244          10
    11      15         43          8          7       226          10
    12      1         20          5          1       233          10
    13      16         45          5          23       214          10
    14      35         26          7          25       226          10
    15      20         1          7          12       229          10
    16      29         7          10          10       215          10
    17      23         36          9          5       246          10
    18      4         7          6          65       223          10
    19      41         3          9          79       235          10
    20      42         46          8          118       238          10
    21      0         43          10          29       225          10
    22      31         2          9          114       231          10
    23      44         5          5          64       204          10
    24      36         22          8          46       213          10
    25      14         32          6          68       245          10
