r434
VEHICLE
NUMBER     CAPACITY
  10         100

CUSTOMER
CUST NO.  XCOORD.   YCOORD.    DEMAND   READY TIME  DUE DATE   SERVICE   TIME

    0      25         25          0          0          250         0
    1      21         38          6          18       215          10
    2      49         47          6          97       236          10
    3      38         16          7          20       247          10
    4      6         7          8          101       212          10
    5      2         45          8          31       240          10
    6      19         48          10          16       224          10
    7      5         20          10          70       226          10
    8      14         13          7          94       200          10
    9      31         22          8          26       209          10
    10      1         33          5          16       213          10
    11      16         41          7          116       238          10
    12      14         3          10          29       234          10
    13      19         23          5          3       225          10
    14      19         28          6          20       216          10
    15      33         42          7          26       227          10
    16      11         7          10          76       213          10
    17      4         33          8          90       234          10
    18      35         28          6          119       249          10
    19      14         41          7          54       208          10
    20      14         39          7          24       235          10
    21      12         31          8          89       215          10
    22      45         35          5          64       234          10
    23      13         16          5          55       237          10
    24      5         4          5          107       236          10
    25      25         10          5          24       236          10
