r435
VEHICLE
NUMBER     CAPACITY
  10         100

CUSTOMER
CUST NO.  XCOORD.   YCOORD.    DEMAND   READY TIME  DUE DATE   SERVICE   TIME

    0      25         25          0          0          250         0
    1      50         29          9          100       225          10
    2      16         15          5          21       210          10
    3      30         17          8          116       245          10
    4      44         4          7          104       203          10
    5      42         47          7          9       233          10
    6      45         9          5          57       239          10
    7      22         47          5          17       232          10
    8      6         3          10          24       210          10
    9      12         30          6          118       203          10
    10      11         34          6          49       222          10
    11      39         10          5          29       210          10
    12      2         32          10          101       242          10
    13      18         24          9          56       226          10
    14      49         3          10          18       221          10
    15      7         15          9          72       208          10
    16      41         3          10          27       241          10
    17      13         25          9          105       239          10
    18      1         3          6          34       204          10
    19      29         30          6          15       216          10
    20      25         3          7          87       233          10
    21      6         23          8          71       231          10
    22      34         6          9          77       217          10
    23      19         2          6          64       219          10
    24      8         10          5          21       218          10
    25      5         18          6          96       214          10
