r437
VEHICLE
NUMBER     CAPACITY
  10         100

CUSTOMER
CUST NO.  XCOORD.   YCOORD.    DEMAND   READY TIME  DUE DATE   SERVICE   TIME

    0      25         25          0          0          250         0
    1      36         39          9          41       233          10
    2      14         10          8          22       244          10
    3      41         13          10          78       217          10
    4      26         19          8          95       248          10
    5      12         29          9          31       231          10
    6      14         31          5          99       229          10
    7      5         15          9          29       247          10
    8      7         1          6          57       213          10
    9      36         1          10          53       202          10
    10      41         50          7          13       233          10
    11      42         43          10          50       229          10
    12      16         25          8          111       247          10
    13      27         44          8          97       223          10
    14      23         37          5          66       232          10
    15      50         32          6          78       234          10
    16      37         47          10          31       200          10
    17      15         28          5          120       243          10
    18      31         43          6          85       209          10
    19      5         39          6          69       247          10
    20      37         16          9          48       243          10
    21      23         40          5          71       221          10
    22      14         9          5          32       227          10
    23      36         42          5          80       240          10
    24      21         28          10          31       202          10
    25      45         37          9          33       221          10
