r438
VEHICLE
NUMBER     CAPACITY
  10         100

CUSTOMER
CUST NO.  XCOORD.   YCOORD.    DEMAND   READY TIME  DUE DATE   SERVICE   TIME

    0      25         25          0          0          250         0
    1      46         3          9          104       201          10
    2      36         42          8          91       207          10
    3      33         3          6          24       211          10
    4      22         16          9          8       224          10
    5      46         34          7          102       203          10
    6      11         27          6          46       201          10
    7      33         3          9          1       216          10
    8      47         16          6          109       225          10
    9      1         4          10          13       218          10
    10      14         13          8          76       228          10
    11      36         15          10          13       212          10
    12      17         7          9          13       209          10
    13      50         18          6          16       229          10
    14      19         21          7          92       203          10
    15      23         22          6          89       200          10
    16      34         37          9          91       222          10
    17      26         0          10          82       221          10
    18      3         41          10          82       247          10
    19      25         39          6          43       217          10
    20      16         25          9          71       206          10
    21      45         11          8          11       215          10
    22      41         17          10          57       227          10
    23      17         39          5          68       208          10
    24      13         27          6          111       234          10
    25      42         38          8          51       212          10
