r441
VEHICLE
NUMBER     CAPACITY
  10         100

CUSTOMER
CUST NO.  XCOORD.   YCOORD.    DEMAND   READY TIME  DUE DATE   SERVICE   TIME

    0      25         25          0          0          250         0
    1      7         42          8          68       221          10
    2      18         23          9          98       232          10
    3      45         10          6          30       227          10
    4      34         38          6          69       248          10
    5      43         18          9          79       245          10
    6      17         27          10          55       245          10
    7      45         16          7          82       204          10
    8      1         22          7          115       208          10
    9      11         13          7          119       247          10
    10      23         41          6          21       233          10
    11      39         2          7          94       234          10
    12      9         7          8          64       234          10
    13      44         18          5          2       238          10
    14      40         42          8          37       226          10
    15      19         24          5          35       245          10
    16      15         38          10          119       244          10
    17      45         24          7          63       225          10
    18      36         0          6          42       225          10
    19      12         28          9          92       205          10
    20      37         0          10          83       211          10
    21      34         24          7          9       205          10
    22      5         7          6          19       240          10
    23      44         43          5          71       206          10
    24      35         8          7          109       203          10
    25      18         29          6          9       201          10
