r442
VEHICLE
NUMBER     CAPACITY
  10         100

CUSTOMER
CUST NO.  XCOORD.   YCOORD.    DEMAND   READY TIME  DUE DATE   SERVICE   TIME

    0      25         25          0          0          250         0
    1      33         19          9          85       214          10
    2      3         17          10          67       210          10
    3      24         50          8          104       208          10
    4      18         19          7          3       203          10
    5      10         8          5          37       239          10
    6      16         9          5          96       229          10
    7      33         1          8          108       201          10
    8      12         21          9          26       234          10
    9      34         24          5          89       235          10
    10      18         2          10          114       202          10
    11      41         42          5          11       234          10
    12      14         37          7          0       200          10
    13      22         14          5          34       209          10
    14      45         31          6          100       211          10
    15      25         26          9          99       216          10
    16      44         32          9          67       214          10
    17      0         39          6          65       205          10
    18      23         13          9          79       218          10
    19      36         17          7          51       245          10
    20      37         48          5          106       239          10
    21      30         9          7          78       210          10
    22      39         26          7          82       201          10
    23      9         47          5          103       205          10
    24      0         13          6          99       247          10
    25      11         36          9          29       235          10
