r443
VEHICLE
NUMBER     CAPACITY
  10         100

CUSTOMER
CUST NO.  XCOORD.   YCOORD.    DEMAND   READY TIME  DUE DATE   SERVICE   TIME

    0      25         25          0          0          250         0
    1      19         26          8          15       204          10
    2      13         5          10          44       243          10
    3      44         23          9          84       233          10
    4      45         26          7          80       212          10
    5      21         43          5          11       202          10
    6      29         22          6          16       217          10
    7      35         0          9          88       223          10
    8      26         16          7          68       204          10
    9      37         1          10          112       228          10
    10      28         43          10          7       240          10
    11      34         38          6          74       231          10
    12      30         27          7          49       208          10
    13      22         19          8          27       235          10
    14      7         30          6          109       228          10
    15      38         19          10          54       230          10
    16      7         1          10          15       208          10
    17      3         29          7          66       213          10
    18      3         8          8          101       232          10
    19      33         44          9          72       218          10
    20      43         15          5          18       215          10
    21      46         22          10          18       214          10
    22      43         44          8          40       210          10
    23      3         6          6          64       238          10
    24      48         48          6          74       219          10
    25      9         32          10          3       242          10
