r444
VEHICLE
NUMBER     CAPACITY
  10         100

CUSTOMER
CUST NO.  XCOORD.   YCOORD.    DEMAND   READY TIME  DUE DATE   SERVICE   TIME

    0      25         25          0          0          250         0
    1      29         46          5          103       241          10
    2      20         34          10          22       216          10
    3      45         28          6          58       212          10
    4      14         6          5          113       244          10
    5      0         46          7          114       219          10
    6      13         6          5          24       202          10
    7      37         16          7          84       235          10
    8      44         13          9          22       203          10
    9      16         31          8          112       241          10
    10      13         16          10          45       228          10
    11      17         29          9          43       213          10
    12      12         13          8          72       229          10
    13      13         28          10          101       224          10
    14      5         11          7          24       250          10
    15      15         41          10          42       236          10
    16      46         40          5          113       224          10
    17      15         25          9          36       245          10
    18      48         1          8          50       209          10
    19      22         17          6          103       204          10
    20      37         32          8          107       221          10
    21      18         37          8          47       234          10
    22      6         9          7          24       219          10
    23      40         34          9          114       230          10
    24      9         28          6          31       212          10
    25      43         4          9          28       243          10
