r446
VEHICLE
NUMBER     CAPACITY
  10         100

CUSTOMER
CUST NO.  XCOORD.   YCOORD.    DEMAND   READY TIME  DUE DATE   SERVICE   TIME

    0      25         25          0          0          250         0
    1      42         10          6          105       233          10
    2      22         44          5          80       238          10
    3      32         24          7          2       233          10
    4      7         20          10          29       233          10
    5      16         34          5          109       200          10
    6      45         5          8          5       211          10
    7      39         33          7          100       231          10
    8      37         31          8          21       209          10
    9      26         35          10          105       223          10
    10      1         28          7          91       224          10
    11      29         5          10          37       238          10
    12      33         27          10          119       227          10
    13      43         25          9          71       248          10
    14      37         25          7          47       229          10
    15      16         33          9          38       241          10
    16      21         21          7          21       220          10
    17      27         16          9          6       229          10
    18      16         32          8          119       211          10
    19      3         33          7          22       218          10
    20      30         28          5          73       215          10
    21      15         27          7          40       209          10
    22      20         34          6          116       229          10
    23      39         33          8          79       204          10
    24      5         24          6          60       232          10
    25      16         12          7          17       208          10
