r448
VEHICLE
NUMBER     CAPACITY
  10         100

CUSTOMER
CUST NO.  XCOORD.   YCOORD.    DEMAND   READY TIME  DUE DATE   SERVICE   TIME

    0      25         25          0          0          250         0
    1      48         4          10          44       237          10
    2      0         39          5          91       218          10
    3      21         24          7          7       246          10
    4      3         0          10          56       208          10
    5      15         47          9          55       237          10
    6      45         16          10          15       243          10
    7      26         2          10          22       208          10
    8      6         41          9          73       236          10
    9      26         3          6          4       250          10
    10      48         32          6          108       201          10
    11      49         30          7          20       232          10
    12      23         6          10          77       207          10
    13      29         18          7          24       246          10
    14      2         23          10          92       209          10
    15      38         26          6          38       234          10
    16      14         26          9          33       214          10
    17      12         47          7          29       210          10
    18      50         9          6          92       233          10
    19      42         35          5          107       206          10
    20      40         38          5          26       224          10
    21      34         11          8          31       206          10
    22      31         8          10          0       216          10
    23      39         19          7          57       220          10
    24      5         26          5          97       212          10
    25      18         37          10          24       245          10
