r450
VEHICLE
NUMBER     CAPACITY
  10         100

CUSTOMER
CUST NO.  XCOORD.   YCOORD.    DEMAND   READY TIME  DUE DATE   SERVICE   TIME

    0      25         25          0          0          250         0
    1      26         28          5          38       204          10
    2      48         3          8          71       224          10
    3      28         49          10          74       242          10
    4      8         7          7          53       214          10
    5      44         36          9          59       204          10
    6      40         24          5          61       216          10
    7      3         21          8          102       201          10
    8      7         0          6          67       239          10
    9      1         25          10          76       204          10
    10      46         41          7          44       202          10
    11      3         31          7          99       206          10
    12      3         47          7          107       241          10
    13      49         20          9          110       217          10
    14      10         11          7          80       233          10
    15      40         1          7          56       206          10
    16      34         28          10          83       234          10
    17      9         16          7          93       210          10
    18      32         10          5          82       228          10
    19      21         38          7          75       210          10
    20      13         38          7          101       228          10
    21      49         38          7          112       209          10
    22      10         15          9          74       209          10
    23      5         6          10          92       219          10
    24      42         29          8          102       203          10
    25      41         36          9          74       228          10
