r451
VEHICLE
NUMBER     CAPACITY
  10         100

CUSTOMER
CUST NO.  XCOORD.   YCOORD.    DEMAND   READY TIME  DUE DATE   SERVICE   TIME

    0      25         25          0          0          250         0
    1      40         30          7          11       243          10
    2      15         25          9          85       233          10
    3      2         45          9          30       210          10
    4      9         19          8          106       243          10
    5      49         30          5          114       210          10
    6      48         29          6          32       244          10
    7      21         28          6          72       245          10
    8      5         23          10          26       209          10
    9      27         41          8          67       237          10
    10      6         13          8          101       224          10
    11      42         40          10          7       215          10
    12      1         35          10          52       221          10
    13      12         4          9          109       246          10
    14      6         24          10          74       210          10
    15      39         9          9          35       218          10
    16      38         17          6          81       238          10
    17      21         12          7          113       215          10
    18      45         40          6          55       218          10
    19      21         14          6          9       219          10
    20      24         21          6          16       211          10
    21      46         11          10          21       232          10
    22      41         48          7          18       236          10
    23      17         16          6          30       222          10
    24      40         9          6          66       227          10
    25      22         32          8          79       233          10
