r456
VEHICLE
NUMBER     CAPACITY
  10         100

CUSTOMER
CUST NO.  XCOORD.   YCOORD.    DEMAND   READY TIME  DUE DATE   SERVICE   TIME

    0      25         25          0          0          250         0
    1      32         32          8          43       202          10
    2      30         28          9          45       206          10
    3      25         33          10          28       219          10
    4      35         4          7          107       242          10
    5      32         12          8          82       242          10
    6      2         23          7          108       214          10
    7      29         5          7          48       243          10
    8      30         41          7          106       226          10
    9      6         38          5          106       226          10
    10      12         6          10          4       200          10
    11      6         25          10          109       205          10
    12      13         30          9          61       240          10
    13      10         29          9          119       248          10
    14      37         8          6          31       209          10
    15      50         20          7          48       202          10
    16      11         44          10          19       249          10
    17      1         16          6          55       228          10
    18      23         40          10          4       210          10
    19      46         22          9          47       213          10
    20      35         32          9          5       202          10
    21      3         22          6          45       232          10
    22      15         20          5          116       220          10
    23      25         35          6          58       232          10
    24      38         44          6          81       224          10
    25      13         0          6          59       245          10
