r459
VEHICLE
NUMBER     CAPACITY
  10         100

CUSTOMER
CUST NO.  XCOORD.   YCOORD.    DEMAND   READY TIME  DUE DATE   SERVICE   TIME

    0      25         25          0          0          250         0
    1      27         39          6          85       203          10
    2      24         30          8          110       231          10
    3      50         49          6          76       224          10
    4      47         35          8          88       205          10
    5      32         1          6          3       219          10
    6      7         10          7          27       246          10
    7      35         6          6          63       226          10
    8      0         48          8          112       219          10
    9      0         32          5          47       241          10
    10      44         41          6          100       240          10
    11      34         30          8          88       248          10
    12      11         2          5          29       215          10
    13      42         4          5          114       235          10
    14      8         43          5          100       209          10
    15      42         39          6          86       231          10
    16      38         18          6          97       248          10
    17      49         49          10          66       226          10
    18      33         26          8          47       218          10
    19      11         38          5          81       227          10
    20      34         44          8          57       203          10
    21      35         37          6          2       214          10
    22      35         38          7          71       235          10
    23      15         8          6          33       202          10
    24      20         44          10          104       205          10
    25      4         15          8          54       248          10
