r460
VEHICLE
NUMBER     CAPACITY
  10         100

CUSTOMER
CUST NO.  XCOORD.   YCOORD.    DEMAND   READY TIME  DUE DATE   SERVICE   TIME

    0      25         25          0          0          250         0
    1      17         15          6          9       238          10
    2      45         33          6          14       206          10
    3      37         43          7          81       243          10
    4      28         35          5          91       202          10
    5      44         2          5          106       200          10
    6      45         49          9          25       237          10
    7      44         19          6          55       241          10
    8      17         7          9          22       238          10
    9      32         34          6          70       233          10
    10      47         25          5          118       204          10
    11      17         6          9          88       245          10
    12      30         16          6          37       216          10
    13      10         33          7          84       233          10
    14      34         31          8          80       213          10
    15      31         6          9          75       223          10
    16      14         40          6          26       228          10
    17      46         41          6          120       217          10
    18      31         43          9          2       223          10
    19      40         8          9          108       220          10
    20      37         17          9          118       216          10
    21      1         12          5          31       221          10
    22      29         37          5          96       207          10
    23      39         33          6          113       212          10
    24      6         44          10          62       211          10
    25      49         42          7          98       219          10
