r461
VEHICLE
NUMBER     CAPACITY
  10         100

CUSTOMER
CUST NO.  XCOORD.   YCOORD.    DEMAND   READY TIME  DUE DATE   SERVICE   TIME

    0      25         25          0          0          250         0
    1      48         22          5          96       201          10
    2      28         43          9          2       236          10
    3      38         43          10          95       242          10
    4      42         40          8          38       223          10
    5      34         12          5          120       248          10
    6      28         31          10          80       250          10
    7      47         22          6          12       215          10
    8      33         45          6          0       235          10
    9      21         32          10          118       200          10
    10      46         8          6          27       234          10
    11      38         22          10          55       241          10
    12      49         1          5          20       218          10
    13      46         38          5          106       215          10
    14      26         8          10          44       227          10
    15      27         0          10          83       219          10
    16      8         23          5          69       203          10
    17      43         48          5          107       229          10
    18      30         3          8          52       223          10
    19      2         34          6          4       200          10
    20      11         39          6          22       203          10
    21      48         9          8          119       238          10
    22      2         27          7          16       222          10
    23      20         36          9          102       209          10
    24      40         32          7          6       201          10
    25      7         24          5          71       241          10
