r462
VEHICLE
NUMBER     CAPACITY
  10         100

CUSTOMER
CUST NO.  XCOORD.   YCOORD.    DEMAND   READY TIME  DUE DATE   SERVICE   TIME

    0      25         25          0          0          250         0
    1      10         16          9          16       229          10
    2      6         6          9          62       211          10
    3      2         1          5          20       241          10
    4      49         49          5          6       248          10
    5      23         15          10          44       227          10
    6      6         43          10          65       224          10
    7      42         42          10          68       239          10
    8      35         7          10          46       211          10
    9      0         40          10          92       233          10
    10      27         44          6          117       208          10
    11      14         8          6          79       214          10
    12      36         14          8          26       233          10
    13      35         48          10          42       231          10
    14      25         17          9          2       210          10
    15      9         8          10          86       205          10
    16      8         23          10          75       203          10
    17      5         1          5          93       246          10
    18      6         24          5          89       225          10
    19      32         29          5          120       233          10
    20      17         41          10          120       216          10
    21      45         49          5          40       247          10
    22      27         41          10          106       247          10
    23      18         46          7          10       208          10
    24      41         33          6          50       211          10
    25      20         5          6          40       226          10
