r463
VEHICLE
NUMBER     CAPACITY
  10         100

CUSTOMER
CUST NO.  XCOORD.   YCOORD.    DEMAND   READY TIME  DUE DATE   SERVICE   TIME

    0      25         25          0          0          250         0
    1      48         5          9          100       214          10
    2      9         13          9          39       210          10
    3      39         27          6          69       242          10
    4      23         41          9          23       240          10
    5      2         39          6          35       234          10
    6      12         11          10          42       237          10
    7      20         43          7          9       201          10
    8      47         7          5          69       243          10
    9      8         4          9          74       216          10
    10      50         21          8          62       215          10
    11      26         19          6          110       208          10
    12      12         21          5          14       237          10
    13      38         7          10          49       221          10
    14      47         37          9          78       207          10
    15      26         45          10          55       203          10
    16      31         2          8          118       221          10
    17      44         49          8          96       227          10
    18      38         6          6          77       217          10
    19      26         2          5          88       211          10
    20      8         11          8          46       235          10
    21      24         3          7          66       234          10
    22      10         43          5          98       246          10
    23      1         31          7          31       201          10
    24      18         38          6          43       235          10
    25      47         6          9          51       231          10
