r464
VEHICLE
NUMBER     CAPACITY
  10         100

CUSTOMER
CUST NO.  XCOORD.   YCOORD.    DEMAND   READY TIME  DUE DATE   SERVICE   TIME

    0      25         25          0          0          250         0
    1      14         27          7          117       218          10
    2      47         27          5          1       222          10
    3      3         45          10          53       240          10
    4      3         8          7          49       208          10
    5      3         11          5          14       209          10
    6      44         13          9          80       234          10
    7      14         16          5          74       211          10
    8      5         42          8          43       221          10
    9      37         6          5          54       212          10
    10      33         46          10          87       215          10
    11      29         8          5          110       200          10
    12      22         47          7          57       226          10
    13      2         1          10          28       230          10
    14      5         26          5          19       234          10
    15      1         44          9          91       248          10
    16      41         4          10          75       241          10
    17      10         8          6          103       231          10
    18      14         24          6          31       202          10
    19      17         25          7          36       226          10
    20      4         2          9          82       211          10
    21      47         37          8          66       240          10
    22      8         30          5          62       205          10
    23      48         47          6          53       204          10
    24      18         37          9          109       215          10
    25      9         18          10          83       218          10
