r465
VEHICLE
NUMBER     CAPACITY
  10         100

CUSTOMER
CUST NO.  XCOORD.   YCOORD.    DEMAND   READY TIME  DUE DATE   SERVICE   TIME

    0      25         25          0          0          250         0
    1      18         27          7          114       238          10
    2      11         9          5          98       208          10
    3      13         12          7          69       216          10
    4      46         23          8          66       224          10
    5      40         9          6          43       241          10
    6      35         24          5          46       216          10
    7      2         13          6          117       235          10
    8      48         23          8          104       218          10
    9      23         29          6          118       203          10
    10      44         12          5          43       235          10
    11      29         26          8          60       206          10
    12      6         44          5          87       218          10
    13      9         10          7          22       240          10
    14      48         43          6          50       232          10
    15      13         44          6          107       201          10
    16      11         26          6          66       248          10
    17      1         23          8          111       231          10
    18      14         9          6          13       200          10
    19      29         0          5          101       226          10
    20      1         19          7          28       202          10
    21      9         13          10          53       232          10
    22      34         4          8          107       205          10
    23      30         20          8          59       214          10
    24      0         42          10          17       221          10
    25      14         0          8          28       204          10
