r466
VEHICLE
NUMBER     CAPACITY
  10         100

CUSTOMER
CUST NO.  XCOORD.   YCOORD.    DEMAND   READY TIME  DUE DATE   SERVICE   TIME

    0      25         25          0          0          250         0
    1      15         16          8          35       237          10
    2      23         50          7          36       208          10
    3      10         45          9          60       241          10
    4      20         50          9          93       222          10
    5      6         2          9          20       229          10
    6      35         48          7          111       208          10
    7      33         3          6          13       227          10
    8      43         24          8          106       212          10
    9      8         47          9          93       201          10
    10      0         41          8          0       206          10
    11      25         44          10          51       219          10
    12      12         41          8          32       248          10
    13      47         47          8          55       237          10
    14      30         38          6          88       227          10
    15      8         10          6          79       230          10
    16      20         24          9          105       245          10
    17      38         0          10          101       202          10
    18      0         10          7          83       214          10
    19      32         25          7          120       242          10
    20      11         4          6          21       237          10
    21      6         5          9          5       233          10
    22      3         13          5          104       235          10
    23      38         10          10          37       232          10
    24      7         39          10          13       241          10
    25      23         36          8          6       232          10
