r469
VEHICLE
NUMBER     CAPACITY
  10         100

CUSTOMER
CUST NO.  XCOORD.   YCOORD.    DEMAND   READY TIME  DUE DATE   SERVICE   TIME

    0      25         25          0          0          250         0
    1      40         14          10          55       203          10
    2      0         16          10          58       215          10
    3      34         45          7          65       233          10
    4      17         40          7          80       222          10
    5      20         28          7          33       229          10
    6      31         3          10          78       236          10
    7      9         24          8          74       216          10
    8      28         10          7          117       230          10
    9      36         21          6          43       224          10
    10      1         26          7          39       204          10
    11      19         45          10          40       234          10
    12      32         6          6          48       200          10
    13      29         40          9          60       231          10
    14      12         44          7          78       209          10
    15      42         30          8          53       245          10
    16      31         47          10          34       208          10
    17      36         30          8          52       208          10
    18      18         16          9          107       227          10
    19      48         11          9          71       246          10
    20      4         32          8          114       242          10
    21      20         0          10          13       215          10
    22      0         11          6          105       221          10
    23      6         39          5          95       224          10
    24      37         10          5          3       200          10
    25      30         28          7          118       202          10
