r474
VEHICLE
NUMBER     CAPACITY
  10         100

CUSTOMER
CUST NO.  XCOORD.   YCOORD.    DEMAND   READY TIME  DUE DATE   SERVICE   TIME

    0      25         25          0          0          250         0
    1      18         14          7          69       205          10
    2      37         47          9          91       218          10
    3      24         27          5          58       214          10
    4      10         13          5          68       200          10
    5      36         3          5          110       226          10
    6      16         48          7          51       231          10
    7      22         3          7          48       229          10
    8      36         21          7          39       244          10
    9      38         36          7          119       241          10
    10      31         11          7          14       233          10
    11      11         48          6          52       227          10
    12      9         31          10          116       240          10
    13      30         16          7          8       213          10
    14      12         1          6          73       222          10
    15      40         29          9          29       216          10
    16      44         11          7          109       239          10
    17      40         23          6          91       243          10
    18      35         32          8          1       239          10
    19      18         22          8          108       245          10
    20      16         28          7          81       209          10
    21      24         16          5          3       205          10
    22      16         45          10          2       212          10
    23      32         17          7          102       246          10
    24      48         15          8          81       227          10
    25      6         34          7          16       209          10
