r476
VEHICLE
NUMBER     CAPACITY
  10         100

CUSTOMER
CUST NO.  XCOORD.   YCOORD.    DEMAND   READY TIME  DUE DATE   SERVICE   TIME

    0      25         25          0          0          250         0
    1      3         16          6          117       201          10
    2      35         34          10          10       205          10
    3      41         6          9          21       249          10
    4      8         30          10          5       215          10
    5      48         12          7          47       232          10
    6      20         13          5          100       205          10
    7      14         14          9          32       217          10
    8      48         38          9          77       250          10
    9      3         37          9          105       226          10
    10      30         34          10          84       224          10
    11      41         49          7          112       226          10
    12      20         31          10          89       241          10
    13      26         46          5          104       207          10
    14      46         47          5          39       246          10
    15      2         40          8          44       229          10
    16      22         16          6          0       224          10
    17      45         37          5          30       226          10
    18      21         9          10          87       214          10
    19      24         17          10          60       243          10
    20      50         50          8          73       234          10
    21      18         46          5          56       228          10
    22      23         12          6          14       213          10
    23      15         34          9          44       231          10
    24      48         41          9          80       201          10
    25      24         49          7          105       234          10
