r478
VEHICLE
NUMBER     CAPACITY
  10         100

CUSTOMER
CUST NO.  XCOORD.   YCOORD.    DEMAND   READY TIME  DUE DATE   SERVICE   TIME

    0      25         25          0          0          250         0
    1      23         2          10          99       200          10
    2      31         4          6          94       200          10
    3      6         11          6          30       207          10
    4      29         46          6          33       245          10
    5      7         44          7          83       202          10
    6      39         40          9          54       222          10
    7      12         18          8          5       229          10
    8      13         3          5          80       225          10
    9      30         40          6          3       233          10
    10      33         8          5          50       249          10
    11      48         46          10          112       233          10
    12      10         34          8          53       232          10
    13      31         4          10          3       225          10
    14      36         11          9          75       221          10
    15      11         1          10          50       234          10
    16      28         50          9          21       218          10
    17      28         35          8          107       245          10
    18      18         38          10          68       217          10
    19      13         45          10          96       230          10
    20      13         21          9          13       201          10
    21      40         7          5          74       218          10
    22      37         49          8          58       243          10
    23      15         50          9          15       223          10
    24      48         29          10          85       200          10
    25      47         37          8          27       227          10
