r484
VEHICLE
NUMBER     CAPACITY
  10         100

CUSTOMER
CUST NO.  XCOORD.   YCOORD.    DEMAND   READY TIME  DUE DATE   SERVICE   TIME

    0      25         25          0          0          250         0
    1      1         25          7          98       222          10
    2      11         32          6          110       236          10
    3      32         33          8          17       248          10
    4      11         29          8          78       220          10
    5      1         45          5          31       235          10
    6      45         45          10          52       211          10
    7      24         48          5          89       249          10
    8      49         26          6          52       249          10
    9      23         23          10          77       230          10
    10      42         20          10          41       217          10
    11      3         23          9          100       224          10
    12      13         48          6          50       214          10
    13      37         45          6          102       241          10
    14      13         43          8          5       203          10
    15      6         33          5          10       215          10
    16      47         13          5          24       233          10
    17      32         28          9          7       243          10
    18      9         43          10          110       236          10
    19      7         1          6          18       245          10
    20      34         26          7          116       239          10
    21      30         36          5          63       200          10
    22      12         21          8          51       222          10
    23      39         33          6          2       238          10
    24      15         39          7          30       214          10
    25      21         9          5          84       223          10
