r486
VEHICLE
NUMBER     CAPACITY
  10         100

CUSTOMER
CUST NO.  XCOORD.   YCOORD.    DEMAND   READY TIME  DUE DATE   SERVICE   TIME

    0      25         25          0          0          250         0
    1      50         43          8          36       250          10
    2      3         23          8          73       203          10
    3      35         33          9          85       201          10
    4      33         17          5          57       228          10
    5      24         3          9          22       245          10
    6      19         42          10          18       238          10
    7      44         7          7          102       245          10
    8      5         22          7          66       207          10
    9      15         23          10          44       234          10
    10      46         42          7          63       213          10
    11      27         37          8          49       226          10
    12      27         10          9          18       226          10
    13      49         32          8          77       247          10
    14      8         22          8          93       215          10
    15      45         3          9          53       228          10
    16      33         24          7          64       238          10
    17      15         31          8          113       217          10
    18      43         21          10          99       214          10
    19      43         33          8          25       212          10
    20      28         8          8          82       217          10
    21      39         28          5          50       233          10
    22      23         47          6          4       207          10
    23      22         15          8          37       201          10
    24      39         40          9          87       230          10
    25      2         38          10          57       207          10
