r488
VEHICLE
NUMBER     CAPACITY
  10         100

CUSTOMER
CUST NO.  XCOORD.   YCOORD.    DEMAND   READY TIME  DUE DATE   SERVICE   TIME

    0      25         25          0          0          250         0
    1      19         0          6          50       205          10
    2      23         36          7          62       209          10
    3      35         12          9          5       249          10
    4      10         42          10          36       201          10
    5      34         21          10          104       215          10
    6      26         20          8          21       249          10
    7      8         44          9          64       201          10
    8      36         27          9          32       220          10
    9      9         5          8          43       248          10
    10      26         43          8          65       221          10
    11      22         16          10          33       209          10
    12      50         30          9          10       216          10
    13      32         29          6          115       221          10
    14      33         45          8          58       223          10
    15      22         26          9          87       244          10
    16      11         46          7          90       247          10
    17      18         11          9          85       208          10
    18      29         22          10          77       200          10
    19      15         17          7          79       249          10
    20      39         3          6          112       202          10
    21      0         43          10          3       229          10
    22      50         28          5          0       211          10
    23      5         21          7          105       202          10
    24      3         34          7          54       219          10
    25      50         14          7          82       223          10
