r491
VEHICLE
NUMBER     CAPACITY
  10         100

CUSTOMER
CUST NO.  XCOORD.   YCOORD.    DEMAND   READY TIME  DUE DATE   SERVICE   TIME

    0      25         25          0          0          250         0
    1      8         48          7          10       219          10
    2      18         23          7          97       213          10
    3      26         49          7          36       227          10
    4      26         44          9          112       239          10
    5      9         24          7          24       242          10
    6      2         11          7          35       250          10
    7      23         46          7          112       210          10
    8      19         39          6          100       238          10
    9      7         47          7          53       242          10
    10      4         17          5          48       237          10
    11      27         7          6          77       239          10
    12      16         24          10          41       206          10
    13      10         27          6          78       234          10
    14      40         11          10          65       220          10
    15      32         9          10          34       217          10
    16      42         43          5          42       218          10
    17      46         10          6          23       247          10
    18      12         43          7          44       246          10
    19      20         12          7          20       250          10
    20      43         25          6          11       204          10
    21      1         10          8          109       226          10
    22      29         28          5          37       206          10
    23      19         29          5          22       207          10
    24      49         43          8          21       245          10
    25      15         41          7          35       224          10
