r492
VEHICLE
NUMBER     CAPACITY
  10         100

CUSTOMER
CUST NO.  XCOORD.   YCOORD.    DEMAND   READY TIME  DUE DATE   SERVICE   TIME

    0      25         25          0          0          250         0
    1      17         50          9          42       241          10
    2      47         34          9          31       227          10
    3      5         11          7          95       227          10
    4      12         34          6          40       229          10
    5      29         41          9          8       228          10
    6      28         25          8          12       249          10
    7      39         13          8          81       230          10
    8      49         50          7          100       201          10
    9      40         28          9          16       248          10
    10      11         41          10          27       219          10
    11      31         37          9          110       233          10
    12      15         33          9          56       210          10
    13      28         30          10          12       228          10
    14      35         46          10          101       204          10
    15      21         0          6          28       227          10
    16      41         23          10          108       235          10
    17      12         24          8          38       216          10
    18      40         24          6          58       246          10
    19      1         20          9          101       224          10
    20      12         1          5          22       247          10
    21      34         20          5          80       203          10
    22      13         48          9          1       217          10
    23      34         26          9          56       244          10
    24      25         20          5          9       248          10
    25      43         17          9          55       208          10
