r493
VEHICLE
NUMBER     CAPACITY
  10         100

CUSTOMER
CUST NO.  XCOORD.   YCOORD.    DEMAND   READY TIME  DUE DATE   SERVICE   TIME

    0      25         25          0          0          250         0
    1      2         14          5          74       234          10
    2      41         37          9          43       242          10
    3      30         45          10          59       212          10
    4      26         18          8          48       206          10
    5      41         26          8          98       240          10
    6      6         38          9          50       233          10
    7      22         0          6          44       216          10
    8      8         12          6          29       200          10
    9      37         19          9          3       237          10
    10      32         3          9          101       212          10
    11      25         23          10          8       226          10
    12      8         8          5          18       224          10
    13      23         49          9          59       230          10
    14      31         37          7          58       235          10
    15      17         26          6          33       245          10
    16      31         6          7          65       225          10
    17      22         19          5          20       236          10
    18      7         13          10          103       238          10
    19      11         33          10          3       231          10
    20      25         20          5          40       213          10
    21      9         33          10          118       205          10
    22      12         14          6          20       235          10
    23      3         37          6          15       215          10
    24      1         20          9          71       212          10
    25      20         6          10          52       234          10
