r494
VEHICLE
NUMBER     CAPACITY
  10         100

CUSTOMER
CUST NO.  XCOORD.   YCOORD.    DEMAND   READY TIME  DUE DATE   SERVICE   TIME

    0      25         25          0          0          250         0
    1      44         49          6          45       249          10
    2      9         27          5          39       207          10
    3      15         14          5          83       236          10
    4      1         8          5          40       202          10
    5      17         6          10          18       228          10
    6      47         12          7          19       240          10
    7      18         41          8          78       202          10
    8      35         27          10          104       207          10
    9      19         0          5          106       218          10
    10      21         24          10          45       249          10
    11      38         4          10          118       250          10
    12      17         22          6          8       205          10
    13      10         30          6          73       217          10
    14      16         15          6          56       229          10
    15      48         8          6          43       248          10
    16      45         7          9          95       228          10
    17      32         11          5          36       245          10
    18      37         15          7          15       216          10
    19      40         43          9          0       234          10
    20      20         45          6          9       241          10
    21      33         33          7          70       248          10
    22      40         32          7          116       216          10
    23      20         47          9          86       234          10
    24      28         23          5          94       233          10
    25      44         12          9          58       219          10
