r496
VEHICLE
NUMBER     CAPACITY
  10         100

CUSTOMER
CUST NO.  XCOORD.   YCOORD.    DEMAND   READY TIME  DUE DATE   SERVICE   TIME

    0      25         25          0          0          250         0
    1      5         1          10          106       220          10
    2      15         24          5          43       208          10
    3      9         45          10          102       208          10
    4      20         2          6          24       210          10
    5      22         7          6          15       209          10
    6      11         15          9          56       225          10
    7      15         14          7          95       249          10
    8      24         18          10          42       208          10
    9      40         3          5          56       231          10
    10      11         39          8          110       227          10
    11      33         36          9          1       213          10
    12      6         11          5          57       226          10
    13      21         41          8          99       207          10
    14      27         9          10          51       223          10
    15      34         17          7          57       218          10
    16      6         32          7          38       244          10
    17      28         24          6          20       249          10
    18      29         34          8          29       214          10
    19      2         40          7          53       218          10
    20      47         24          7          22       231          10
    21      12         36          5          116       240          10
    22      28         3          6          16       237          10
    23      37         30          5          5       211          10
    24      17         11          6          113       215          10
    25      4         43          6          118       240          10
