r498
VEHICLE
NUMBER     CAPACITY
  10         100

CUSTOMER
CUST NO.  XCOORD.   YCOORD.    DEMAND   READY TIME  DUE DATE   SERVICE   TIME

    0      25         25          0          0          250         0
    1      38         24          8          18       243          10
    2      10         5          8          8       226          10
    3      41         40          10          17       202          10
    4      36         46          8          6       239          10
    5      31         14          5          113       218          10
    6      1         26          10          65       209          10
    7      39         31          5          84       217          10
    8      16         33          10          113       225          10
    9      34         36          7          72       246          10
    10      43         42          7          4       225          10
    11      46         1          7          28       221          10
    12      25         40          8          101       241          10
    13      39         43          8          15       236          10
    14      40         15          7          99       217          10
    15      36         5          10          117       219          10
    16      17         28          7          66       208          10
    17      32         24          7          85       218          10
    18      17         4          7          61       231          10
    19      10         42          6          14       211          10
    20      48         13          10          7       232          10
    21      6         21          7          14       241          10
    22      46         36          10          23       231          10
    23      12         39          7          67       238          10
    24      4         13          8          95       211          10
    25      7         14          6          9       239          10
