r499
VEHICLE
NUMBER     CAPACITY
  10         100

CUSTOMER
CUST NO.  XCOORD.   YCOORD.    DEMAND   READY TIME  DUE DATE   SERVICE   TIME

    0      25         25          0          0          250         0
    1      9         18          9          72       226          10
    2      18         21          8          41       230          10
    3      10         34          10          42       245          10
    4      23         37          5          110       226          10
    5      19         2          7          29       216          10
    6      39         7          10          106       248          10
    7      3         37          7          104       244          10
    8      16         49          8          61       219          10
    9      0         18          10          74       225          10
    10      24         10          10          15       229          10
    11      5         20          10          55       215          10
    12      8         9          9          94       244          10
    13      7         11          8          64       242          10
    14      30         49          5          120       201          10
    15      30         46          5          45       242          10
    16      13         10          10          99       235          10
    17      2         36          8          77       201          10
    18      17         3          7          57       237          10
    19      13         35          7          45       218          10
    20      43         2          9          82       219          10
    21      33         47          10          71       218          10
    22      18         7          10          29       209          10
    23      9         4          9          116       224          10
    24      50         28          7          106       223          10
    25      4         40          6          69       203          10
