r501
VEHICLE
NUMBER     CAPACITY
  10         100

CUSTOMER
CUST NO.  XCOORD.   YCOORD.    DEMAND   READY TIME  DUE DATE   SERVICE   TIME

    0      25         25          0          0          250         0
    1      13         4          10          100       225          10
    2      45         48          6          51       236          10
    3      12         17          5          88       250          10
    4      12         25          9          18       210          10
    5      18         36          9          100       236          10
    6      19         26          8          62       222          10
    7      45         33          6          104       248          10
    8      3         31          5          39       214          10
    9      42         37          7          10       220          10
    10      14         29          6          114       247          10
    11      8         23          5          44       206          10
    12      6         30          10          95       214          10
    13      12         50          9          40       245          10
    14      36         18          10          74       200          10
    15      33         42          5          8       236          10
    16      7         8          9          61       213          10
    17      48         32          5          105       204          10
    18      0         6          6          5       242          10
    19      34         49          10          38       220          10
    20      6         11          9          94       239          10
    21      9         9          10          82       218          10
    22      17         12          9          14       202          10
    23      16         47          5          53       220          10
    24      2         50          6          96       222          10
    25      19         43          8          34       210          10
