r502
VEHICLE
NUMBER     CAPACITY
  10         100

CUSTOMER
CUST NO.  XCOORD.   YCOORD.    DEMAND   READY TIME  DUE DATE   SERVICE   TIME

    0      25         25          0          0          250         0
    1      13         38          5          56       230          10
    2      8         28          10          19       203          10
    3      7         34          6          72       211          10
    4      44         21          9          26       218          10
    5      6         13          5          106       208          10
    6      3         14          8          25       236          10
    7      44         48          8          74       202          10
    8      20         16          6          95       211          10
    9      38         1          9          108       201          10
    10      27         22          8          14       244          10
    11      31         34          7          47       249          10
    12      36         40          6          84       227          10
    13      45         33          6          108       228          10
    14      15         44          5          62       235          10
    15      46         36          5          36       223          10
    16      48         42          10          25       233          10
    17      24         18          9          74       202          10
    18      45         45          7          32       206          10
    19      30         48          9          85       226          10
    20      14         40          10          88       210          10
    21      23         0          5          55       224          10
    22      1         3          10          40       204          10
    23      39         37          7          108       211          10
    24      44         20          9          22       228          10
    25      33         2          7          3       228          10
