r503
VEHICLE
NUMBER     CAPACITY
  10         100

CUSTOMER
CUST NO.  XCOORD.   YCOORD.    DEMAND   READY TIME  DUE DATE   SERVICE   TIME

    0      25         25          0          0          250         0
    1      39         1          10          18       233          10
    2      30         29          6          99       217          10
    3      28         47          8          38       209          10
    4      18         13          10          58       247          10
    5      26         19          10          98       208          10
    6      22         39          6          7       222          10
    7      43         12          8          5       232          10
    8      36         37          6          25       224          10
    9      30         47          10          23       214          10
    10      39         49          10          95       239          10
    11      38         19          8          43       223          10
    12      4         48          5          29       232          10
    13      47         20          6          40       216          10
    14      16         23          8          86       233          10
    15      46         46          9          57       248          10
    16      1         27          9          70       244          10
    17      30         50          9          63       237          10
    18      9         14          9          104       222          10
    19      22         33          5          9       230          10
    20      9         39          5          9       210          10
    21      6         29          5          36       216          10
    22      34         3          9          51       248          10
    23      14         8          9          27       202          10
    24      37         29          6          105       240          10
    25      49         29          6          110       212          10
