r506
VEHICLE
NUMBER     CAPACITY
  10         100

CUSTOMER
CUST NO.  XCOORD.   YCOORD.    DEMAND   READY TIME  DUE DATE   SERVICE   TIME

    0      25         25          0          0          250         0
    1      14         37          9          90       218          10
    2      21         34          6          31       241          10
    3      19         44          5          1       212          10
    4      48         14          10          52       244          10
    5      48         35          8          70       238          10
    6      8         49          9          75       203          10
    7      28         31          5          93       235          10
    8      44         7          7          34       218          10
    9      45         27          6          34       226          10
    10      38         4          6          109       208          10
    11      41         36          9          30       204          10
    12      18         9          8          75       238          10
    13      0         34          7          71       220          10
    14      33         48          7          42       233          10
    15      3         28          7          54       250          10
    16      8         28          8          55       221          10
    17      0         20          5          107       243          10
    18      1         36          5          107       221          10
    19      21         42          5          86       230          10
    20      8         39          9          101       233          10
    21      4         4          6          64       243          10
    22      25         13          7          97       216          10
    23      30         41          10          89       218          10
    24      8         12          8          48       234          10
    25      19         35          10          113       233          10
