r507
VEHICLE
NUMBER     CAPACITY
  10         100

CUSTOMER
CUST NO.  XCOORD.   YCOORD.    DEMAND   READY TIME  DUE DATE   SERVICE   TIME

    0      25         25          0          0          250         0
    1      37         26          10          3       215          10
    2      3         20          7          55       233          10
    3      50         44          5          1       202          10
    4      25         31          9          29       234          10
    5      45         30          6          109       240          10
    6      23         3          6          60       217          10
    7      35         42          6          35       223          10
    8      34         41          10          81       210          10
    9      21         14          7          2       242          10
    10      5         49          5          81       221          10
    11      21         4          9          9       242          10
    12      25         14          6          10       232          10
    13      39         16          6          100       222          10
    14      4         46          10          107       231          10
    15      41         34          10          110       241          10
    16      48         41          6          17       240          10
    17      11         41          10          59       200          10
    18      17         26          9          41       201          10
    19      40         1          7          71       211          10
    20      10         30          9          73       215          10
    21      35         44          6          81       238          10
    22      23         3          7          71       248          10
    23      15         3          7          98       237          10
    24      4         28          6          60       202          10
    25      42         49          7          105       223          10
