r508
VEHICLE
NUMBER     CAPACITY
  10         100

CUSTOMER
CUST NO.  XCOORD.   YCOORD.    DEMAND   READY TIME  DUE DATE   SERVICE   TIME

    0      25         25          0          0          250         0
    1      44         5          10          84       235          10
    2      17         9          7          37       247          10
    3      44         18          7          83       211          10
    4      13         18          9          37       228          10
    5      16         28          5          6       233          10
    6      32         1          6          65       218          10
    7      25         41          5          63       223          10
    8      19         5          8          74       244          10
    9      43         46          8          12       230          10
    10      41         11          9          92       244          10
    11      24         41          10          51       203          10
    12      41         43          6          112       202          10
    13      2         24          5          72       246          10
    14      21         46          8          23       232          10
    15      46         33          5          71       222          10
    16      48         16          5          71       232          10
    17      28         50          7          85       203          10
    18      48         2          8          87       211          10
    19      11         46          9          71       245          10
    20      5         28          6          64       202          10
    21      17         47          6          66       206          10
    22      24         11          9          45       243          10
    23      49         12          8          71       205          10
    24      45         23          9          7       216          10
    25      37         30          6          10       229          10
