r510
VEHICLE
NUMBER     CAPACITY
  10         100

CUSTOMER
CUST NO.  XCOORD.   YCOORD.    DEMAND   READY TIME  DUE DATE   SERVICE   TIME

    0      25         25          0          0          250         0
    1      32         41          7          120       248          10
    2      8         47          10          0       228          10
    3      38         21          8          87       236          10
    4      47         8          9          81       239          10
    5      47         3          10          30       247          10
    6      11         3          8          96       217          10
    7      13         18          8          7       215          10
    8      15         27          9          93       214          10
    9      15         35          5          16       221          10
    10      29         48          7          32       249          10
    11      12         43          5          34       242          10
    12      42         4          7          8       221          10
    13      7         3          7          37       201          10
    14      19         28          7          77       250          10
    15      25         48          6          72       207          10
    16      15         23          7          76       228          10
    17      16         37          10          47       235          10
    18      42         14          8          116       207          10
    19      22         45          10          52       231          10
    20      35         14          7          108       223          10
    21      21         9          5          8       239          10
    22      8         32          10          10       240          10
    23      39         15          7          31       249          10
    24      1         38          6          70       243          10
    25      14         0          5          113       240          10
