r515
VEHICLE
NUMBER     CAPACITY
  10         100

CUSTOMER
CUST NO.  XCOORD.   YCOORD.    DEMAND   READY TIME  DUE DATE   SERVICE   TIME

    0      25         25          0          0          250         0
    1      12         26          8          69       224          10
    2      44         9          5          118       249          10
    3      2         45          6          85       200          10
    4      37         16          9          69       210          10
    5      25         19          10          19       238          10
    6      16         3          8          44       235          10
    7      0         9          8          54       245          10
    8      5         47          5          16       248          10
    9      35         36          5          92       249          10
    10      8         32          5          104       249          10
    11      46         11          9          79       241          10
    12      31         22          9          84       209          10
    13      32         10          5          35       233          10
    14      6         34          10          106       221          10
    15      5         13          8          89       223          10
    16      13         10          5          99       241          10
    17      43         7          9          15       222          10
    18      18         25          5          30       249          10
    19      29         28          8          61       233          10
    20      47         2          5          59       237          10
    21      21         29          7          77       219          10
    22      7         8          6          14       230          10
    23      41         22          9          83       240          10
    24      2         37          10          46       204          10
    25      32         37          5          64       224          10
