r517
VEHICLE
NUMBER     CAPACITY
  10         100

CUSTOMER
CUST NO.  XCOORD.   YCOORD.    DEMAND   READY TIME  DUE DATE   SERVICE   TIME

    0      25         25          0          0          250         0
    1      16         27          8          6       239          10
    2      28         25          8          16       211          10
    3      35         28          5          52       224          10
    4      14         39          7          7       221          10
    5      20         24          7          112       208          10
    6      37         32          10          103       204          10
    7      0         0          9          112       227          10
    8      45         0          10          66       246          10
    9      23         5          6          36       219          10
    10      18         44          9          49       232          10
    11      26         21          9          6       229          10
    12      31         50          5          103       238          10
    13      13         35          5          45       213          10
    14      48         33          8          7       210          10
    15      34         8          5          47       220          10
    16      43         16          7          2       200          10
    17      28         42          6          60       241          10
    18      32         23          6          101       216          10
    19      0         20          8          24       215          10
    20      13         13          8          110       248          10
    21      5         40          9          48       232          10
    22      25         6          7          73       228          10
    23      50         49          8          46       202          10
    24      13         13          9          3       212          10
    25      4         8          7          43       221          10
