r519
VEHICLE
NUMBER     CAPACITY
  10         100

CUSTOMER
CUST NO.  XCOORD.   YCOORD.    DEMAND   READY TIME  DUE DATE   SERVICE   TIME

    0      25         25          0          0          250         0
    1      1         31          6          65       202          10
    2      50         26          5          104       241          10
    3      2         3          10          51       238          10
    4      1         21          9          104       232          10
    5      0         18          5          111       244          10
    6      8         13          6          24       248          10
    7      1         22          9          60       209          10
    8      28         18          9          32       204          10
    9      50         26          7          3       245          10
    10      10         3          6          65       225          10
    11      31         37          7          21       231          10
    12      5         41          7          120       213          10
    13      24         28          8          63       217          10
    14      13         39          8          53       221          10
    15      30         40          9          117       216          10
    16      22         6          7          85       208          10
    17      36         33          5          92       209          10
    18      8         30          7          4       229          10
    19      8         5          10          83       217          10
    20      22         4          9          45       231          10
    21      18         21          7          104       226          10
    22      35         24          5          26       214          10
    23      50         50          7          12       201          10
    24      18         15          10          8       220          10
    25      30         14          5          9       212          10
