r520
VEHICLE
NUMBER     CAPACITY
  10         100

CUSTOMER
CUST NO.  XCOORD.   YCOORD.    DEMAND   READY TIME  DUE DATE   SERVICE   TIME

    0      25         25          0          0          250         0
    1      21         49          8          113       201          10
    2      8         0          7          6       218          10
    3      13         40          9          40       209          10
    4      5         48          9          97       234          10
    5      43         18          7          106       235          10
    6      2         34          5          22       213          10
    7      39         21          9          13       216          10
    8      16         29          9          52       234          10
    9      29         44          7          87       246          10
    10      0         8          9          78       206          10
    11      42         32          7          83       205          10
    12      25         42          9          101       240          10
    13      26         11          10          54       211          10
    14      5         11          6          105       250          10
    15      7         43          5          88       217          10
    16      46         45          6          116       225          10
    17      17         2          6          75       236          10
    18      30         41          7          44       222          10
    19      21         21          7          57       229          10
    20      2         39          8          5       220          10
    21      7         20          8          33       220          10
    22      28         1          5          24       249          10
    23      43         34          10          9       244          10
    24      25         40          10          116       246          10
    25      18         22          7          20       206          10
