r521
VEHICLE
NUMBER     CAPACITY
  10         100

CUSTOMER
CUST NO.  XCOORD.   YCOORD.    DEMAND   READY TIME  DUE DATE   SERVICE   TIME

    0      25         25          0          0          250         0
    1      30         14          9          107       207          10
    2      33         25          7          23       224          10
    3      46         44          6          7       248          10
    4      27         20          10          7       219          10
    5      10         5          10          67       246          10
    6      25         42          6          112       234          10
    7      47         8          6          87       240          10
    8      14         17          5          93       236          10
    9      29         38          9          20       235          10
    10      50         40          5          110       232          10
    11      28         34          5          0       225          10
    12      40         22          8          74       207          10
    13      9         6          6          99       246          10
    14      24         26          7          66       207          10
    15      17         32          10          112       230          10
    16      25         20          9          37       202          10
    17      6         34          9          72       235          10
    18      41         46          10          18       228          10
    19      13         26          7          47       231          10
    20      3         5          6          48       219          10
    21      3         28          8          54       248          10
    22      28         6          8          109       246          10
    23      25         15          8          100       248          10
    24      8         43          5          116       218          10
    25      35         38          8          36       244          10
