r524
VEHICLE
NUMBER     CAPACITY
  10         100

CUSTOMER
CUST NO.  XCOORD.   YCOORD.    DEMAND   READY TIME  DUE DATE   SERVICE   TIME

    0      25         25          0          0          250         0
    1      48         43          6          58       219          10
    2      5         20          8          13       225          10
    3      32         26          8          66       244          10
    4      7         49          10          34       220          10
    5      16         2          10          56       225          10
    6      34         1          9          43       228          10
    7      32         41          8          86       238          10
    8      25         20          8          79       248          10
    9      37         18          8          31       218          10
    10      0         49          5          25       249          10
    11      14         37          9          70       229          10
    12      46         20          7          24       217          10
    13      23         1          7          25       216          10
    14      14         30          10          71       221          10
    15      19         39          9          15       214          10
    16      29         34          8          68       204          10
    17      46         22          9          20       230          10
    18      10         2          7          58       213          10
    19      50         33          6          5       229          10
    20      9         48          7          114       201          10
    21      19         13          9          43       209          10
    22      27         45          10          60       203          10
    23      21         40          6          94       225          10
    24      35         13          5          111       248          10
    25      8         13          8          76       210          10
