r525
VEHICLE
NUMBER     CAPACITY
  10         100

CUSTOMER
CUST NO.  XCOORD.   YCOORD.    DEMAND   READY TIME  DUE DATE   SERVICE   TIME

    0      25         25          0          0          250         0
    1      34         42          8          58       204          10
    2      34         36          7          119       211          10
    3      43         22          10          96       235          10
    4      6         39          10          96       216          10
    5      21         39          6          77       225          10
    6      18         1          7          38       224          10
    7      4         27          6          39       211          10
    8      6         36          10          20       229          10
    9      20         20          10          113       225          10
    10      39         13          8          91       218          10
    11      27         19          8          55       224          10
    12      25         49          9          25       222          10
    13      25         17          6          77       212          10
    14      1         20          5          66       233          10
    15      23         48          9          2       229          10
    16      42         30          9          94       239          10
    17      49         39          7          47       246          10
    18      15         11          8          19       210          10
    19      8         39          9          49       235          10
    20      48         40          8          74       234          10
    21      13         2          8          98       213          10
    22      18         13          9          15       223          10
    23      43         23          7          84       212          10
    24      38         22          6          62       230          10
    25      50         44          8          1       248          10
