r526
VEHICLE
NUMBER     CAPACITY
  10         100

CUSTOMER
CUST NO.  XCOORD.   YCOORD.    DEMAND   READY TIME  DUE DATE   SERVICE   TIME

    0      25         25          0          0          250         0
    1      42         27          5          38       226          10
    2      2         47          10          93       224          10
    3      28         14          7          1       206          10
    4      40         40          8          102       205          10
    5      42         37          7          10       213          10
    6      31         48          5          60       209          10
    7      31         47          9          51       250          10
    8      2         12          10          6       222          10
    9      35         10          6          79       222          10
    10      37         0          5          81       229          10
    11      32         27          9          119       221          10
    12      34         39          10          110       249          10
    13      8         36          10          96       229          10
    14      32         23          8          32       220          10
    15      41         37          5          35       247          10
    16      37         10          5          13       217          10
    17      40         17          9          97       207          10
    18      23         43          6          5       239          10
    19      28         45          7          17       214          10
    20      48         50          6          82       215          10
    21      40         2          10          19       212          10
    22      18         15          5          43       200          10
    23      8         15          9          118       247          10
    24      13         9          8          65       217          10
    25      26         37          5          74       224          10
