r528
VEHICLE
NUMBER     CAPACITY
  10         100

CUSTOMER
CUST NO.  XCOORD.   YCOORD.    DEMAND   READY TIME  DUE DATE   SERVICE   TIME

    0      25         25          0          0          250         0
    1      48         27          5          96       240          10
    2      43         11          8          14       221          10
    3      9         11          7          42       231          10
    4      30         42          5          55       207          10
    5      33         37          6          64       217          10
    6      28         43          8          103       203          10
    7      7         19          6          4       231          10
    8      14         16          10          38       240          10
    9      23         42          5          23       235          10
    10      8         48          8          44       248          10
    11      19         12          9          38       235          10
    12      3         25          6          84       212          10
    13      23         28          9          1       222          10
    14      3         31          5          112       228          10
    15      11         32          7          108       212          10
    16      45         7          7          114       215          10
    17      6         28          9          108       242          10
    18      1         22          8          74       201          10
    19      17         22          9          46       229          10
    20      12         15          8          31       234          10
    21      1         18          9          104       250          10
    22      23         32          7          48       215          10
    23      31         1          5          6       213          10
    24      20         21          10          80       210          10
    25      22         36          8          56       228          10
