r530
VEHICLE
NUMBER     CAPACITY
  10         100

CUSTOMER
CUST NO.  XCOORD.   YCOORD.    DEMAND   READY TIME  DUE DATE   SERVICE   TIME

    0      25         25          0          0          250         0
    1      35         28          9          32       206          10
    2      17         30          5          109       210          10
    3      36         26          8          50       236          10
    4      8         10          7          36       230          10
    5      29         44          5          67       204          10
    6      42         33          9          80       207          10
    7      35         41          6          84       211          10
    8      16         28          7          69       240          10
    9      12         49          7          31       245          10
    10      12         8          7          95       209          10
    11      26         11          9          39       225          10
    12      18         28          9          22       233          10
    13      27         42          10          38       219          10
    14      27         37          10          21       233          10
    15      16         48          9          58       201          10
    16      24         37          8          57       225          10
    17      32         33          6          18       202          10
    18      28         9          7          33       227          10
    19      31         49          6          77       200          10
    20      23         47          6          110       205          10
    21      23         49          7          64       248          10
    22      22         31          8          60       219          10
    23      36         10          5          82       234          10
    24      40         8          10          57       201          10
    25      44         4          7          40       216          10
