r532
VEHICLE
NUMBER     CAPACITY
  10         100

CUSTOMER
CUST NO.  XCOORD.   YCOORD.    DEMAND   READY TIME  DUE DATE   SERVICE   TIME

    0      25         25          0          0          250         0
    1      27         22          6          87       204          10
    2      11         8          8          118       201          10
    3      22         46          10          9       238          10
    4      18         2          5          50       229          10
    5      24         32          9          36       200          10
    6      30         31          6          90       220          10
    7      8         30          5          39       225          10
    8      6         44          7          90       242          10
    9      30         46          6          53       207          10
    10      42         49          6          60       231          10
    11      48         4          10          32       212          10
    12      32         19          6          86       246          10
    13      3         15          6          117       250          10
    14      24         20          5          76       217          10
    15      40         43          9          88       230          10
    16      13         44          6          102       248          10
    17      25         40          10          39       242          10
    18      22         28          6          7       220          10
    19      38         4          9          107       239          10
    20      44         22          5          120       226          10
    21      6         24          9          51       218          10
    22      21         13          8          100       213          10
    23      17         12          10          17       202          10
    24      33         13          9          6       231          10
    25      44         34          10          15       208          10
