r533
VEHICLE
NUMBER     CAPACITY
  10         100

CUSTOMER
CUST NO.  XCOORD.   YCOORD.    DEMAND   READY TIME  DUE DATE   SERVICE   TIME

    0      25         25          0          0          250         0
    1      21         27          7          51       222          10
    2      20         22          8          95       207          10
    3      18         6          6          113       241          10
    4      24         22          8          100       242          10
    5      46         9          5          118       219          10
    6      35         11          9          90       236          10
    7      0         16          8          10       205          10
    8      23         34          8          65       208          10
    9      47         7          5          35       220          10
    10      35         35          6          115       208          10
    11      46         6          9          16       247          10
    12      48         49          9          83       246          10
    13      2         10          5          89       240          10
    14      38         28          5          13       206          10
    15      23         44          7          17       249          10
    16      42         17          5          116       223          10
    17      30         28          7          109       204          10
    18      12         10          5          117       202          10
    19      8         6          7          101       209          10
    20      24         18          8          87       200          10
    21      48         17          8          34       225          10
    22      12         4          6          16       247          10
    23      8         35          10          80       249          10
    24      22         12          8          99       229          10
    25      14         11          10          45       240          10
