r534
VEHICLE
NUMBER     CAPACITY
  10         100

CUSTOMER
CUST NO.  XCOORD.   YCOORD.    DEMAND   READY TIME  DUE DATE   SERVICE   TIME

    0      25         25          0          0          250         0
    1      17         20          5          101       234          10
    2      18         34          8          56       216          10
    3      18         5          8          37       231          10
    4      47         41          6          91       203          10
    5      14         18          5          33       241          10
    6      11         29          7          23       204          10
    7      1         25          8          71       218          10
    8      12         40          10          116       239          10
    9      45         10          7          98       217          10
    10      20         37          7          81       212          10
    11      0         49          5          41       242          10
    12      24         6          5          120       233          10
    13      36         23          9          93       246          10
    14      2         21          10          19       230          10
    15      35         41          8          4       202          10
    16      47         38          10          106       246          10
    17      44         29          8          99       208          10
    18      42         12          9          18       208          10
    19      4         47          5          17       227          10
    20      13         34          5          87       247          10
    21      44         34          6          54       216          10
    22      48         1          9          77       240          10
    23      8         2          6          56       242          10
    24      18         2          8          20       233          10
    25      2         4          8          64       245          10
