r538
VEHICLE
NUMBER     CAPACITY
  10         100

CUSTOMER
CUST NO.  XCOORD.   YCOORD.    DEMAND   READY TIME  DUE DATE   SERVICE   TIME

    0      25         25          0          0          250         0
    1      2         7          8          87       241          10
    2      47         29          6          115       202          10
    3      46         2          5          77       237          10
    4      44         29          8          108       209          10
    5      16         18          9          29       217          10
    6      31         46          5          112       208          10
    7      4         41          9          95       230          10
    8      44         43          8          115       221          10
    9      3         33          8          29       248          10
    10      17         15          8          22       243          10
    11      40         48          6          41       248          10
    12      34         44          5          14       228          10
    13      42         10          10          20       233          10
    14      17         6          6          56       225          10
    15      23         46          10          110       237          10
    16      41         38          9          45       207          10
    17      27         30          7          116       212          10
    18      50         36          8          55       201          10
    19      4         15          10          78       249          10
    20      17         21          10          15       219          10
    21      11         22          5          63       222          10
    22      42         28          9          73       201          10
    23      15         28          7          20       233          10
    24      41         20          6          89       225          10
    25      18         43          9          17       248          10
