r540
VEHICLE
NUMBER     CAPACITY
  10         100

CUSTOMER
CUST NO.  XCOORD.   YCOORD.    DEMAND   READY TIME  DUE DATE   SERVICE   TIME

    0      25         25          0          0          250         0
    1      15         43          9          76       246          10
    2      48         37          7          108       218          10
    3      0         20          7          28       248          10
    4      24         48          8          59       250          10
    5      9         5          10          77       222          10
    6      12         40          5          72       224          10
    7      4         47          6          85       244          10
    8      9         3          7          13       240          10
    9      16         11          5          108       246          10
    10      13         27          9          83       205          10
    11      14         48          5          112       244          10
    12      46         23          5          18       235          10
    13      27         3          7          23       205          10
    14      30         22          10          111       233          10
    15      4         14          5          32       229          10
    16      33         42          10          58       249          10
    17      33         5          7          67       200          10
    18      14         6          5          25       219          10
    19      13         12          7          106       207          10
    20      36         43          7          21       210          10
    21      37         6          8          4       221          10
    22      11         45          5          85       204          10
    23      39         3          5          46       215          10
    24      12         26          10          81       218          10
    25      20         19          10          3       218          10
