r542
VEHICLE
NUMBER     CAPACITY
  10         100

CUSTOMER
CUST NO.  XCOORD.   YCOORD.    DEMAND   READY TIME  DUE DATE   SERVICE   TIME

    0      25         25          0          0          250         0
    1      3         39          6          60       224          10
    2      6         20          6          38       213          10
    3      6         47          7          8       202          10
    4      46         11          6          116       202          10
    5      16         40          6          24       211          10
    6      50         4          6          104       249          10
    7      33         11          9          95       219          10
    8      36         4          8          6       205          10
    9      46         34          5          78       245          10
    10      39         29          9          84       228          10
    11      46         5          10          72       221          10
    12      36         15          10          60       229          10
    13      3         28          9          57       220          10
    14      8         13          8          51       237          10
    15      11         26          9          29       215          10
    16      30         0          7          63       241          10
    17      46         14          8          112       239          10
    18      32         3          10          49       242          10
    19      47         5          10          111       216          10
    20      21         32          10          19       227          10
    21      48         38          6          85       226          10
    22      27         29          8          59       201          10
    23      24         10          7          4       221          10
    24      6         27          9          28       244          10
    25      36         21          7          70       227          10
