r543
VEHICLE
NUMBER     CAPACITY
  10         100

CUSTOMER
CUST NO.  XCOORD.   YCOORD.    DEMAND   READY TIME  DUE DATE   SERVICE   TIME

    0      25         25          0          0          250         0
    1      5         48          5          47       233          10
    2      5         17          8          98       242          10
    3      15         44          7          7       205          10
    4      36         14          7          35       238          10
    5      38         43          7          57       237          10
    6      18         49          7          18       230          10
    7      3         40          9          12       226          10
    8      21         3          6          70       228          10
    9      8         47          6          93       201          10
    10      22         9          5          104       230          10
    11      4         10          6          119       217          10
    12      34         49          7          118       233          10
    13      33         27          8          57       232          10
    14      36         16          5          102       222          10
    15      8         48          10          66       219          10
    16      46         0          8          80       202          10
    17      13         50          8          24       235          10
    18      27         39          5          101       207          10
    19      3         20          8          14       239          10
    20      35         4          10          46       214          10
    21      48         47          9          90       218          10
    22      22         20          5          12       219          10
    23      18         10          5          5       212          10
    24      5         9          6          54       219          10
    25      39         5          5          31       202          10
