r546
VEHICLE
NUMBER     CAPACITY
  10         100

CUSTOMER
CUST NO.  XCOORD.   YCOORD.    DEMAND   READY TIME  DUE DATE   SERVICE   TIME

    0      25         25          0          0          250         0
    1      21         14          5          97       249          10
    2      21         36          10          60       232          10
    3      25         26          7          42       200          10
    4      28         12          6          120       249          10
    5      38         13          5          102       233          10
    6      28         2          10          4       241          10
    7      1         33          9          111       203          10
    8      1         18          8          112       220          10
    9      24         30          7          46       241          10
    10      5         47          8          92       205          10
    11      22         13          6          108       229          10
    12      42         1          10          89       205          10
    13      31         6          6          90       209          10
    14      15         43          5          75       234          10
    15      23         4          8          78       228          10
    16      13         40          7          15       234          10
    17      2         32          10          23       232          10
    18      30         46          10          30       205          10
    19      6         7          5          91       207          10
    20      25         1          10          85       209          10
    21      43         3          10          90       219          10
    22      11         6          7          104       221          10
    23      49         33          10          70       202          10
    24      6         28          7          117       203          10
    25      19         27          5          76       218          10
