r548
VEHICLE
NUMBER     CAPACITY
  10         100

CUSTOMER
CUST NO.  XCOORD.   YCOORD.    DEMAND   READY TIME  DUE DATE   SERVICE   TIME

    0      25         25          0          0          250         0
    1      47         33          8          13       216          10
    2      43         27          9          8       234          10
    3      32         24          10          9       230          10
    4      44         47          6          48       216          10
    5      23         47          6          33       212          10
    6      36         5          7          118       212          10
    7      13         17          7          105       218          10
    8      20         49          8          20       213          10
    9      50         11          8          116       236          10
    10      36         40          10          101       219          10
    11      43         47          10          94       236          10
    12      49         27          8          106       238          10
    13      28         24          9          95       250          10
    14      16         33          5          61       212          10
    15      30         13          10          44       202          10
    16      8         29          6          36       206          10
    17      39         6          10          3       249          10
    18      25         21          5          101       223          10
    19      38         16          9          72       243          10
    20      17         15          9          72       213          10
    21      37         35          5          35       201          10
    22      8         0          9          31       214          10
    23      13         37          6          57       210          10
    24      44         35          6          86       212          10
    25      22         46          8          38       202          10
