r550
VEHICLE
NUMBER     CAPACITY
  10         100

CUSTOMER
CUST NO.  XCOORD.   YCOORD.    DEMAND   READY TIME  DUE DATE   SERVICE   TIME

    0      25         25          0          0          250         0
    1      26         29          8          8       207          10
    2      49         11          7          104       237          10
    3      50         42          5          36       206          10
    4      27         50          5          92       241          10
    5      34         43          10          116       231          10
    6      42         2          9          5       205          10
    7      6         21          6          6       204          10
    8      15         5          9          74       211          10
    9      3         28          8          2       234          10
    10      16         33          9          56       232          10
    11      16         26          7          3       203          10
    12      32         13          8          32       204          10
    13      42         2          10          45       229          10
    14      50         0          5          21       246          10
    15      42         49          6          39       247          10
    16      46         21          6          117       220          10
    17      12         19          10          65       240          10
    18      14         49          9          75       221          10
    19      42         4          6          7       223          10
    20      37         28          7          5       240          10
    21      14         24          6          75       211          10
    22      38         11          10          9       232          10
    23      45         3          7          15       217          10
    24      9         24          7          51       203          10
    25      0         43          7          60       228          10
