r552
VEHICLE
NUMBER     CAPACITY
  10         100

CUSTOMER
CUST NO.  XCOORD.   YCOORD.    DEMAND   READY TIME  DUE DATE   SERVICE   TIME

    0      25         25          0          0          250         0
    1      27         32          8          111       213          10
    2      22         44          10          64       216          10
    3      3         15          8          3       237          10
    4      30         6          8          77       234          10
    5      26         33          5          100       215          10
    6      48         18          9          95       219          10
    7      11         20          6          52       249          10
    8      23         48          5          69       241          10
    9      32         23          10          31       223          10
    10      48         32          9          23       224          10
    11      3         25          9          21       244          10
    12      23         4          5          16       225          10
    13      6         28          6          65       230          10
    14      19         9          6          15       233          10
    15      0         23          7          111       244          10
    16      10         37          6          107       200          10
    17      33         14          8          110       224          10
    18      28         2          7          37       250          10
    19      4         32          9          83       207          10
    20      23         34          8          19       205          10
    21      44         47          9          7       235          10
    22      28         20          10          94       208          10
    23      2         27          9          96       218          10
    24      20         33          8          44       206          10
    25      28         44          7          63       221          10
