r553
VEHICLE
NUMBER     CAPACITY
  10         100

CUSTOMER
CUST NO.  XCOORD.   YCOORD.    DEMAND   READY TIME  DUE DATE   SERVICE   TIME

    0      25         25          0          0          250         0
    1      6         23          7          59       220          10
    2      7         46          10          8       225          10
    3      0         46          5          40       243          10
    4      50         30          6          88       244          10
    5      47         1          5          48       235          10
    6      6         34          10          48       228          10
    7      1         41          9          61       206          10
    8      45         16          6          98       246          10
    9      41         11          5          30       247          10
    10      24         15          8          21       228          10
    11      43         38          9          4       221          10
    12      46         41          6          96       220          10
    13      36         44          8          67       226          10
    14      0         9          10          61       209          10
    15      16         41          5          99       225          10
    16      39         14          10          14       215          10
    17      7         50          6          31       246          10
    18      9         16          8          42       231          10
    19      9         3          10          55       213          10
    20      13         1          8          71       208          10
    21      41         43          10          90       217          10
    22      9         16          6          72       231          10
    23      45         36          7          78       212          10
    24      26         11          6          0       243          10
    25      47         2          8          66       205          10
