r557
VEHICLE
NUMBER     CAPACITY
  10         100

CUSTOMER
CUST NO.  XCOORD.   YCOORD.    DEMAND   READY TIME  DUE DATE   SERVICE   TIME

    0      25         25          0          0          250         0
    1      45         36          5          18       249          10
    2      25         8          8          105       230          10
    3      33         45          7          16       213          10
    4      42         33          8          118       205          10
    5      37         33          7          28       208          10
    6      21         34          6          65       203          10
    7      8         7          9          34       235          10
    8      30         34          8          87       217          10
    9      11         17          7          104       211          10
    10      16         13          8          60       206          10
    11      36         39          8          62       234          10
    12      34         29          5          116       244          10
    13      16         32          7          45       210          10
    14      35         8          6          41       214          10
    15      3         4          10          105       227          10
    16      13         0          8          5       204          10
    17      44         49          10          65       235          10
    18      13         37          10          35       206          10
    19      19         32          6          13       234          10
    20      37         34          9          67       240          10
    21      21         15          9          36       230          10
    22      5         48          5          86       242          10
    23      23         2          8          111       238          10
    24      37         6          9          40       200          10
    25      39         27          7          92       222          10
