r558
VEHICLE
NUMBER     CAPACITY
  10         100

CUSTOMER
CUST NO.  XCOORD.   YCOORD.    DEMAND   READY TIME  DUE DATE   SERVICE   TIME

    0      25         25          0          0          250         0
    1      49         10          7          42       226          10
    2      25         3          9          46       229          10
    3      9         3          8          107       216          10
    4      45         15          5          92       233          10
    5      5         40          9          16       242          10
    6      46         39          10          90       218          10
    7      49         4          5          49       202          10
    8      23         50          7          15       222          10
    9      29         1          10          35       240          10
    10      5         42          10          102       234          10
    11      22         37          5          35       226          10
    12      4         17          10          81       246          10
    13      1         4          10          33       214          10
    14      45         4          7          44       206          10
    15      25         47          9          72       215          10
    16      33         7          10          32       210          10
    17      21         42          7          111       243          10
    18      36         14          9          77       202          10
    19      3         9          10          86       248          10
    20      24         16          6          96       210          10
    21      33         38          10          100       234          10
    22      43         36          10          79       223          10
    23      37         12          9          28       250          10
    24      18         18          5          25       218          10
    25      1         12          9          60       228          10
