r559
VEHICLE
NUMBER     CAPACITY
  10         100

CUSTOMER
CUST NO.  XCOORD.   YCOORD.    DEMAND   READY TIME  DUE DATE   SERVICE   TIME

    0      25         25          0          0          250         0
    1      6         0          5          103       244          10
    2      4         33          6          32       204          10
    3      11         17          8          61       215          10
    4      28         42          9          47       213          10
    5      33         40          7          8       238          10
    6      44         18          5          45       232          10
    7      16         35          6          2       235          10
    8      11         16          8          79       217          10
    9      35         20          9          78       232          10
    10      20         24          8          91       235          10
    11      19         18          8          24       244          10
    12      48         40          7          66       248          10
    13      11         37          6          97       215          10
    14      30         7          5          115       229          10
    15      2         45          9          14       247          10
    16      30         37          5          73       204          10
    17      10         4          5          34       222          10
    18      49         29          5          12       213          10
    19      18         43          5          52       244          10
    20      49         44          6          1       221          10
    21      49         16          8          111       235          10
    22      14         50          5          98       250          10
    23      4         34          5          115       217          10
    24      49         4          7          35       202          10
    25      49         5          9          29       203          10
