r561
VEHICLE
NUMBER     CAPACITY
  10         100

CUSTOMER
CUST NO.  XCOORD.   YCOORD.    DEMAND   READY TIME  DUE DATE   SERVICE   TIME

    0      25         25          0          0          250         0
    1      42         14          6          13       218          10
    2      24         16          7          120       238          10
    3      8         10          7          5       219          10
    4      19         37          5          15       210          10
    5      21         16          10          10       204          10
    6      4         3          8          101       236          10
    7      0         36          6          16       239          10
    8      48         44          7          80       210          10
    9      30         31          6          27       206          10
    10      38         5          7          118       205          10
    11      9         6          9          74       235          10
    12      1         10          5          19       248          10
    13      0         23          10          40       243          10
    14      19         25          6          7       235          10
    15      18         18          5          39       218          10
    16      23         9          6          42       215          10
    17      28         23          6          36       227          10
    18      6         33          5          55       201          10
    19      25         26          9          112       230          10
    20      34         32          9          61       220          10
    21      11         12          5          65       238          10
    22      37         36          9          113       206          10
    23      24         24          6          23       232          10
    24      20         38          5          66       214          10
    25      11         15          6          18       206          10
