r565
VEHICLE
NUMBER     CAPACITY
  10         100

CUSTOMER
CUST NO.  XCOORD.   YCOORD.    DEMAND   READY TIME  DUE DATE   SERVICE   TIME

    0      25         25          0          0          250         0
    1      48         3          8          108       245          10
    2      46         26          8          36       200          10
    3      19         45          9          45       213          10
    4      12         38          5          16       217          10
    5      22         32          9          10       210          10
    6      7         29          9          28       201          10
    7      28         4          8          105       244          10
    8      25         31          8          90       237          10
    9      13         20          7          23       200          10
    10      47         47          10          58       225          10
    11      26         46          9          74       214          10
    12      50         9          7          72       207          10
    13      40         41          8          54       202          10
    14      9         32          6          59       249          10
    15      48         35          7          104       204          10
    16      23         26          6          34       250          10
    17      48         3          9          83       239          10
    18      39         27          6          37       209          10
    19      24         19          5          118       229          10
    20      5         25          10          70       236          10
    21      17         30          7          110       248          10
    22      34         46          7          97       215          10
    23      49         37          10          26       239          10
    24      1         41          10          42       206          10
    25      6         39          10          29       229          10
