r569
VEHICLE
NUMBER     CAPACITY
  10         100

CUSTOMER
CUST NO.  XCOORD.   YCOORD.    DEMAND   READY TIME  DUE DATE   SERVICE   TIME

    0      25         25          0          0          250         0
    1      31         49          6          87       210          10
    2      8         36          6          65       241          10
    3      16         17          10          120       203          10
    4      49         13          9          38       233          10
    5      33         2          5          16       211          10
    6      44         36          7          41       237          10
    7      6         26          9          80       223          10
    8      17         16          8          100       243          10
    9      23         16          10          84       234          10
    10      18         12          5          84       243          10
    11      42         22          6          111       201          10
    12      36         19          6          9       233          10
    13      31         45          10          91       244          10
    14      48         50          5          67       226          10
    15      9         17          10          21       202          10
    16      21         43          5          36       246          10
    17      46         41          8          44       223          10
    18      36         20          8          35       241          10
    19      44         0          5          23       241          10
    20      23         5          5          116       224          10
    21      12         46          7          78       246          10
    22      17         14          5          103       224          10
    23      44         45          6          102       209          10
    24      32         37          7          22       234          10
    25      3         43          6          33       244          10
