r570
VEHICLE
NUMBER     CAPACITY
  10         100

CUSTOMER
CUST NO.  XCOORD.   YCOORD.    DEMAND   READY TIME  DUE DATE   SERVICE   TIME

    0      25         25          0          0          250         0
    1      46         32          9          88       245          10
    2      39         12          6          96       235          10
    3      6         30          9          0       242          10
    4      42         43          6          26       248          10
    5      39         9          6          86       228          10
    6      35         27          6          28       236          10
    7      34         9          5          101       247          10
    8      22         27          6          20       247          10
    9      46         1          8          113       249          10
    10      5         10          7          109       250          10
    11      15         36          9          39       230          10
    12      30         46          10          11       226          10
    13      23         33          8          100       208          10
    14      24         23          8          60       235          10
    15      20         29          8          39       237          10
    16      46         23          7          94       202          10
    17      5         5          6          61       224          10
    18      20         42          7          85       204          10
    19      49         45          5          42       233          10
    20      24         10          7          12       224          10
    21      0         49          9          64       200          10
    22      11         11          7          36       207          10
    23      50         4          10          48       228          10
    24      42         33          7          97       230          10
    25      3         16          8          7       203          10
