r571
VEHICLE
NUMBER     CAPACITY
  10         100

CUSTOMER
CUST NO.  XCOORD.   YCOORD.    DEMAND   READY TIME  DUE DATE   SERVICE   TIME

    0      25         25          0          0          250         0
    1      32         17          9          118       231          10
    2      3         2          9          8       245          10
    3      17         36          6          118       216          10
    4      40         18          5          81       208          10
    5      27         41          6          13       248          10
    6      31         45          7          14       206          10
    7      29         38          6          95       235          10
    8      5         27          6          5       217          10
    9      38         8          6          73       239          10
    10      23         4          9          72       224          10
    11      13         5          8          83       247          10
    12      29         50          5          93       210          10
    13      31         29          5          22       200          10
    14      6         32          6          89       232          10
    15      2         33          8          95       250          10
    16      3         8          7          92       210          10
    17      47         26          10          74       230          10
    18      24         12          6          30       204          10
    19      43         36          7          39       246          10
    20      25         46          7          30       214          10
    21      41         48          7          0       212          10
    22      3         4          5          47       223          10
    23      7         24          10          6       235          10
    24      40         11          10          88       212          10
    25      3         44          8          52       215          10
