r577
VEHICLE
NUMBER     CAPACITY
  10         100

CUSTOMER
CUST NO.  XCOORD.   YCOORD.    DEMAND   READY TIME  DUE DATE   SERVICE   TIME

    0      25         25          0          0          250         0
    1      17         12          7          84       245          10
    2      44         31          8          110       207          10
    3      17         5          8          56       209          10
    4      36         46          5          31       222          10
    5      45         19          8          109       234          10
    6      12         37          6          2       231          10
    7      19         1          8          22       228          10
    8      24         6          6          104       207          10
    9      1         7          7          47       248          10
    10      10         36          5          104       205          10
    11      38         28          5          46       214          10
    12      47         25          10          118       202          10
    13      20         22          7          10       208          10
    14      11         21          6          89       244          10
    15      13         37          7          112       236          10
    16      42         44          8          102       245          10
    17      3         7          9          120       245          10
    18      22         7          6          101       245          10
    19      40         27          8          93       224          10
    20      0         40          9          94       233          10
    21      48         27          8          73       234          10
    22      0         41          5          3       213          10
    23      50         21          7          61       220          10
    24      47         9          9          107       215          10
    25      34         18          10          75       210          10
