r578
VEHICLE
NUMBER     CAPACITY
  10         100

CUSTOMER
CUST NO.  XCOORD.   YCOORD.    DEMAND   READY TIME  DUE DATE   SERVICE   TIME

    0      25         25          0          0          250         0
    1      26         9          5          109       240          10
    2      45         9          8          53       216          10
    3      22         41          10          3       209          10
    4      0         16          6          71       221          10
    5      2         36          9          47       235          10
    6      35         22          6          59       205          10
    7      1         22          7          22       222          10
    8      43         20          10          40       212          10
    9      47         40          8          2       220          10
    10      16         21          8          7       232          10
    11      38         28          5          53       226          10
    12      13         2          8          15       250          10
    13      21         42          6          66       225          10
    14      20         14          10          93       235          10
    15      15         30          10          83       219          10
    16      40         18          6          111       225          10
    17      35         31          10          50       215          10
    18      7         13          9          118       249          10
    19      16         49          9          65       229          10
    20      49         34          7          94       220          10
    21      8         35          6          6       218          10
    22      45         0          9          13       241          10
    23      3         28          5          24       232          10
    24      30         44          8          112       218          10
    25      11         2          5          71       223          10
