r579
VEHICLE
NUMBER     CAPACITY
  10         100

CUSTOMER
CUST NO.  XCOORD.   YCOORD.    DEMAND   READY TIME  DUE DATE   SERVICE   TIME

    0      25         25          0          0          250         0
    1      30         12          5          87       244          10
    2      32         23          8          108       235          10
    3      29         7          8          20       228          10
    4      41         41          7          95       215          10
    5      34         12          7          18       244          10
    6      23         11          6          36       210          10
    7      43         1          6          4       227          10
    8      46         15          7          25       202          10
    9      25         3          9          76       238          10
    10      16         11          7          75       221          10
    11      40         7          6          77       228          10
    12      8         24          10          18       230          10
    13      9         6          9          12       245          10
    14      43         41          6          89       239          10
    15      49         40          8          60       244          10
    16      43         12          10          117       210          10
    17      31         19          10          26       243          10
    18      1         18          6          56       209          10
    19      42         1          8          89       215          10
    20      29         1          8          92       221          10
    21      33         32          10          21       216          10
    22      34         27          10          29       216          10
    23      4         2          7          36       228          10
    24      17         45          7          91       238          10
    25      48         0          8          31       206          10
