r581
VEHICLE
NUMBER     CAPACITY
  10         100

CUSTOMER
CUST NO.  XCOORD.   YCOORD.    DEMAND   READY TIME  DUE DATE   SERVICE   TIME

    0      25         25          0          0          250         0
    1      32         10          7          107       207          10
    2      18         25          9          71       235          10
    3      1         31          8          66       226          10
    4      22         21          7          29       229          10
    5      4         38          6          62       220          10
    6      29         18          9          61       243          10
    7      45         36          6          57       212          10
    8      40         20          10          33       242          10
    9      37         29          9          40       219          10
    10      32         1          7          77       240          10
    11      39         7          7          88       232          10
    12      48         23          6          119       247          10
    13      45         35          9          101       234          10
    14      41         28          9          70       207          10
    15      25         20          8          102       244          10
    16      32         22          6          97       240          10
    17      19         37          7          119       233          10
    18      44         0          5          6       210          10
    19      17         29          10          38       206          10
    20      36         14          8          8       213          10
    21      4         14          10          5       201          10
    22      19         26          6          63       225          10
    23      31         38          5          81       203          10
    24      45         38          9          54       233          10
    25      39         13          10          30       201          10
