r585
VEHICLE
NUMBER     CAPACITY
  10         100

CUSTOMER
CUST NO.  XCOORD.   YCOORD.    DEMAND   READY TIME  DUE DATE   SERVICE   TIME

    0      25         25          0          0          250         0
    1      36         10          5          112       215          10
    2      46         29          6          14       212          10
    3      5         50          6          79       238          10
    4      16         42          10          53       213          10
    5      24         31          7          110       213          10
    6      2         17          8          70       232          10
    7      23         43          10          50       208          10
    8      30         27          10          100       226          10
    9      48         26          9          119       246          10
    10      45         17          10          90       247          10
    11      36         33          10          34       215          10
    12      28         43          7          81       242          10
    13      3         3          9          120       221          10
    14      10         32          7          49       219          10
    15      24         29          5          99       201          10
    16      17         41          10          45       202          10
    17      1         27          8          26       223          10
    18      30         3          7          3       207          10
    19      35         40          8          5       220          10
    20      33         1          7          48       246          10
    21      50         30          5          1       225          10
    22      50         36          5          75       233          10
    23      16         49          8          91       227          10
    24      2         14          7          120       205          10
    25      12         46          8          40       200          10
