r587
VEHICLE
NUMBER     CAPACITY
  10         100

CUSTOMER
CUST NO.  XCOORD.   YCOORD.    DEMAND   READY TIME  DUE DATE   SERVICE   TIME

    0      25         25          0          0          250         0
    1      14         15          7          60       228          10
    2      50         20          8          39       239          10
    3      38         22          9          65       245          10
    4      18         46          5          69       229          10
    5      42         45          7          10       213          10
    6      33         19          6          35       240          10
    7      2         32          7          57       245          10
    8      7         47          7          4       238          10
    9      30         22          6          59       228          10
    10      23         3          5          40       210          10
    11      9         12          5          61       212          10
    12      14         18          10          8       205          10
    13      0         1          8          73       202          10
    14      50         33          6          55       238          10
    15      25         0          7          113       236          10
    16      47         47          5          106       204          10
    17      20         37          5          51       234          10
    18      19         35          9          11       230          10
    19      21         4          6          17       231          10
    20      42         31          8          26       209          10
    21      23         13          10          67       203          10
    22      50         20          10          75       232          10
    23      21         23          7          97       250          10
    24      38         2          5          84       236          10
    25      19         31          5          92       203          10
