r589
VEHICLE
NUMBER     CAPACITY
  10         100

CUSTOMER
CUST NO.  XCOORD.   YCOORD.    DEMAND   READY TIME  DUE DATE   SERVICE   TIME

    0      25         25          0          0          250         0
    1      14         45          6          102       248          10
    2      26         49          7          8       201          10
    3      24         36          8          107       221          10
    4      25         37          7          31       250          10
    5      17         39          7          120       222          10
    6      17         27          5          43       225          10
    7      37         49          5          7       204          10
    8      29         6          5          98       247          10
    9      48         40          8          47       244          10
    10      3         36          8          108       222          10
    11      26         33          7          64       221          10
    12      24         9          5          64       220          10
    13      30         35          7          112       234          10
    14      3         6          8          89       223          10
    15      22         37          9          0       222          10
    16      46         6          5          22       235          10
    17      45         27          6          54       233          10
    18      49         31          5          39       201          10
    19      43         31          8          19       232          10
    20      46         11          9          52       202          10
    21      30         8          9          119       233          10
    22      27         29          9          81       229          10
    23      14         32          7          23       200          10
    24      27         11          10          89       232          10
    25      47         18          8          19       201          10
