r590
VEHICLE
NUMBER     CAPACITY
  10         100

CUSTOMER
CUST NO.  XCOORD.   YCOORD.    DEMAND   READY TIME  DUE DATE   SERVICE   TIME

    0      25         25          0          0          250         0
    1      26         23          6          29       213          10
    2      2         42          9          13       219          10
    3      41         18          9          87       239          10
    4      11         33          6          3       207          10
    5      12         3          6          66       239          10
    6      38         34          10          81       210          10
    7      30         28          7          99       240          10
    8      4         32          10          51       243          10
    9      34         0          5          94       231          10
    10      2         8          6          118       232          10
    11      5         14          10          110       227          10
    12      15         2          10          100       211          10
    13      0         32          7          65       207          10
    14      22         22          5          30       206          10
    15      0         41          7          98       231          10
    16      17         36          8          95       203          10
    17      19         26          9          93       232          10
    18      41         26          9          47       225          10
    19      11         17          6          52       209          10
    20      23         4          8          20       215          10
    21      9         46          8          98       226          10
    22      50         45          8          117       249          10
    23      12         19          7          8       219          10
    24      31         0          8          97       236          10
    25      18         3          7          53       246          10
