r592
VEHICLE
NUMBER     CAPACITY
  10         100

CUSTOMER
CUST NO.  XCOORD.   YCOORD.    DEMAND   READY TIME  DUE DATE   SERVICE   TIME

    0      25         25          0          0          250         0
    1      6         0          8          17       232          10
    2      7         21          7          9       228          10
    3      30         7          5          81       204          10
    4      15         45          8          53       218          10
    5      20         17          8          66       250          10
    6      32         5          10          87       240          10
    7      39         13          8          1       204          10
    8      33         49          9          98       224          10
    9      15         20          7          92       229          10
    10      21         17          7          97       209          10
    11      3         44          10          117       249          10
    12      47         26          8          91       246          10
    13      8         49          8          17       217          10
    14      34         19          9          22       211          10
    15      38         0          6          43       229          10
    16      26         31          9          15       235          10
    17      19         24          9          85       210          10
    18      0         47          8          84       231          10
    19      7         0          6          29       225          10
    20      14         3          9          47       210          10
    21      47         16          9          49       229          10
    22      17         0          10          25       202          10
    23      48         37          7          99       224          10
    24      46         23          10          19       210          10
    25      14         14          10          18       201          10
