r593
VEHICLE
NUMBER     CAPACITY
  10         100

CUSTOMER
CUST NO.  XCOORD.   YCOORD.    DEMAND   READY TIME  DUE DATE   SERVICE   TIME

    0      25         25          0          0          250         0
    1      21         33          7          12       203          10
    2      3         28          8          53       248          10
    3      29         23          9          103       203          10
    4      45         16          10          73       233          10
    5      43         40          8          75       230          10
    6      35         20          9          64       239          10
    7      43         25          8          68       213          10
    8      6         44          9          72       208          10
    9      29         38          8          61       220          10
    10      3         22          10          92       245          10
    11      4         30          8          15       224          10
    12      28         30          10          68       228          10
    13      48         23          5          46       245          10
    14      21         36          6          2       220          10
    15      25         43          5          36       244          10
    16      17         48          5          73       216          10
    17      32         33          8          95       231          10
    18      13         26          9          106       203          10
    19      47         26          5          107       248          10
    20      14         11          10          79       232          10
    21      13         26          8          94       208          10
    22      32         47          9          13       217          10
    23      47         34          10          109       226          10
    24      38         1          10          63       224          10
    25      12         7          9          114       217          10
