r595
VEHICLE
NUMBER     CAPACITY
  10         100

CUSTOMER
CUST NO.  XCOORD.   YCOORD.    DEMAND   READY TIME  DUE DATE   SERVICE   TIME

    0      25         25          0          0          250         0
    1      36         10          6          67       249          10
    2      11         7          7          55       213          10
    3      13         10          9          85       228          10
    4      5         11          8          9       205          10
    5      2         9          5          85       235          10
    6      3         43          8          79       231          10
    7      2         26          7          75       203          10
    8      48         16          6          77       219          10
    9      2         32          10          52       242          10
    10      17         49          7          10       250          10
    11      10         5          10          26       248          10
    12      3         2          6          32       246          10
    13      38         45          6          87       215          10
    14      33         9          5          50       210          10
    15      28         15          5          98       221          10
    16      2         38          9          8       248          10
    17      36         12          6          95       226          10
    18      39         10          7          6       220          10
    19      32         34          6          30       225          10
    20      19         2          6          45       221          10
    21      21         40          5          6       249          10
    22      26         1          7          47       217          10
    23      34         21          7          47       201          10
    24      22         0          7          48       205          10
    25      41         36          6          49       222          10
