r596
VEHICLE
NUMBER     CAPACITY
  10         100

CUSTOMER
CUST NO.  XCOORD.   YCOORD.    DEMAND   READY TIME  DUE DATE   SERVICE   TIME

    0      25         25          0          0          250         0
    1      14         13          5          28       204          10
    2      24         9          8          66       209          10
    3      29         50          6          54       243          10
    4      36         49          9          97       210          10
    5      47         38          10          1       249          10
    6      20         15          7          81       208          10
    7      20         23          7          69       250          10
    8      9         48          9          75       233          10
    9      44         26          9          99       246          10
    10      21         47          6          22       204          10
    11      31         13          9          57       212          10
    12      36         34          9          88       209          10
    13      30         49          9          6       202          10
    14      28         36          5          35       206          10
    15      4         12          8          17       216          10
    16      26         50          6          92       201          10
    17      27         18          7          69       209          10
    18      12         16          6          84       222          10
    19      16         46          8          56       222          10
    20      3         27          9          39       207          10
    21      10         16          6          81       223          10
    22      7         20          6          6       240          10
    23      32         6          8          75       225          10
    24      28         6          9          82       246          10
    25      16         25          10          114       206          10
