r597
VEHICLE
NUMBER     CAPACITY
  10         100

CUSTOMER
CUST NO.  XCOORD.   YCOORD.    DEMAND   READY TIME  DUE DATE   SERVICE   TIME

    0      25         25          0          0          250         0
    1      9         21          8          65       250          10
    2      15         5          10          113       205          10
    3      36         28          5          46       216          10
    4      27         11          5          104       206          10
    5      44         1          8          69       235          10
    6      22         50          9          5       246          10
    7      47         33          8          28       249          10
    8      8         43          9          95       216          10
    9      10         0          6          54       228          10
    10      23         12          10          101       248          10
    11      2         28          6          112       245          10
    12      35         25          10          24       232          10
    13      28         4          6          69       215          10
    14      26         19          9          109       210          10
    15      42         4          9          96       219          10
    16      32         5          9          27       213          10
    17      9         47          10          77       248          10
    18      0         12          7          119       233          10
    19      26         2          5          73       223          10
    20      28         37          8          80       247          10
    21      41         27          9          14       236          10
    22      37         9          9          62       204          10
    23      36         11          10          35       229          10
    24      49         19          10          52       239          10
    25      0         42          8          76       204          10
