r602
VEHICLE
NUMBER     CAPACITY
  10         100

CUSTOMER
CUST NO.  XCOORD.   YCOORD.    DEMAND   READY TIME  DUE DATE   SERVICE   TIME

    0      25         25          0          0          250         0
    1      23         8          8          17       243          10
    2      23         14          6          8       210          10
    3      48         10          10          56       235          10
    4      32         19          10          20       228          10
    5      34         39          9          110       218          10
    6      19         42          5          52       202          10
    7      11         27          5          12       236          10
    8      20         32          9          72       230          10
    9      10         41          8          11       202          10
    10      18         9          6          58       229          10
    11      44         30          10          9       239          10
    12      33         27          10          36       217          10
    13      34         18          8          93       200          10
    14      39         39          8          50       249          10
    15      22         48          5          35       246          10
    16      22         47          8          36       240          10
    17      26         21          7          73       242          10
    18      4         28          7          41       210          10
    19      32         28          5          24       248          10
    20      3         17          10          111       233          10
    21      38         1          6          114       234          10
    22      19         44          10          56       215          10
    23      36         47          6          28       220          10
    24      43         26          8          41       206          10
    25      29         30          10          22       236          10
