r605
VEHICLE
NUMBER     CAPACITY
  10         100

CUSTOMER
CUST NO.  XCOORD.   YCOORD.    DEMAND   READY TIME  DUE DATE   SERVICE   TIME

    0      25         25          0          0          250         0
    1      24         39          7          99       213          10
    2      7         12          6          62       227          10
    3      50         34          10          60       213          10
    4      42         24          6          75       232          10
    5      23         6          8          37       225          10
    6      24         23          6          68       214          10
    7      10         23          10          68       226          10
    8      49         23          8          10       230          10
    9      35         41          6          56       202          10
    10      44         9          5          108       238          10
    11      12         38          5          69       246          10
    12      18         32          9          116       250          10
    13      31         3          5          68       244          10
    14      41         8          6          61       223          10
    15      7         50          5          73       246          10
    16      23         17          10          39       223          10
    17      36         46          10          8       210          10
    18      44         42          8          68       227          10
    19      48         35          8          80       215          10
    20      24         46          7          69       216          10
    21      5         34          5          27       215          10
    22      40         28          8          67       222          10
    23      34         22          8          14       217          10
    24      3         13          8          31       220          10
    25      43         3          5          50       214          10
