r606
VEHICLE
NUMBER     CAPACITY
  10         100

CUSTOMER
CUST NO.  XCOORD.   YCOORD.    DEMAND   READY TIME  DUE DATE   SERVICE   TIME

    0      25         25          0          0          250         0
    1      11         16          6          113       222          10
    2      16         44          8          62       241          10
    3      38         8          10          85       232          10
    4      9         0          8          116       220          10
    5      16         21          6          55       215          10
    6      17         7          6          111       229          10
    7      19         12          9          100       238          10
    8      40         4          9          75       214          10
    9      30         49          7          46       236          10
    10      9         28          6          40       235          10
    11      50         12          5          90       226          10
    12      5         18          9          16       216          10
    13      38         28          7          55       203          10
    14      11         6          8          86       227          10
    15      41         42          7          98       213          10
    16      28         10          8          55       209          10
    17      9         49          5          96       206          10
    18      36         17          7          18       219          10
    19      49         13          10          94       210          10
    20      34         13          9          25       211          10
    21      42         2          10          101       218          10
    22      12         18          5          46       230          10
    23      14         18          9          24       200          10
    24      16         6          9          52       241          10
    25      28         10          8          78       241          10
