r607
VEHICLE
NUMBER     CAPACITY
  10         100

CUSTOMER
CUST NO.  XCOORD.   YCOORD.    DEMAND   READY TIME  DUE DATE   SERVICE   TIME

    0      25         25          0          0          250         0
    1      30         25          10          10       237          10
    2      2         14          10          42       208          10
    3      12         38          7          69       242          10
    4      16         1          5          34       229          10
    5      31         15          10          62       222          10
    6      0         46          10          49       232          10
    7      0         11          10          44       212          10
    8      29         17          10          16       234          10
    9      20         2          7          81       208          10
    10      44         42          8          22       230          10
    11      44         15          7          66       220          10
    12      41         48          6          57       225          10
    13      0         13          7          115       209          10
    14      1         39          7          54       221          10
    15      13         11          7          11       221          10
    16      15         0          8          96       212          10
    17      17         13          7          87       211          10
    18      17         9          7          28       205          10
    19      27         19          10          45       248          10
    20      0         46          9          53       245          10
    21      1         46          6          108       223          10
    22      10         44          9          45       244          10
    23      30         34          6          52       245          10
    24      2         0          6          31       249          10
    25      39         9          5          28       228          10
