r608
VEHICLE
NUMBER     CAPACITY
  10         100

CUSTOMER
CUST NO.  XCOORD.   YCOORD.    DEMAND   READY TIME  DUE DATE   SERVICE   TIME

    0      25         25          0          0          250         0
    1      41         44          7          118       224          10
    2      15         38          7          58       227          10
    3      48         12          9          54       209          10
    4      13         29          5          70       227          10
    5      36         9          5          100       221          10
    6      43         1          5          17       209          10
    7      45         22          8          2       216          10
    8      24         50          10          48       240          10
    9      35         45          10          113       234          10
    10      22         30          8          27       215          10
    11      28         22          8          89       225          10
    12      36         6          9          75       241          10
    13      31         20          9          2       239          10
    14      35         33          6          44       244          10
    15      50         50          7          4       241          10
    16      5         7          8          36       211          10
    17      6         45          8          33       223          10
    18      46         20          6          117       234          10
    19      14         23          5          47       243          10
    20      4         27          5          40       203          10
    21      26         34          7          21       233          10
    22      23         32          6          13       236          10
    23      40         27          7          36       227          10
    24      32         32          10          100       220          10
    25      38         15          9          2       214          10
