r612
VEHICLE
NUMBER     CAPACITY
  10         100

CUSTOMER
CUST NO.  XCOORD.   YCOORD.    DEMAND   READY TIME  DUE DATE   SERVICE   TIME

    0      25         25          0          0          250         0
    1      12         26          7          119       204          10
    2      38         48          9          116       200          10
    3      41         14          7          67       221          10
    4      8         6          6          71       224          10
    5      48         7          7          17       243          10
    6      37         15          5          63       245          10
    7      42         15          6          20       224          10
    8      27         36          7          28       236          10
    9      48         36          10          118       237          10
    10      12         49          7          74       227          10
    11      48         8          10          72       201          10
    12      49         14          9          104       234          10
    13      1         27          8          78       219          10
    14      2         27          5          87       227          10
    15      2         45          5          33       222          10
    16      0         3          6          46       200          10
    17      40         15          8          113       249          10
    18      35         25          7          83       241          10
    19      11         24          6          22       234          10
    20      7         19          10          68       207          10
    21      8         47          9          50       206          10
    22      23         2          5          12       242          10
    23      44         4          7          73       221          10
    24      15         36          6          29       230          10
    25      17         6          5          29       239          10
