r615
VEHICLE
NUMBER     CAPACITY
  10         100

CUSTOMER
CUST NO.  XCOORD.   YCOORD.    DEMAND   READY TIME  DUE DATE   SERVICE   TIME

    0      25         25          0          0          250         0
    1      22         36          7          25       212          10
    2      34         49          5          13       200          10
    3      14         25          10          112       223          10
    4      32         47          5          70       240          10
    5      13         38          7          68       232          10
    6      40         42          7          11       234          10
    7      29         22          10          17       250          10
    8      10         1          6          78       235          10
    9      37         44          8          117       249          10
    10      47         8          8          112       229          10
    11      45         42          9          54       226          10
    12      6         22          7          9       200          10
    13      2         32          6          11       217          10
    14      24         38          10          67       204          10
    15      12         36          9          23       223          10
    16      35         4          6          114       209          10
    17      6         33          7          22       213          10
    18      47         45          6          30       207          10
    19      15         28          7          95       234          10
    20      23         45          7          103       226          10
    21      1         50          5          99       238          10
    22      17         40          10          57       229          10
    23      26         27          5          31       239          10
    24      18         42          8          55       208          10
    25      31         3          6          63       238          10
