r617
VEHICLE
NUMBER     CAPACITY
  10         100

CUSTOMER
CUST NO.  XCOORD.   YCOORD.    DEMAND   READY TIME  DUE DATE   SERVICE   TIME

    0      25         25          0          0          250         0
    1      43         34          7          75       225          10
    2      1         25          7          43       223          10
    3      15         41          9          73       235          10
    4      1         27          7          99       232          10
    5      35         43          7          78       220          10
    6      35         0          5          70       204          10
    7      0         5          10          95       205          10
    8      17         50          6          36       211          10
    9      19         10          6          120       210          10
    10      10         31          10          20       218          10
    11      49         18          5          32       217          10
    12      0         13          9          54       240          10
    13      7         0          7          48       244          10
    14      43         27          10          9       241          10
    15      12         50          6          81       225          10
    16      31         46          10          104       249          10
    17      14         38          7          102       226          10
    18      18         36          10          114       237          10
    19      9         42          10          54       236          10
    20      32         4          6          105       231          10
    21      46         39          10          26       239          10
    22      17         27          5          97       236          10
    23      38         17          5          109       206          10
    24      1         26          8          19       209          10
    25      17         37          8          116       200          10
