r618
VEHICLE
NUMBER     CAPACITY
  10         100

CUSTOMER
CUST NO.  XCOORD.   YCOORD.    DEMAND   READY TIME  DUE DATE   SERVICE   TIME

    0      25         25          0          0          250         0
    1      40         3          9          2       247          10
    2      17         45          9          97       247          10
    3      39         5          5          5       236          10
    4      18         28          10          72       223          10
    5      49         39          10          56       245          10
    6      44         2          7          37       215          10
    7      1         44          9          92       203          10
    8      44         44          9          82       237          10
    9      2         42          8          17       237          10
    10      4         43          7          72       208          10
    11      36         44          9          51       204          10
    12      10         50          10          52       233          10
    13      48         28          9          66       250          10
    14      23         44          5          65       236          10
    15      34         29          9          61       233          10
    16      10         48          7          98       213          10
    17      13         20          8          106       224          10
    18      9         22          10          114       213          10
    19      47         49          5          70       226          10
    20      15         13          8          67       247          10
    21      42         35          10          77       205          10
    22      11         25          7          112       211          10
    23      21         12          6          103       244          10
    24      31         20          7          38       205          10
    25      25         5          6          77       235          10
