r621
VEHICLE
NUMBER     CAPACITY
  10         100

CUSTOMER
CUST NO.  XCOORD.   YCOORD.    DEMAND   READY TIME  DUE DATE   SERVICE   TIME

    0      25         25          0          0          250         0
    1      21         36          6          91       205          10
    2      36         21          6          117       237          10
    3      5         46          6          118       213          10
    4      41         40          8          70       233          10
    5      36         9          5          118       223          10
    6      46         40          8          15       250          10
    7      43         16          8          92       209          10
    8      35         22          7          0       230          10
    9      34         23          9          114       204          10
    10      9         38          8          9       228          10
    11      19         26          10          24       210          10
    12      22         24          7          86       243          10
    13      5         9          8          6       212          10
    14      26         30          10          115       221          10
    15      48         13          6          97       233          10
    16      39         32          8          41       237          10
    17      14         30          6          15       240          10
    18      32         19          9          32       214          10
    19      0         11          8          78       248          10
    20      23         0          8          86       229          10
    21      18         24          7          29       227          10
    22      33         34          6          95       200          10
    23      29         11          5          97       203          10
    24      13         45          5          8       233          10
    25      21         43          7          58       206          10
