r623
VEHICLE
NUMBER     CAPACITY
  10         100

CUSTOMER
CUST NO.  XCOORD.   YCOORD.    DEMAND   READY TIME  DUE DATE   SERVICE   TIME

    0      25         25          0          0          250         0
    1      30         24          6          99       226          10
    2      45         24          9          111       220          10
    3      48         12          9          91       242          10
    4      43         19          5          24       218          10
    5      30         26          5          104       206          10
    6      37         20          8          116       203          10
    7      24         17          7          56       239          10
    8      37         35          8          5       224          10
    9      42         18          8          80       221          10
    10      40         16          7          80       236          10
    11      34         32          10          14       213          10
    12      15         36          10          77       243          10
    13      39         45          8          45       238          10
    14      27         19          7          5       244          10
    15      22         14          9          111       242          10
    16      7         37          10          95       250          10
    17      36         31          5          16       245          10
    18      42         45          5          24       213          10
    19      27         12          10          30       224          10
    20      43         26          8          107       205          10
    21      16         31          6          99       234          10
    22      29         5          10          7       244          10
    23      21         16          9          76       229          10
    24      31         16          9          102       248          10
    25      20         45          5          93       222          10
