r625
VEHICLE
NUMBER     CAPACITY
  10         100

CUSTOMER
CUST NO.  XCOORD.   YCOORD.    DEMAND   READY TIME  DUE DATE   SERVICE   TIME

    0      25         25          0          0          250         0
    1      50         4          7          48       242          10
    2      10         15          6          8       244          10
    3      49         35          6          85       231          10
    4      30         18          10          93       203          10
    5      41         28          6          24       225          10
    6      45         8          5          110       217          10
    7      32         15          9          103       222          10
    8      10         31          10          10       236          10
    9      31         36          8          98       202          10
    10      33         9          8          0       214          10
    11      30         3          8          118       206          10
    12      40         5          8          99       207          10
    13      48         26          8          66       203          10
    14      30         48          7          17       231          10
    15      50         13          5          76       243          10
    16      48         5          6          40       238          10
    17      17         49          10          49       244          10
    18      31         2          6          80       210          10
    19      24         0          9          13       228          10
    20      7         23          7          98       203          10
    21      43         35          6          66       204          10
    22      35         39          6          26       208          10
    23      37         18          9          69       219          10
    24      7         11          5          27       216          10
    25      18         42          10          114       222          10
