r626
VEHICLE
NUMBER     CAPACITY
  10         100

CUSTOMER
CUST NO.  XCOORD.   YCOORD.    DEMAND   READY TIME  DUE DATE   SERVICE   TIME

    0      25         25          0          0          250         0
    1      8         38          9          49       245          10
    2      21         35          10          54       227          10
    3      16         44          7          8       248          10
    4      9         48          7          42       231          10
    5      0         8          7          22       218          10
    6      8         10          6          26       207          10
    7      20         38          7          16       203          10
    8      46         21          7          29       234          10
    9      23         16          9          56       204          10
    10      22         22          5          89       210          10
    11      44         14          6          115       250          10
    12      7         34          7          111       205          10
    13      33         6          5          38       206          10
    14      10         29          9          102       230          10
    15      11         18          7          92       218          10
    16      13         10          7          89       210          10
    17      0         3          8          0       202          10
    18      46         3          9          67       225          10
    19      15         18          8          1       200          10
    20      2         16          6          43       230          10
    21      49         14          10          28       206          10
    22      37         2          6          30       215          10
    23      47         30          7          11       248          10
    24      15         39          7          116       220          10
    25      20         17          9          49       229          10
