r628
VEHICLE
NUMBER     CAPACITY
  10         100

CUSTOMER
CUST NO.  XCOORD.   YCOORD.    DEMAND   READY TIME  DUE DATE   SERVICE   TIME

    0      25         25          0          0          250         0
    1      33         49          10          44       221          10
    2      22         11          8          81       235          10
    3      12         11          10          72       235          10
    4      34         37          10          5       209          10
    5      20         16          10          51       204          10
    6      14         30          8          64       213          10
    7      6         43          6          117       241          10
    8      33         50          10          51       245          10
    9      8         8          5          42       231          10
    10      39         27          6          111       201          10
    11      49         46          9          108       229          10
    12      6         6          9          48       206          10
    13      19         11          9          40       250          10
    14      22         14          9          107       248          10
    15      21         42          9          50       209          10
    16      44         16          5          26       207          10
    17      21         47          7          62       220          10
    18      19         5          6          84       226          10
    19      24         7          8          73       246          10
    20      6         1          6          76       222          10
    21      12         6          9          102       229          10
    22      47         23          8          74       205          10
    23      18         36          10          26       220          10
    24      31         10          7          84       220          10
    25      37         31          9          36       222          10
