r629
VEHICLE
NUMBER     CAPACITY
  10         100

CUSTOMER
CUST NO.  XCOORD.   YCOORD.    DEMAND   READY TIME  DUE DATE   SERVICE   TIME

    0      25         25          0          0          250         0
    1      44         4          7          86       212          10
    2      33         37          6          3       215          10
    3      22         20          9          106       229          10
    4      37         27          10          73       204          10
    5      28         32          7          2       231          10
    6      23         6          10          74       246          10
    7      3         15          10          50       242          10
    8      24         20          8          7       210          10
    9      28         25          9          114       230          10
    10      5         1          8          27       236          10
    11      1         13          8          7       227          10
    12      13         30          7          19       237          10
    13      25         15          7          73       208          10
    14      32         23          6          93       236          10
    15      3         34          6          93       245          10
    16      44         33          10          92       229          10
    17      6         30          10          102       250          10
    18      7         46          5          65       232          10
    19      41         23          5          0       218          10
    20      3         15          9          52       226          10
    21      6         41          5          41       247          10
    22      40         29          7          119       207          10
    23      50         35          6          106       229          10
    24      1         41          8          47       240          10
    25      40         28          9          27       227          10
