r630
VEHICLE
NUMBER     CAPACITY
  10         100

CUSTOMER
CUST NO.  XCOORD.   YCOORD.    DEMAND   READY TIME  DUE DATE   SERVICE   TIME

    0      25         25          0          0          250         0
    1      6         47          6          62       213          10
    2      23         31          8          32       203          10
    3      9         1          7          32       223          10
    4      14         29          8          66       211          10
    5      30         41          6          72       234          10
    6      6         4          7          73       247          10
    7      7         27          9          86       219          10
    8      22         14          8          44       240          10
    9      50         13          7          73       242          10
    10      28         29          5          94       226          10
    11      28         14          5          58       213          10
    12      38         37          9          116       209          10
    13      7         3          10          26       203          10
    14      14         15          10          117       231          10
    15      2         49          10          112       221          10
    16      41         26          9          61       231          10
    17      17         25          8          97       228          10
    18      12         17          7          115       220          10
    19      16         29          7          67       213          10
    20      4         41          6          10       212          10
    21      40         30          10          114       206          10
    22      27         23          5          66       218          10
    23      16         47          8          58       222          10
    24      15         48          8          35       200          10
    25      8         22          8          18       232          10
