r632
VEHICLE
NUMBER     CAPACITY
  10         100

CUSTOMER
CUST NO.  XCOORD.   YCOORD.    DEMAND   READY TIME  DUE DATE   SERVICE   TIME

    0      25         25          0          0          250         0
    1      39         39          9          64       245          10
    2      14         38          9          37       236          10
    3      12         27          5          36       208          10
    4      6         38          8          65       204          10
    5      34         45          6          108       226          10
    6      5         16          5          96       248          10
    7      48         47          10          14       219          10
    8      35         5          7          92       207          10
    9      39         4          8          22       215          10
    10      3         8          7          6       243          10
    11      35         6          5          98       235          10
    12      24         25          6          34       248          10
    13      21         17          10          60       235          10
    14      17         22          10          62       210          10
    15      34         9          5          44       243          10
    16      24         30          9          39       243          10
    17      50         36          10          65       242          10
    18      18         45          9          61       202          10
    19      20         5          8          14       231          10
    20      20         34          9          100       204          10
    21      0         47          5          4       243          10
    22      9         38          10          6       218          10
    23      23         8          7          15       202          10
    24      1         49          7          75       218          10
    25      25         49          6          4       246          10
