r634
VEHICLE
NUMBER     CAPACITY
  10         100

CUSTOMER
CUST NO.  XCOORD.   YCOORD.    DEMAND   READY TIME  DUE DATE   SERVICE   TIME

    0      25         25          0          0          250         0
    1      22         34          9          80       221          10
    2      17         42          8          101       250          10
    3      19         48          8          32       210          10
    4      19         21          8          38       223          10
    5      14         28          8          5       240          10
    6      31         21          5          70       201          10
    7      30         26          10          49       241          10
    8      49         33          7          119       226          10
    9      34         16          5          33       221          10
    10      19         43          9          74       201          10
    11      41         29          5          61       214          10
    12      43         27          10          112       250          10
    13      7         41          6          26       243          10
    14      42         48          7          105       204          10
    15      8         2          9          60       221          10
    16      15         45          8          34       250          10
    17      20         5          9          0       237          10
    18      29         26          7          112       205          10
    19      39         24          5          8       231          10
    20      44         20          5          17       214          10
    21      36         22          8          120       250          10
    22      23         48          6          115       243          10
    23      11         43          5          41       220          10
    24      38         13          10          100       231          10
    25      2         39          8          94       239          10
