r638
VEHICLE
NUMBER     CAPACITY
  10         100

CUSTOMER
CUST NO.  XCOORD.   YCOORD.    DEMAND   READY TIME  DUE DATE   SERVICE   TIME

    0      25         25          0          0          250         0
    1      6         50          9          120       243          10
    2      32         30          6          16       238          10
    3      1         17          5          20       247          10
    4      29         49          10          35       238          10
    5      48         15          9          3       226          10
    6      26         28          7          42       231          10
    7      16         45          9          73       240          10
    8      18         20          6          10       227          10
    9      28         45          6          61       223          10
    10      23         17          9          85       214          10
    11      23         23          10          73       201          10
    12      41         6          6          30       230          10
    13      25         15          6          64       240          10
    14      14         1          6          34       221          10
    15      33         16          9          17       248          10
    16      47         23          5          27       226          10
    17      38         26          8          75       203          10
    18      27         43          10          87       243          10
    19      16         14          6          10       242          10
    20      30         40          10          118       233          10
    21      22         37          6          33       243          10
    22      10         39          7          9       215          10
    23      6         20          5          46       201          10
    24      4         15          6          14       213          10
    25      3         45          5          5       210          10
