r642
VEHICLE
NUMBER     CAPACITY
  10         100

CUSTOMER
CUST NO.  XCOORD.   YCOORD.    DEMAND   READY TIME  DUE DATE   SERVICE   TIME

    0      25         25          0          0          250         0
    1      50         21          7          94       205          10
    2      34         9          6          1       231          10
    3      48         42          10          112       244          10
    4      5         42          9          17       226          10
    5      1         32          6          18       243          10
    6      23         33          7          113       240          10
    7      25         22          8          74       226          10
    8      49         15          10          66       209          10
    9      4         20          9          61       223          10
    10      33         22          6          75       242          10
    11      43         47          8          88       239          10
    12      33         1          6          93       226          10
    13      22         1          9          63       200          10
    14      23         3          9          72       230          10
    15      46         42          9          40       231          10
    16      18         46          7          58       213          10
    17      44         34          10          74       230          10
    18      10         46          6          82       212          10
    19      34         1          7          97       220          10
    20      1         40          6          6       211          10
    21      21         50          9          21       215          10
    22      36         1          10          26       236          10
    23      19         19          10          48       213          10
    24      33         42          5          57       242          10
    25      44         1          5          79       243          10
