r644
VEHICLE
NUMBER     CAPACITY
  10         100

CUSTOMER
CUST NO.  XCOORD.   YCOORD.    DEMAND   READY TIME  DUE DATE   SERVICE   TIME

    0      25         25          0          0          250         0
    1      48         32          5          16       207          10
    2      3         37          9          103       228          10
    3      27         27          5          59       234          10
    4      33         34          5          97       243          10
    5      7         44          9          82       222          10
    6      33         29          8          36       216          10
    7      15         36          7          88       218          10
    8      41         12          8          53       239          10
    9      8         26          7          67       206          10
    10      22         24          9          85       215          10
    11      48         46          5          49       236          10
    12      28         10          8          44       214          10
    13      15         32          5          38       246          10
    14      23         13          7          43       241          10
    15      17         23          10          100       210          10
    16      17         26          5          3       221          10
    17      4         48          9          63       219          10
    18      34         3          5          59       212          10
    19      0         5          8          101       224          10
    20      25         16          9          49       200          10
    21      20         47          8          22       237          10
    22      33         34          5          20       237          10
    23      2         38          7          16       224          10
    24      26         31          6          45       233          10
    25      5         35          8          50       232          10
