r647
VEHICLE
NUMBER     CAPACITY
  10         100

CUSTOMER
CUST NO.  XCOORD.   YCOORD.    DEMAND   READY TIME  DUE DATE   SERVICE   TIME

    0      25         25          0          0          250         0
    1      46         12          6          100       242          10
    2      10         5          5          92       213          10
    3      44         33          7          13       212          10
    4      20         14          6          63       214          10
    5      21         50          6          95       226          10
    6      10         37          7          29       217          10
    7      21         25          10          32       202          10
    8      38         35          6          41       240          10
    9      32         17          10          33       203          10
    10      31         14          7          34       230          10
    11      10         41          6          102       213          10
    12      12         18          5          71       242          10
    13      35         49          6          78       234          10
    14      17         13          8          35       245          10
    15      7         41          8          69       234          10
    16      11         26          6          28       223          10
    17      40         13          10          112       243          10
    18      7         4          7          101       206          10
    19      18         35          9          66       215          10
    20      2         26          10          83       231          10
    21      13         41          6          3       224          10
    22      9         32          5          77       242          10
    23      1         41          9          39       209          10
    24      48         43          7          13       203          10
    25      48         19          6          48       201          10
