r648
VEHICLE
NUMBER     CAPACITY
  10         100

CUSTOMER
CUST NO.  XCOORD.   YCOORD.    DEMAND   READY TIME  DUE DATE   SERVICE   TIME

    0      25         25          0          0          250         0
    1      19         16          6          54       201          10
    2      23         46          5          89       226          10
    3      40         20          5          1       215          10
    4      43         8          8          108       224          10
    5      10         14          7          6       230          10
    6      15         50          6          1       203          10
    7      34         37          5          76       218          10
    8      31         10          6          52       227          10
    9      28         20          7          111       212          10
    10      21         27          9          56       243          10
    11      28         3          8          105       248          10
    12      30         21          5          5       242          10
    13      45         32          7          76       237          10
    14      27         32          9          26       246          10
    15      0         15          5          94       234          10
    16      50         36          10          69       239          10
    17      5         0          7          0       221          10
    18      6         26          9          16       217          10
    19      45         50          8          43       220          10
    20      46         29          7          78       210          10
    21      49         39          8          43       239          10
    22      10         15          10          116       232          10
    23      4         46          6          97       230          10
    24      10         7          8          60       203          10
    25      20         43          5          96       250          10
