r649
VEHICLE
NUMBER     CAPACITY
  10         100

CUSTOMER
CUST NO.  XCOORD.   YCOORD.    DEMAND   READY TIME  DUE DATE   SERVICE   TIME

    0      25         25          0          0          250         0
    1      18         35          7          88       203          10
    2      48         22          6          71       236          10
    3      0         12          6          110       206          10
    4      30         42          9          47       213          10
    5      43         43          6          19       244          10
    6      7         41          6          22       236          10
    7      29         21          5          3       228          10
    8      18         36          5          42       216          10
    9      1         7          5          82       218          10
    10      30         3          6          7       222          10
    11      30         41          10          22       231          10
    12      47         28          8          40       228          10
    13      20         17          9          66       204          10
    14      26         38          10          54       250          10
    15      12         11          10          30       230          10
    16      4         36          7          29       248          10
    17      1         43          6          55       226          10
    18      21         9          5          57       209          10
    19      36         5          7          72       223          10
    20      3         50          9          54       237          10
    21      41         10          9          79       216          10
    22      22         34          5          110       248          10
    23      19         2          5          38       207          10
    24      17         32          6          102       215          10
    25      44         30          10          18       221          10
