r653
VEHICLE
NUMBER     CAPACITY
  10         100

CUSTOMER
CUST NO.  XCOORD.   YCOORD.    DEMAND   READY TIME  DUE DATE   SERVICE   TIME

    0      25         25          0          0          250         0
    1      24         20          8          59       218          10
    2      23         18          5          21       211          10
    3      46         9          10          50       223          10
    4      43         45          6          40       215          10
    5      47         39          8          20       229          10
    6      37         0          5          91       240          10
    7      2         33          9          120       205          10
    8      43         44          10          1       242          10
    9      27         10          6          40       202          10
    10      44         36          5          86       222          10
    11      45         33          8          48       205          10
    12      22         49          8          117       233          10
    13      10         43          7          85       235          10
    14      24         27          9          87       205          10
    15      39         15          10          87       237          10
    16      31         40          8          82       235          10
    17      21         3          6          119       250          10
    18      29         48          10          69       241          10
    19      16         22          5          18       245          10
    20      2         36          5          8       247          10
    21      42         20          5          53       232          10
    22      6         24          10          119       204          10
    23      26         29          8          12       235          10
    24      10         34          10          30       224          10
    25      22         24          8          103       226          10
