r654
VEHICLE
NUMBER     CAPACITY
  10         100

CUSTOMER
CUST NO.  XCOORD.   YCOORD.    DEMAND   READY TIME  DUE DATE   SERVICE   TIME

    0      25         25          0          0          250         0
    1      30         13          9          76       213          10
    2      44         21          6          69       204          10
    3      23         12          5          109       209          10
    4      17         17          8          93       242          10
    5      16         36          6          83       210          10
    6      44         32          9          112       229          10
    7      12         26          8          80       231          10
    8      27         49          6          65       233          10
    9      3         49          5          54       228          10
    10      14         40          7          84       225          10
    11      7         27          10          43       223          10
    12      26         50          7          10       215          10
    13      32         17          8          94       247          10
    14      13         50          8          65       246          10
    15      7         20          7          23       248          10
    16      43         20          8          47       205          10
    17      50         4          5          75       210          10
    18      33         37          10          97       203          10
    19      10         14          8          14       244          10
    20      17         20          6          30       200          10
    21      48         9          8          0       241          10
    22      31         19          10          53       213          10
    23      24         20          8          35       201          10
    24      13         10          10          109       201          10
    25      2         16          6          75       212          10
