r655
VEHICLE
NUMBER     CAPACITY
  10         100

CUSTOMER
CUST NO.  XCOORD.   YCOORD.    DEMAND   READY TIME  DUE DATE   SERVICE   TIME

    0      25         25          0          0          250         0
    1      34         33          6          16       218          10
    2      16         16          7          31       208          10
    3      47         18          5          118       237          10
    4      42         47          9          29       212          10
    5      39         24          9          83       249          10
    6      23         31          5          55       241          10
    7      42         41          9          62       200          10
    8      11         31          6          8       248          10
    9      20         1          6          47       223          10
    10      4         27          9          67       246          10
    11      25         47          9          5       223          10
    12      16         24          5          106       242          10
    13      32         32          9          78       236          10
    14      33         49          9          101       221          10
    15      39         25          8          66       223          10
    16      2         43          6          54       211          10
    17      34         21          5          54       220          10
    18      45         32          7          91       235          10
    19      17         4          9          16       215          10
    20      49         38          10          96       223          10
    21      48         22          10          93       215          10
    22      19         4          9          45       230          10
    23      20         27          6          10       210          10
    24      30         3          6          92       218          10
    25      27         2          5          46       221          10
