r657
VEHICLE
NUMBER     CAPACITY
  10         100

CUSTOMER
CUST NO.  XCOORD.   YCOORD.    DEMAND   READY TIME  DUE DATE   SERVICE   TIME

    0      25         25          0          0          250         0
    1      14         21          9          33       205          10
    2      0         16          6          31       213          10
    3      6         49          10          47       229          10
    4      2         2          5          90       250          10
    5      18         23          9          53       229          10
    6      18         1          7          26       249          10
    7      14         15          6          106       235          10
    8      47         31          7          8       249          10
    9      38         26          10          70       222          10
    10      35         37          7          54       225          10
    11      49         18          8          86       216          10
    12      46         26          5          20       249          10
    13      42         15          7          41       210          10
    14      3         21          9          30       233          10
    15      10         28          10          109       248          10
    16      11         38          7          48       241          10
    17      30         39          10          96       240          10
    18      25         19          6          87       232          10
    19      17         24          9          21       217          10
    20      30         15          5          51       225          10
    21      9         37          6          68       244          10
    22      15         11          8          60       200          10
    23      39         13          6          104       210          10
    24      34         45          5          36       226          10
    25      1         0          7          90       235          10
