r659
VEHICLE
NUMBER     CAPACITY
  10         100

CUSTOMER
CUST NO.  XCOORD.   YCOORD.    DEMAND   READY TIME  DUE DATE   SERVICE   TIME

    0      25         25          0          0          250         0
    1      4         40          10          116       216          10
    2      6         7          8          69       233          10
    3      6         42          8          5       242          10
    4      37         29          5          31       220          10
    5      12         3          5          8       230          10
    6      0         31          5          120       240          10
    7      36         42          5          5       232          10
    8      8         30          8          49       244          10
    9      31         47          10          32       211          10
    10      2         8          5          31       237          10
    11      18         50          10          80       238          10
    12      44         28          9          4       222          10
    13      47         6          9          19       247          10
    14      41         32          6          54       224          10
    15      1         42          8          78       204          10
    16      28         35          7          84       247          10
    17      42         1          10          18       215          10
    18      32         24          5          117       208          10
    19      26         12          10          60       226          10
    20      18         15          10          71       229          10
    21      38         39          9          112       230          10
    22      16         49          7          8       206          10
    23      45         35          10          17       210          10
    24      14         32          10          114       235          10
    25      2         30          10          1       212          10
