r660
VEHICLE
NUMBER     CAPACITY
  10         100

CUSTOMER
CUST NO.  XCOORD.   YCOORD.    DEMAND   READY TIME  DUE DATE   SERVICE   TIME

    0      25         25          0          0          250         0
    1      31         35          7          83       234          10
    2      11         40          5          82       225          10
    3      27         20          7          13       239          10
    4      1         19          6          32       206          10
    5      3         36          6          100       228          10
    6      14         20          10          5       249          10
    7      20         16          6          17       218          10
    8      11         21          10          115       212          10
    9      47         40          5          68       206          10
    10      2         50          10          66       227          10
    11      2         1          10          101       221          10
    12      17         48          8          6       250          10
    13      44         49          9          107       226          10
    14      24         31          7          112       244          10
    15      35         7          9          14       242          10
    16      23         9          9          4       236          10
    17      20         45          9          81       222          10
    18      19         33          6          21       216          10
    19      0         36          8          107       219          10
    20      39         42          7          91       232          10
    21      37         33          9          106       229          10
    22      11         50          6          118       221          10
    23      13         46          7          78       228          10
    24      44         19          6          2       210          10
    25      50         44          7          114       248          10
