r661
VEHICLE
NUMBER     CAPACITY
  10         100

CUSTOMER
CUST NO.  XCOORD.   YCOORD.    DEMAND   READY TIME  DUE DATE   SERVICE   TIME

    0      25         25          0          0          250         0
    1      40         29          7          117       223          10
    2      29         30          10          70       233          10
    3      31         20          10          66       223          10
    4      6         48          8          108       249          10
    5      49         48          8          26       204          10
    6      37         43          5          14       248          10
    7      27         2          10          6       221          10
    8      0         11          9          39       205          10
    9      4         43          10          97       217          10
    10      10         12          6          64       215          10
    11      35         30          9          63       236          10
    12      36         14          6          46       225          10
    13      10         1          5          19       233          10
    14      2         31          9          7       246          10
    15      26         1          5          72       246          10
    16      41         22          8          52       244          10
    17      36         18          5          24       206          10
    18      1         45          10          115       245          10
    19      29         33          9          53       223          10
    20      23         4          10          65       218          10
    21      14         28          8          23       214          10
    22      28         0          7          60       213          10
    23      27         3          9          83       244          10
    24      50         43          6          47       205          10
    25      6         45          7          43       215          10
