r663
VEHICLE
NUMBER     CAPACITY
  10         100

CUSTOMER
CUST NO.  XCOORD.   YCOORD.    DEMAND   READY TIME  DUE DATE   SERVICE   TIME

    0      25         25          0          0          250         0
    1      22         46          10          32       242          10
    2      11         12          9          42       223          10
    3      14         23          10          58       219          10
    4      40         25          6          78       229          10
    5      3         29          7          17       209          10
    6      26         20          6          29       240          10
    7      6         35          5          73       245          10
    8      13         6          8          73       227          10
    9      21         18          6          100       243          10
    10      39         20          5          100       228          10
    11      17         5          7          40       207          10
    12      9         7          10          35       233          10
    13      39         43          6          55       223          10
    14      16         22          6          56       211          10
    15      32         50          6          96       211          10
    16      41         16          5          116       242          10
    17      17         30          7          117       216          10
    18      35         23          10          79       203          10
    19      16         30          5          46       243          10
    20      5         20          8          51       222          10
    21      30         9          5          20       210          10
    22      41         46          5          108       243          10
    23      6         50          10          83       212          10
    24      11         42          7          0       228          10
    25      28         2          9          12       225          10
