r665
VEHICLE
NUMBER     CAPACITY
  10         100

CUSTOMER
CUST NO.  XCOORD.   YCOORD.    DEMAND   READY TIME  DUE DATE   SERVICE   TIME

    0      25         25          0          0          250         0
    1      9         5          10          32       229          10
    2      38         39          9          115       211          10
    3      19         30          7          24       249          10
    4      1         19          5          31       204          10
    5      23         35          5          26       206          10
    6      26         4          7          22       249          10
    7      30         4          7          114       250          10
    8      28         48          5          86       243          10
    9      21         49          10          17       202          10
    10      43         7          8          108       213          10
    11      40         3          5          83       240          10
    12      47         7          8          17       209          10
    13      30         33          10          65       245          10
    14      48         28          7          7       245          10
    15      40         2          6          35       206          10
    16      12         45          6          60       240          10
    17      39         15          9          84       212          10
    18      48         6          6          2       229          10
    19      3         13          8          80       212          10
    20      44         2          5          67       239          10
    21      48         15          7          73       216          10
    22      39         10          7          27       213          10
    23      30         48          8          118       209          10
    24      29         33          5          7       214          10
    25      24         29          9          97       200          10
