r666
VEHICLE
NUMBER     CAPACITY
  10         100

CUSTOMER
CUST NO.  XCOORD.   YCOORD.    DEMAND   READY TIME  DUE DATE   SERVICE   TIME

    0      25         25          0          0          250         0
    1      28         48          6          59       201          10
    2      33         28          10          28       205          10
    3      19         39          10          81       222          10
    4      5         38          7          106       239          10
    5      23         6          9          37       238          10
    6      19         50          7          6       214          10
    7      36         44          9          32       231          10
    8      9         43          7          17       219          10
    9      31         36          7          42       222          10
    10      40         17          9          103       222          10
    11      25         36          6          0       242          10
    12      31         5          7          66       237          10
    13      44         25          6          86       203          10
    14      2         47          8          11       213          10
    15      37         44          5          102       215          10
    16      17         43          7          58       224          10
    17      40         39          5          114       242          10
    18      24         8          6          108       238          10
    19      4         11          6          42       208          10
    20      44         46          8          59       233          10
    21      44         13          5          68       213          10
    22      41         31          10          41       232          10
    23      22         1          5          115       219          10
    24      32         5          9          69       205          10
    25      33         47          6          61       204          10
