r667
VEHICLE
NUMBER     CAPACITY
  10         100

CUSTOMER
CUST NO.  XCOORD.   YCOORD.    DEMAND   READY TIME  DUE DATE   SERVICE   TIME

    0      25         25          0          0          250         0
    1      12         41          8          109       245          10
    2      29         46          7          42       230          10
    3      16         17          9          60       208          10
    4      29         23          6          0       239          10
    5      39         47          8          52       207          10
    6      45         18          8          110       210          10
    7      24         40          5          39       206          10
    8      13         35          5          64       201          10
    9      49         12          5          93       227          10
    10      30         17          8          25       247          10
    11      41         0          9          4       230          10
    12      36         4          5          105       235          10
    13      12         48          7          79       216          10
    14      8         33          10          52       242          10
    15      12         9          7          40       243          10
    16      8         30          7          108       204          10
    17      13         40          8          88       250          10
    18      24         11          8          91       230          10
    19      29         5          5          117       236          10
    20      31         43          8          30       213          10
    21      37         12          8          34       247          10
    22      46         38          10          95       240          10
    23      20         18          5          47       236          10
    24      10         20          9          45       243          10
    25      8         30          10          24       230          10
