r669
VEHICLE
NUMBER     CAPACITY
  10         100

CUSTOMER
CUST NO.  XCOORD.   YCOORD.    DEMAND   READY TIME  DUE DATE   SERVICE   TIME

    0      25         25          0          0          250         0
    1      45         36          8          118       237          10
    2      31         34          5          64       221          10
    3      43         25          9          112       209          10
    4      8         3          6          75       217          10
    5      23         28          5          61       241          10
    6      23         5          6          32       244          10
    7      0         44          10          83       204          10
    8      44         43          5          77       247          10
    9      25         36          7          9       231          10
    10      8         41          8          52       200          10
    11      35         34          7          61       214          10
    12      27         14          9          40       230          10
    13      35         6          6          82       235          10
    14      1         16          8          103       218          10
    15      49         32          10          1       245          10
    16      36         3          10          62       247          10
    17      42         35          10          86       224          10
    18      33         47          7          52       236          10
    19      33         28          9          7       240          10
    20      18         6          6          24       203          10
    21      38         32          9          112       201          10
    22      14         29          9          3       219          10
    23      7         7          10          109       200          10
    24      46         33          5          0       235          10
    25      5         37          9          87       207          10
