r671
VEHICLE
NUMBER     CAPACITY
  10         100

CUSTOMER
CUST NO.  XCOORD.   YCOORD.    DEMAND   READY TIME  DUE DATE   SERVICE   TIME

    0      25         25          0          0          250         0
    1      40         32          5          10       213          10
    2      39         22          5          117       228          10
    3      31         15          8          36       207          10
    4      25         10          7          71       203          10
    5      38         12          5          86       248          10
    6      22         0          5          61       208          10
    7      43         38          10          81       249          10
    8      44         0          9          105       209          10
    9      1         4          7          26       205          10
    10      9         16          6          111       239          10
    11      20         26          10          89       242          10
    12      8         8          5          99       203          10
    13      10         36          7          13       244          10
    14      13         45          5          23       245          10
    15      29         26          6          33       206          10
    16      34         18          8          46       240          10
    17      19         4          6          51       244          10
    18      8         22          9          63       231          10
    19      22         41          7          68       205          10
    20      4         38          10          90       241          10
    21      18         31          6          105       246          10
    22      4         21          8          102       203          10
    23      34         3          7          84       239          10
    24      17         29          6          57       246          10
    25      4         41          7          73       236          10
