r674
VEHICLE
NUMBER     CAPACITY
  10         100

CUSTOMER
CUST NO.  XCOORD.   YCOORD.    DEMAND   READY TIME  DUE DATE   SERVICE   TIME

    0      25         25          0          0          250         0
    1      24         7          6          62       207          10
    2      23         42          8          15       229          10
    3      3         48          8          17       245          10
    4      30         10          5          91       217          10
    5      20         32          5          46       231          10
    6      14         2          8          92       229          10
    7      19         48          8          71       231          10
    8      13         22          6          4       243          10
    9      19         48          5          116       244          10
    10      39         41          8          5       226          10
    11      11         18          10          118       222          10
    12      46         31          10          32       249          10
    13      7         50          10          34       200          10
    14      29         43          10          23       224          10
    15      47         7          9          119       245          10
    16      42         33          9          110       231          10
    17      39         30          5          78       207          10
    18      1         34          8          61       241          10
    19      45         31          6          46       228          10
    20      44         9          10          24       206          10
    21      4         22          6          2       231          10
    22      40         5          9          77       214          10
    23      32         28          7          110       209          10
    24      10         40          7          36       212          10
    25      30         45          6          17       210          10
