r675
VEHICLE
NUMBER     CAPACITY
  10         100

CUSTOMER
CUST NO.  XCOORD.   YCOORD.    DEMAND   READY TIME  DUE DATE   SERVICE   TIME

    0      25         25          0          0          250         0
    1      47         15          7          99       200          10
    2      29         22          7          106       241          10
    3      15         8          10          44       234          10
    4      15         1          10          99       215          10
    5      39         23          7          95       229          10
    6      48         47          9          60       238          10
    7      9         23          8          6       242          10
    8      35         34          7          22       203          10
    9      12         45          6          78       227          10
    10      21         1          9          104       202          10
    11      43         46          6          49       208          10
    12      14         8          5          29       219          10
    13      39         2          6          46       237          10
    14      9         26          10          19       221          10
    15      40         32          10          19       208          10
    16      47         49          8          90       211          10
    17      41         28          10          46       235          10
    18      36         8          6          22       235          10
    19      39         30          7          10       248          10
    20      33         40          5          66       216          10
    21      18         23          7          65       247          10
    22      39         4          5          25       234          10
    23      18         24          10          62       220          10
    24      43         28          10          39       200          10
    25      29         43          6          7       210          10
