r676
VEHICLE
NUMBER     CAPACITY
  10         100

CUSTOMER
CUST NO.  XCOORD.   YCOORD.    DEMAND   READY TIME  DUE DATE   SERVICE   TIME

    0      25         25          0          0          250         0
    1      14         27          6          42       228          10
    2      18         44          7          1       215          10
    3      17         39          7          17       248          10
    4      11         16          8          108       231          10
    5      50         35          10          119       213          10
    6      41         8          6          86       234          10
    7      20         22          8          92       216          10
    8      48         44          9          14       235          10
    9      6         39          7          83       240          10
    10      5         46          7          71       238          10
    11      26         33          9          29       232          10
    12      18         16          10          73       207          10
    13      45         17          5          22       236          10
    14      8         25          7          1       234          10
    15      13         5          5          103       205          10
    16      7         20          8          85       217          10
    17      29         40          5          50       242          10
    18      44         16          10          80       236          10
    19      4         36          6          79       202          10
    20      40         7          10          87       235          10
    21      42         11          7          41       241          10
    22      9         16          8          2       218          10
    23      11         5          8          92       249          10
    24      35         27          6          119       231          10
    25      8         45          7          15       240          10
