r682
VEHICLE
NUMBER     CAPACITY
  10         100

CUSTOMER
CUST NO.  XCOORD.   YCOORD.    DEMAND   READY TIME  DUE DATE   SERVICE   TIME

    0      25         25          0          0          250         0
    1      38         0          9          11       229          10
    2      8         29          9          78       224          10
    3      12         42          5          59       235          10
    4      29         16          7          115       223          10
    5      15         7          7          52       239          10
    6      37         14          6          46       234          10
    7      42         41          8          117       211          10
    8      11         26          7          84       228          10
    9      36         45          9          52       233          10
    10      28         14          9          70       232          10
    11      20         38          6          88       215          10
    12      0         40          5          44       224          10
    13      24         0          5          84       240          10
    14      3         18          6          35       215          10
    15      7         39          5          100       230          10
    16      24         28          10          29       231          10
    17      12         0          10          73       225          10
    18      34         39          7          66       233          10
    19      39         12          7          87       234          10
    20      2         22          7          4       212          10
    21      43         26          7          93       230          10
    22      41         27          6          14       245          10
    23      16         26          7          108       204          10
    24      6         8          5          79       241          10
    25      39         38          6          43       241          10
