r688
VEHICLE
NUMBER     CAPACITY
  10         100

CUSTOMER
CUST NO.  XCOORD.   YCOORD.    DEMAND   READY TIME  DUE DATE   SERVICE   TIME

    0      25         25          0          0          250         0
    1      43         8          9          5       206          10
    2      37         36          8          71       200          10
    3      50         5          9          43       221          10
    4      47         50          9          115       249          10
    5      39         41          7          48       202          10
    6      45         34          7          44       212          10
    7      13         24          10          69       201          10
    8      4         22          7          38       223          10
    9      49         22          7          21       233          10
    10      20         49          7          120       232          10
    11      44         2          9          51       235          10
    12      0         44          8          39       226          10
    13      31         17          9          92       247          10
    14      43         48          10          92       216          10
    15      1         31          8          28       231          10
    16      21         6          9          109       242          10
    17      36         47          5          13       204          10
    18      2         24          8          43       226          10
    19      1         50          10          32       244          10
    20      42         34          6          64       208          10
    21      4         38          8          14       247          10
    22      25         49          10          97       209          10
    23      32         2          10          107       204          10
    24      40         32          9          50       207          10
    25      15         11          6          44       216          10
