r690
VEHICLE
NUMBER     CAPACITY
  10         100

CUSTOMER
CUST NO.  XCOORD.   YCOORD.    DEMAND   READY TIME  DUE DATE   SERVICE   TIME

    0      25         25          0          0          250         0
    1      50         34          9          56       203          10
    2      15         23          5          86       224          10
    3      43         43          10          93       223          10
    4      49         44          8          55       234          10
    5      22         22          6          120       210          10
    6      4         8          6          82       213          10
    7      20         2          5          0       211          10
    8      42         30          9          46       241          10
    9      15         37          9          45       232          10
    10      19         38          8          62       224          10
    11      2         33          10          37       206          10
    12      17         2          9          15       211          10
    13      19         26          10          69       231          10
    14      16         0          6          4       202          10
    15      34         21          10          60       230          10
    16      48         19          9          6       214          10
    17      23         13          5          54       236          10
    18      12         29          9          34       207          10
    19      48         29          7          81       242          10
    20      34         7          10          109       218          10
    21      9         12          7          56       219          10
    22      50         23          9          76       220          10
    23      5         1          8          30       211          10
    24      44         36          10          10       240          10
    25      18         29          9          112       231          10
