r691
VEHICLE
NUMBER     CAPACITY
  10         100

CUSTOMER
CUST NO.  XCOORD.   YCOORD.    DEMAND   READY TIME  DUE DATE   SERVICE   TIME

    0      25         25          0          0          250         0
    1      40         28          5          21       237          10
    2      8         29          10          3       200          10
    3      41         43          6          107       231          10
    4      44         23          8          57       245          10
    5      22         41          7          101       248          10
    6      29         14          6          51       201          10
    7      12         25          7          44       202          10
    8      23         45          10          0       214          10
    9      48         0          10          49       212          10
    10      2         33          9          28       210          10
    11      38         10          10          15       249          10
    12      3         21          9          75       224          10
    13      4         8          7          13       247          10
    14      19         0          7          69       220          10
    15      0         23          8          115       222          10
    16      17         36          7          50       239          10
    17      0         9          7          13       230          10
    18      3         39          9          11       236          10
    19      28         46          9          45       225          10
    20      19         35          9          71       242          10
    21      49         6          10          28       228          10
    22      16         25          5          24       206          10
    23      8         42          6          42       229          10
    24      50         11          8          47       213          10
    25      40         18          9          113       209          10
