r692
VEHICLE
NUMBER     CAPACITY
  10         100

CUSTOMER
CUST NO.  XCOORD.   YCOORD.    DEMAND   READY TIME  DUE DATE   SERVICE   TIME

    0      25         25          0          0          250         0
    1      33         34          10          82       238          10
    2      31         33          5          6       216          10
    3      4         44          9          72       238          10
    4      36         28          9          54       201          10
    5      9         13          6          54       213          10
    6      46         47          9          53       219          10
    7      33         19          5          83       225          10
    8      4         28          7          116       200          10
    9      14         23          5          2       208          10
    10      9         44          6          0       235          10
    11      24         17          6          60       241          10
    12      10         25          10          61       250          10
    13      28         1          6          88       249          10
    14      45         18          9          67       237          10
    15      48         30          9          87       233          10
    16      9         31          10          84       223          10
    17      24         37          5          20       203          10
    18      0         44          6          59       225          10
    19      47         21          9          41       222          10
    20      31         36          5          103       236          10
    21      26         21          9          40       207          10
    22      42         36          5          13       216          10
    23      19         13          7          5       232          10
    24      13         27          7          93       219          10
    25      48         20          5          26       209          10
