r693
VEHICLE
NUMBER     CAPACITY
  10         100

CUSTOMER
CUST NO.  XCOORD.   YCOORD.    DEMAND   READY TIME  DUE DATE   SERVICE   TIME

    0      25         25          0          0          250         0
    1      33         1          10          89       221          10
    2      34         22          5          117       249          10
    3      45         12          5          66       207          10
    4      10         3          8          110       210          10
    5      49         48          6          45       250          10
    6      28         17          9          49       242          10
    7      0         43          5          56       219          10
    8      23         23          10          110       201          10
    9      33         11          8          118       233          10
    10      9         38          7          67       234          10
    11      17         19          5          101       240          10
    12      7         2          9          118       238          10
    13      9         28          10          26       217          10
    14      1         33          10          109       232          10
    15      36         46          9          69       208          10
    16      3         9          9          69       201          10
    17      17         22          8          82       213          10
    18      49         48          8          21       213          10
    19      11         36          8          62       225          10
    20      19         42          6          89       210          10
    21      10         34          6          49       232          10
    22      46         9          9          63       229          10
    23      26         21          5          73       248          10
    24      17         46          9          88       223          10
    25      9         25          5          29       208          10
