r694
VEHICLE
NUMBER     CAPACITY
  10         100

CUSTOMER
CUST NO.  XCOORD.   YCOORD.    DEMAND   READY TIME  DUE DATE   SERVICE   TIME

    0      25         25          0          0          250         0
    1      6         39          9          88       210          10
    2      0         45          7          92       237          10
    3      19         29          10          51       242          10
    4      43         29          6          110       246          10
    5      9         28          9          55       250          10
    6      7         22          5          74       218          10
    7      38         39          8          2       229          10
    8      37         19          9          119       239          10
    9      50         0          10          32       227          10
    10      44         25          9          40       226          10
    11      0         37          5          89       219          10
    12      24         22          5          12       242          10
    13      14         46          9          30       248          10
    14      1         6          9          60       233          10
    15      14         42          6          21       249          10
    16      35         30          5          91       249          10
    17      0         31          9          29       206          10
    18      1         24          6          7       210          10
    19      43         0          9          40       240          10
    20      49         15          9          107       206          10
    21      12         8          5          28       246          10
    22      17         4          5          5       245          10
    23      4         24          7          82       226          10
    24      19         48          6          80       238          10
    25      17         10          9          23       229          10
