r696
VEHICLE
NUMBER     CAPACITY
  10         100

CUSTOMER
CUST NO.  XCOORD.   YCOORD.    DEMAND   READY TIME  DUE DATE   SERVICE   TIME

    0      25         25          0          0          250         0
    1      8         15          6          92       218          10
    2      27         45          9          82       230          10
    3      15         35          9          18       213          10
    4      50         20          5          60       222          10
    5      4         38          6          84       249          10
    6      27         10          7          28       247          10
    7      23         5          7          54       221          10
    8      11         15          8          61       249          10
    9      35         22          8          105       243          10
    10      35         19          8          114       209          10
    11      42         0          6          99       212          10
    12      14         35          9          89       244          10
    13      29         50          5          3       243          10
    14      8         25          5          119       207          10
    15      46         32          9          106       202          10
    16      35         30          10          98       212          10
    17      44         46          10          95       226          10
    18      43         24          7          102       238          10
    19      11         41          7          94       218          10
    20      45         4          9          35       217          10
    21      10         6          6          3       220          10
    22      4         17          5          69       238          10
    23      20         49          7          17       206          10
    24      27         6          5          58       237          10
    25      38         4          8          75       205          10
