r697
VEHICLE
NUMBER     CAPACITY
  10         100

CUSTOMER
CUST NO.  XCOORD.   YCOORD.    DEMAND   READY TIME  DUE DATE   SERVICE   TIME

    0      25         25          0          0          250         0
    1      18         9          10          8       247          10
    2      5         26          9          16       249          10
    3      33         19          7          80       207          10
    4      5         44          5          1       226          10
    5      42         44          10          7       242          10
    6      32         1          5          69       200          10
    7      33         39          6          63       223          10
    8      47         42          5          93       207          10
    9      28         20          10          80       243          10
    10      4         47          7          35       233          10
    11      44         14          9          99       205          10
    12      19         15          9          98       246          10
    13      21         50          10          86       243          10
    14      0         27          5          62       208          10
    15      18         14          8          60       224          10
    16      6         17          9          62       231          10
    17      31         13          6          28       248          10
    18      34         35          7          95       229          10
    19      45         14          10          108       231          10
    20      7         17          10          80       247          10
    21      40         48          8          56       242          10
    22      8         43          8          81       231          10
    23      9         17          6          105       203          10
    24      47         35          8          28       216          10
    25      10         41          9          40       216          10
