r700
VEHICLE
NUMBER     CAPACITY
  10         100

CUSTOMER
CUST NO.  XCOORD.   YCOORD.    DEMAND   READY TIME  DUE DATE   SERVICE   TIME

    0      25         25          0          0          250         0
    1      50         49          10          53       220          10
    2      48         9          8          31       207          10
    3      18         12          5          41       221          10
    4      21         43          9          80       204          10
    5      43         10          10          100       215          10
    6      32         31          8          3       222          10
    7      25         36          6          104       232          10
    8      47         16          6          69       222          10
    9      3         45          5          13       200          10
    10      7         31          6          29       241          10
    11      14         39          8          115       210          10
    12      24         24          10          101       227          10
    13      50         1          8          66       203          10
    14      1         32          7          42       227          10
    15      41         4          8          86       235          10
    16      6         38          7          55       226          10
    17      29         40          7          9       219          10
    18      24         34          8          56       215          10
    19      29         12          5          103       201          10
    20      47         37          5          78       240          10
    21      43         34          8          16       249          10
    22      17         20          8          30       240          10
    23      16         35          9          107       237          10
    24      5         44          7          13       211          10
    25      38         39          10          18       223          10
