r704
VEHICLE
NUMBER     CAPACITY
  10         100

CUSTOMER
CUST NO.  XCOORD.   YCOORD.    DEMAND   READY TIME  DUE DATE   SERVICE   TIME

    0      25         25          0          0          250         0
    1      35         42          5          52       226          10
    2      19         19          9          6       212          10
    3      19         26          9          120       220          10
    4      45         14          9          23       241          10
    5      39         10          9          53       216          10
    6      40         27          8          118       234          10
    7      38         19          10          30       205          10
    8      2         2          9          54       210          10
    9      11         45          9          28       241          10
    10      31         41          9          69       200          10
    11      18         22          7          104       210          10
    12      11         17          5          19       235          10
    13      30         45          5          115       232          10
    14      45         16          6          47       249          10
    15      17         17          10          77       209          10
    16      6         24          7          60       200          10
    17      9         39          7          76       233          10
    18      19         32          9          6       216          10
    19      50         35          10          4       203          10
    20      6         16          8          64       201          10
    21      48         34          10          56       221          10
    22      18         40          9          38       218          10
    23      19         26          9          44       208          10
    24      32         50          7          70       238          10
    25      47         43          6          52       225          10
