r705
VEHICLE
NUMBER     CAPACITY
  10         100

CUSTOMER
CUST NO.  XCOORD.   YCOORD.    DEMAND   READY TIME  DUE DATE   SERVICE   TIME

    0      25         25          0          0          250         0
    1      36         7          10          75       243          10
    2      19         14          9          104       208          10
    3      10         7          7          111       247          10
    4      6         16          5          84       235          10
    5      6         46          10          107       233          10
    6      47         11          5          65       221          10
    7      0         7          8          91       224          10
    8      20         23          7          17       206          10
    9      2         41          7          15       247          10
    10      28         33          6          108       221          10
    11      45         46          7          74       232          10
    12      39         5          7          95       224          10
    13      16         8          8          95       234          10
    14      33         3          10          74       229          10
    15      49         26          6          24       228          10
    16      25         49          5          29       218          10
    17      20         38          6          101       212          10
    18      1         3          7          10       221          10
    19      25         19          7          78       243          10
    20      35         4          10          27       225          10
    21      17         43          10          25       219          10
    22      33         24          6          95       231          10
    23      19         39          7          55       234          10
    24      23         50          5          49       242          10
    25      19         24          6          2       207          10
