r706
VEHICLE
NUMBER     CAPACITY
  10         100

CUSTOMER
CUST NO.  XCOORD.   YCOORD.    DEMAND   READY TIME  DUE DATE   SERVICE   TIME

    0      25         25          0          0          250         0
    1      10         33          8          107       212          10
    2      1         33          10          50       240          10
    3      47         23          6          8       210          10
    4      46         33          6          92       250          10
    5      14         43          9          104       235          10
    6      16         17          9          35       243          10
    7      27         37          6          99       242          10
    8      4         6          5          31       244          10
    9      28         46          9          88       225          10
    10      38         2          9          66       248          10
    11      26         35          9          110       231          10
    12      28         48          9          81       203          10
    13      10         44          10          111       209          10
    14      39         32          5          17       220          10
    15      46         1          9          18       244          10
    16      0         5          8          61       222          10
    17      42         31          5          82       237          10
    18      13         48          8          75       246          10
    19      17         14          7          118       226          10
    20      27         46          8          8       205          10
    21      39         3          8          120       244          10
    22      6         45          10          36       244          10
    23      26         15          8          74       248          10
    24      45         5          10          43       226          10
    25      45         27          10          113       238          10
