r708
VEHICLE
NUMBER     CAPACITY
  10         100

CUSTOMER
CUST NO.  XCOORD.   YCOORD.    DEMAND   READY TIME  DUE DATE   SERVICE   TIME

    0      25         25          0          0          250         0
    1      8         20          10          71       227          10
    2      23         0          7          35       203          10
    3      10         38          8          33       230          10
    4      47         35          5          0       200          10
    5      20         48          5          46       227          10
    6      18         39          9          90       227          10
    7      33         9          10          55       232          10
    8      30         38          6          89       227          10
    9      6         24          6          64       238          10
    10      4         32          10          61       235          10
    11      50         39          7          34       232          10
    12      16         9          7          66       204          10
    13      45         17          5          47       240          10
    14      21         9          9          79       243          10
    15      30         9          7          71       232          10
    16      5         8          6          34       246          10
    17      47         49          6          47       232          10
    18      6         42          8          35       200          10
    19      15         17          7          61       226          10
    20      8         33          6          90       249          10
    21      25         10          5          53       243          10
    22      14         35          5          44       244          10
    23      34         9          5          41       240          10
    24      46         25          8          17       235          10
    25      49         47          9          46       236          10
