r710
VEHICLE
NUMBER     CAPACITY
  10         100

CUSTOMER
CUST NO.  XCOORD.   YCOORD.    DEMAND   READY TIME  DUE DATE   SERVICE   TIME

    0      25         25          0          0          250         0
    1      30         35          6          62       210          10
    2      25         22          5          19       222          10
    3      28         22          5          99       209          10
    4      19         39          8          13       206          10
    5      50         17          6          55       246          10
    6      14         48          7          120       203          10
    7      17         32          10          53       208          10
    8      45         2          8          76       248          10
    9      35         7          5          108       230          10
    10      2         37          5          33       234          10
    11      49         29          7          33       238          10
    12      20         28          9          3       204          10
    13      30         27          6          56       250          10
    14      50         33          6          52       244          10
    15      14         18          9          48       217          10
    16      36         17          9          111       207          10
    17      2         20          10          12       213          10
    18      7         24          10          83       212          10
    19      16         22          9          28       208          10
    20      50         24          8          116       232          10
    21      47         14          9          108       235          10
    22      15         11          7          74       210          10
    23      2         2          6          69       233          10
    24      14         49          5          36       203          10
    25      9         30          5          27       241          10
