r711
VEHICLE
NUMBER     CAPACITY
  10         100

CUSTOMER
CUST NO.  XCOORD.   YCOORD.    DEMAND   READY TIME  DUE DATE   SERVICE   TIME

    0      25         25          0          0          250         0
    1      38         2          10          90       206          10
    2      14         10          9          51       236          10
    3      1         1          8          33       209          10
    4      47         36          8          62       233          10
    5      15         31          8          89       201          10
    6      7         4          7          13       243          10
    7      2         9          9          12       227          10
    8      14         24          10          90       244          10
    9      44         7          5          64       227          10
    10      3         35          9          62       218          10
    11      1         5          6          1       213          10
    12      50         43          10          26       215          10
    13      42         12          5          1       204          10
    14      12         48          7          88       249          10
    15      1         25          5          83       206          10
    16      27         12          8          7       247          10
    17      12         34          10          84       237          10
    18      16         0          10          109       202          10
    19      14         14          9          63       207          10
    20      46         33          8          102       209          10
    21      43         27          8          108       200          10
    22      13         27          10          69       230          10
    23      42         38          10          5       205          10
    24      37         17          6          80       210          10
    25      48         37          6          117       232          10
