r719
VEHICLE
NUMBER     CAPACITY
  10         100

CUSTOMER
CUST NO.  XCOORD.   YCOORD.    DEMAND   READY TIME  DUE DATE   SERVICE   TIME

    0      25         25          0          0          250         0
    1      28         43          5          84       229          10
    2      6         6          8          35       202          10
    3      25         47          6          73       231          10
    4      13         0          8          119       237          10
    5      36         31          8          114       231          10
    6      19         45          8          39       228          10
    7      50         7          10          35       235          10
    8      46         48          9          111       213          10
    9      11         37          7          112       228          10
    10      17         19          6          76       204          10
    11      41         11          5          104       246          10
    12      8         42          10          92       227          10
    13      22         4          7          29       216          10
    14      44         47          10          62       245          10
    15      2         31          9          0       231          10
    16      4         15          6          90       215          10
    17      8         41          6          14       235          10
    18      49         37          9          66       209          10
    19      15         35          10          68       248          10
    20      1         29          6          66       213          10
    21      19         38          10          61       228          10
    22      33         34          7          90       205          10
    23      35         5          6          108       203          10
    24      19         9          6          113       236          10
    25      24         32          7          84       240          10
