r721
VEHICLE
NUMBER     CAPACITY
  10         100

CUSTOMER
CUST NO.  XCOORD.   YCOORD.    DEMAND   READY TIME  DUE DATE   SERVICE   TIME

    0      25         25          0          0          250         0
    1      18         42          9          11       211          10
    2      38         18          5          65       216          10
    3      50         36          7          31       217          10
    4      17         17          8          3       237          10
    5      9         28          6          43       228          10
    6      12         8          5          0       216          10
    7      28         0          9          25       239          10
    8      13         7          7          77       200          10
    9      2         48          10          4       243          10
    10      15         22          10          26       214          10
    11      33         18          6          55       231          10
    12      37         24          9          81       201          10
    13      37         29          8          56       227          10
    14      47         47          9          14       246          10
    15      45         10          8          84       234          10
    16      45         18          7          68       241          10
    17      16         5          5          88       238          10
    18      37         34          8          93       229          10
    19      40         2          8          108       206          10
    20      39         13          5          54       232          10
    21      13         10          9          0       244          10
    22      11         38          10          93       229          10
    23      15         36          7          13       237          10
    24      39         12          7          54       242          10
    25      10         40          6          119       218          10
