r725
VEHICLE
NUMBER     CAPACITY
  10         100

CUSTOMER
CUST NO.  XCOORD.   YCOORD.    DEMAND   READY TIME  DUE DATE   SERVICE   TIME

    0      25         25          0          0          250         0
    1      38         18          8          55       218          10
    2      48         25          10          62       209          10
    3      18         47          9          77       221          10
    4      8         26          8          52       212          10
    5      9         24          8          52       233          10
    6      15         20          5          10       238          10
    7      10         12          5          76       221          10
    8      47         43          8          19       233          10
    9      17         13          5          77       230          10
    10      27         23          6          78       207          10
    11      1         34          9          67       240          10
    12      46         11          10          109       234          10
    13      32         27          8          83       231          10
    14      0         4          6          52       207          10
    15      16         43          10          69       237          10
    16      43         30          6          27       228          10
    17      45         45          5          76       219          10
    18      15         20          5          74       213          10
    19      45         33          7          69       240          10
    20      23         8          9          14       201          10
    21      50         8          9          33       246          10
    22      17         19          7          57       243          10
    23      46         48          9          44       206          10
    24      46         2          6          28       215          10
    25      11         37          6          40       222          10
