r727
VEHICLE
NUMBER     CAPACITY
  10         100

CUSTOMER
CUST NO.  XCOORD.   YCOORD.    DEMAND   READY TIME  DUE DATE   SERVICE   TIME

    0      25         25          0          0          250         0
    1      11         24          9          113       208          10
    2      14         3          10          55       222          10
    3      27         14          10          103       250          10
    4      21         28          7          19       243          10
    5      7         48          8          55       246          10
    6      40         40          7          97       248          10
    7      1         15          6          108       240          10
    8      15         0          10          68       246          10
    9      9         49          9          34       225          10
    10      21         25          6          14       231          10
    11      30         10          8          25       238          10
    12      2         44          9          104       204          10
    13      20         32          7          20       217          10
    14      32         30          5          107       224          10
    15      46         16          5          98       222          10
    16      31         20          6          18       249          10
    17      21         23          6          65       228          10
    18      31         46          9          15       236          10
    19      26         30          9          84       202          10
    20      18         19          8          88       216          10
    21      6         16          5          23       243          10
    22      49         45          6          76       213          10
    23      25         19          8          47       232          10
    24      35         6          6          80       248          10
    25      49         34          8          34       209          10
