r728
VEHICLE
NUMBER     CAPACITY
  10         100

CUSTOMER
CUST NO.  XCOORD.   YCOORD.    DEMAND   READY TIME  DUE DATE   SERVICE   TIME

    0      25         25          0          0          250         0
    1      19         30          6          54       219          10
    2      46         33          6          3       243          10
    3      22         4          6          48       204          10
    4      31         42          10          49       245          10
    5      27         34          5          74       206          10
    6      46         36          5          54       234          10
    7      35         13          7          34       229          10
    8      39         44          6          74       220          10
    9      21         43          7          91       202          10
    10      19         35          5          70       209          10
    11      39         14          5          18       241          10
    12      26         33          5          70       237          10
    13      50         20          5          65       246          10
    14      36         31          8          43       245          10
    15      14         23          10          117       209          10
    16      42         14          8          77       225          10
    17      2         24          7          103       236          10
    18      6         44          6          61       242          10
    19      7         46          5          16       216          10
    20      14         49          9          9       236          10
    21      15         27          7          44       221          10
    22      1         40          8          39       203          10
    23      11         46          6          4       238          10
    24      2         32          8          63       223          10
    25      17         32          6          11       212          10
