r729
VEHICLE
NUMBER     CAPACITY
  10         100

CUSTOMER
CUST NO.  XCOORD.   YCOORD.    DEMAND   READY TIME  DUE DATE   SERVICE   TIME

    0      25         25          0          0          250         0
    1      7         34          10          21       201          10
    2      4         49          10          84       239          10
    3      28         24          7          99       224          10
    4      38         5          9          111       215          10
    5      7         27          7          109       217          10
    6      21         2          5          36       215          10
    7      28         49          5          85       207          10
    8      44         6          7          88       227          10
    9      21         43          6          32       249          10
    10      23         0          5          32       220          10
    11      11         8          7          24       213          10
    12      19         28          9          26       222          10
    13      17         15          6          9       200          10
    14      16         19          7          105       211          10
    15      38         10          9          4       218          10
    16      46         33          5          25       222          10
    17      4         50          10          56       230          10
    18      36         39          10          117       237          10
    19      11         23          9          116       221          10
    20      36         5          10          47       231          10
    21      8         24          7          102       228          10
    22      24         8          5          61       214          10
    23      50         31          5          84       204          10
    24      4         26          8          62       208          10
    25      9         16          8          1       241          10
