r733
VEHICLE
NUMBER     CAPACITY
  10         100

CUSTOMER
CUST NO.  XCOORD.   YCOORD.    DEMAND   READY TIME  DUE DATE   SERVICE   TIME

    0      25         25          0          0          250         0
    1      49         10          9          19       203          10
    2      29         13          8          101       227          10
    3      20         44          10          70       221          10
    4      34         4          9          42       242          10
    5      50         22          9          64       212          10
    6      19         23          6          54       237          10
    7      49         6          7          40       250          10
    8      18         38          5          93       205          10
    9      46         34          9          35       223          10
    10      34         31          9          95       228          10
    11      4         38          10          0       240          10
    12      33         36          8          49       248          10
    13      41         9          10          71       228          10
    14      2         46          9          93       238          10
    15      27         47          7          64       230          10
    16      12         12          10          119       224          10
    17      43         29          8          88       226          10
    18      21         27          6          90       241          10
    19      50         0          6          43       222          10
    20      38         24          6          57       216          10
    21      25         33          8          51       226          10
    22      41         40          6          73       224          10
    23      16         36          5          88       228          10
    24      10         46          9          28       243          10
    25      2         1          5          118       225          10
