r736
VEHICLE
NUMBER     CAPACITY
  10         100

CUSTOMER
CUST NO.  XCOORD.   YCOORD.    DEMAND   READY TIME  DUE DATE   SERVICE   TIME

    0      25         25          0          0          250         0
    1      37         25          7          4       210          10
    2      19         16          5          55       206          10
    3      24         8          8          110       249          10
    4      37         30          6          118       208          10
    5      9         36          10          14       215          10
    6      49         19          8          17       208          10
    7      39         29          5          35       234          10
    8      32         23          7          13       206          10
    9      1         12          10          50       230          10
    10      15         41          7          97       203          10
    11      25         33          9          66       244          10
    12      7         25          7          91       216          10
    13      27         43          7          58       243          10
    14      0         15          9          74       245          10
    15      15         26          10          46       208          10
    16      39         31          7          84       245          10
    17      28         21          7          41       231          10
    18      45         22          10          92       242          10
    19      47         4          5          85       246          10
    20      42         5          9          101       202          10
    21      23         8          8          99       235          10
    22      5         6          9          48       239          10
    23      36         10          9          111       235          10
    24      48         19          8          58       248          10
    25      11         17          10          41       238          10
