r737
VEHICLE
NUMBER     CAPACITY
  10         100

CUSTOMER
CUST NO.  XCOORD.   YCOORD.    DEMAND   READY TIME  DUE DATE   SERVICE   TIME

    0      25         25          0          0          250         0
    1      40         2          9          118       223          10
    2      8         18          5          91       204          10
    3      15         42          10          95       205          10
    4      6         30          6          108       222          10
    5      34         23          7          25       218          10
    6      24         9          8          103       244          10
    7      9         0          8          29       224          10
    8      48         18          8          18       201          10
    9      9         7          7          60       214          10
    10      2         28          8          17       241          10
    11      30         23          5          90       217          10
    12      15         34          7          20       234          10
    13      3         46          10          87       219          10
    14      18         8          10          88       226          10
    15      43         10          6          115       241          10
    16      45         21          10          86       229          10
    17      24         35          8          40       242          10
    18      2         16          5          20       209          10
    19      22         25          8          37       205          10
    20      21         18          6          56       225          10
    21      18         33          8          99       207          10
    22      32         29          6          65       201          10
    23      39         24          5          110       237          10
    24      30         22          9          32       210          10
    25      41         19          8          48       221          10
