r739
VEHICLE
NUMBER     CAPACITY
  10         100

CUSTOMER
CUST NO.  XCOORD.   YCOORD.    DEMAND   READY TIME  DUE DATE   SERVICE   TIME

    0      25         25          0          0          250         0
    1      0         30          6          39       204          10
    2      45         23          5          81       227          10
    3      8         23          10          112       208          10
    4      12         4          7          45       233          10
    5      12         22          10          2       230          10
    6      7         8          9          43       208          10
    7      9         6          8          92       218          10
    8      17         0          10          21       231          10
    9      16         49          5          1       206          10
    10      45         33          6          1       244          10
    11      28         0          7          78       218          10
    12      15         21          10          107       244          10
    13      50         34          6          0       237          10
    14      30         39          10          56       202          10
    15      11         41          8          96       219          10
    16      33         27          7          32       242          10
    17      27         6          7          29       207          10
    18      7         35          5          32       250          10
    19      46         13          10          36       206          10
    20      1         22          8          3       236          10
    21      49         49          10          41       212          10
    22      18         41          7          22       244          10
    23      15         8          6          28       215          10
    24      21         44          10          96       218          10
    25      33         17          8          111       226          10
