r740
VEHICLE
NUMBER     CAPACITY
  10         100

CUSTOMER
CUST NO.  XCOORD.   YCOORD.    DEMAND   READY TIME  DUE DATE   SERVICE   TIME

    0      25         25          0          0          250         0
    1      49         49          5          80       205          10
    2      31         34          6          103       226          10
    3      2         39          7          14       232          10
    4      40         29          10          11       206          10
    5      32         28          6          88       219          10
    6      34         48          9          65       240          10
    7      0         37          6          23       238          10
    8      3         21          7          70       214          10
    9      13         19          9          112       231          10
    10      12         47          8          9       202          10
    11      15         34          7          7       206          10
    12      3         4          5          12       236          10
    13      47         16          10          114       232          10
    14      14         42          5          49       223          10
    15      32         0          7          76       203          10
    16      6         43          8          2       203          10
    17      37         5          5          98       203          10
    18      15         43          8          105       211          10
    19      19         49          10          40       248          10
    20      2         11          8          45       230          10
    21      30         29          9          71       221          10
    22      7         4          7          94       240          10
    23      24         14          5          117       246          10
    24      44         32          9          64       250          10
    25      47         20          5          8       206          10
