r742
VEHICLE
NUMBER     CAPACITY
  10         100

CUSTOMER
CUST NO.  XCOORD.   YCOORD.    DEMAND   READY TIME  DUE DATE   SERVICE   TIME

    0      25         25          0          0          250         0
    1      14         48          8          53       243          10
    2      15         34          9          37       222          10
    3      38         17          7          98       214          10
    4      39         21          7          4       203          10
    5      39         26          5          119       214          10
    6      2         23          7          118       212          10
    7      26         50          9          74       205          10
    8      17         3          10          91       229          10
    9      20         11          6          110       231          10
    10      41         44          7          54       233          10
    11      23         46          6          21       232          10
    12      22         43          7          68       232          10
    13      45         9          9          56       206          10
    14      34         40          8          110       200          10
    15      3         43          5          15       246          10
    16      25         21          5          30       213          10
    17      40         0          8          87       244          10
    18      2         15          5          70       201          10
    19      48         44          10          74       217          10
    20      44         1          7          4       205          10
    21      3         1          9          68       204          10
    22      47         48          5          64       238          10
    23      7         49          7          4       248          10
    24      47         37          8          20       238          10
    25      42         46          9          78       212          10
