r744
VEHICLE
NUMBER     CAPACITY
  10         100

CUSTOMER
CUST NO.  XCOORD.   YCOORD.    DEMAND   READY TIME  DUE DATE   SERVICE   TIME

    0      25         25          0          0          250         0
    1      27         11          8          18       215          10
    2      5         30          8          63       201          10
    3      22         46          8          6       232          10
    4      40         28          8          2       202          10
    5      32         2          5          56       209          10
    6      17         35          5          65       235          10
    7      46         41          6          115       237          10
    8      48         31          9          38       236          10
    9      50         19          8          75       210          10
    10      36         2          5          41       222          10
    11      13         10          5          75       238          10
    12      28         14          5          111       211          10
    13      49         32          6          23       221          10
    14      2         26          7          113       234          10
    15      1         49          6          118       235          10
    16      22         5          10          99       224          10
    17      27         23          8          89       206          10
    18      2         5          10          84       215          10
    19      9         21          10          4       230          10
    20      41         30          8          9       246          10
    21      15         50          7          34       238          10
    22      43         4          9          69       212          10
    23      6         32          7          79       239          10
    24      29         13          10          102       207          10
    25      50         21          7          84       234          10
