r745
VEHICLE
NUMBER     CAPACITY
  10         100

CUSTOMER
CUST NO.  XCOORD.   YCOORD.    DEMAND   READY TIME  DUE DATE   SERVICE   TIME

    0      25         25          0          0          250         0
    1      0         8          9          78       228          10
    2      28         2          6          90       218          10
    3      38         20          9          28       211          10
    4      43         13          6          31       236          10
    5      28         39          5          45       217          10
    6      44         6          8          115       216          10
    7      45         25          6          66       218          10
    8      50         14          9          40       225          10
    9      36         9          5          56       233          10
    10      36         42          7          94       213          10
    11      9         5          10          87       214          10
    12      27         25          6          96       220          10
    13      45         36          5          93       222          10
    14      42         15          9          85       238          10
    15      4         43          6          38       247          10
    16      40         21          8          20       212          10
    17      31         38          10          117       243          10
    18      40         37          5          106       238          10
    19      13         4          10          4       217          10
    20      47         10          9          28       217          10
    21      25         27          10          17       239          10
    22      41         15          6          24       249          10
    23      30         18          6          19       249          10
    24      16         23          8          106       227          10
    25      8         3          9          105       233          10
