r750
VEHICLE
NUMBER     CAPACITY
  10         100

CUSTOMER
CUST NO.  XCOORD.   YCOORD.    DEMAND   READY TIME  DUE DATE   SERVICE   TIME

    0      25         25          0          0          250         0
    1      8         39          8          108       243          10
    2      24         28          8          29       204          10
    3      0         31          9          5       210          10
    4      32         44          6          19       204          10
    5      4         16          8          110       236          10
    6      50         29          8          8       232          10
    7      35         33          10          114       240          10
    8      4         46          9          110       237          10
    9      36         8          8          53       215          10
    10      39         21          5          54       202          10
    11      44         15          7          33       222          10
    12      47         39          5          43       237          10
    13      12         31          5          15       204          10
    14      46         41          9          107       227          10
    15      34         32          9          58       225          10
    16      38         37          8          36       227          10
    17      17         30          8          40       215          10
    18      16         23          9          80       200          10
    19      50         41          9          29       232          10
    20      50         19          10          100       249          10
    21      48         28          9          54       232          10
    22      24         0          9          106       222          10
    23      50         26          5          39       214          10
    24      36         9          5          119       202          10
    25      15         10          7          72       233          10
