r751
VEHICLE
NUMBER     CAPACITY
  10         100

CUSTOMER
CUST NO.  XCOORD.   YCOORD.    DEMAND   READY TIME  DUE DATE   SERVICE   TIME

    0      25         25          0          0          250         0
    1      27         45          8          12       230          10
    2      26         28          5          27       209          10
    3      15         44          7          53       219          10
    4      35         10          5          75       249          10
    5      42         27          8          43       209          10
    6      40         5          6          55       227          10
    7      14         3          10          5       228          10
    8      32         45          8          97       237          10
    9      9         38          7          69       200          10
    10      12         21          5          4       233          10
    11      18         33          9          35       203          10
    12      6         28          9          77       218          10
    13      10         20          6          44       213          10
    14      3         10          5          32       207          10
    15      6         48          6          55       248          10
    16      37         13          9          46       221          10
    17      16         7          8          20       211          10
    18      13         11          10          51       243          10
    19      34         21          8          53       223          10
    20      50         32          10          112       201          10
    21      33         2          9          55       206          10
    22      1         31          9          99       203          10
    23      34         26          9          111       203          10
    24      22         50          9          33       217          10
    25      25         32          6          7       246          10
