r752
VEHICLE
NUMBER     CAPACITY
  10         100

CUSTOMER
CUST NO.  XCOORD.   YCOORD.    DEMAND   READY TIME  DUE DATE   SERVICE   TIME

    0      25         25          0          0          250         0
    1      8         5          7          8       225          10
    2      6         38          9          86       214          10
    3      38         6          8          12       206          10
    4      20         33          7          79       240          10
    5      19         42          5          14       234          10
    6      12         40          5          111       231          10
    7      49         17          7          46       211          10
    8      45         47          9          102       200          10
    9      7         13          9          115       250          10
    10      12         31          10          55       202          10
    11      41         47          10          46       206          10
    12      8         50          5          103       234          10
    13      37         11          5          3       216          10
    14      14         50          6          84       239          10
    15      36         31          5          36       227          10
    16      3         20          8          50       242          10
    17      39         50          10          107       215          10
    18      31         29          9          87       244          10
    19      32         14          9          56       224          10
    20      2         0          10          59       231          10
    21      19         22          5          75       217          10
    22      15         3          10          80       210          10
    23      12         20          10          74       208          10
    24      26         1          6          49       214          10
    25      3         24          10          59       234          10
