r753
VEHICLE
NUMBER     CAPACITY
  10         100

CUSTOMER
CUST NO.  XCOORD.   YCOORD.    DEMAND   READY TIME  DUE DATE   SERVICE   TIME

    0      25         25          0          0          250         0
    1      30         11          8          22       216          10
    2      4         20          5          45       228          10
    3      33         44          9          3       237          10
    4      12         47          10          89       214          10
    5      2         9          8          45       204          10
    6      29         45          5          74       234          10
    7      16         3          7          21       201          10
    8      47         48          10          118       239          10
    9      31         12          7          31       246          10
    10      46         27          10          37       204          10
    11      37         36          8          99       232          10
    12      31         7          6          79       216          10
    13      46         3          9          78       249          10
    14      10         48          10          12       249          10
    15      45         34          9          1       220          10
    16      32         41          7          63       233          10
    17      20         27          5          40       223          10
    18      34         13          7          69       215          10
    19      5         10          10          98       206          10
    20      20         29          6          30       231          10
    21      44         30          10          77       239          10
    22      5         42          10          33       212          10
    23      16         5          8          12       237          10
    24      2         40          10          118       218          10
    25      6         33          5          81       233          10
