r754
VEHICLE
NUMBER     CAPACITY
  10         100

CUSTOMER
CUST NO.  XCOORD.   YCOORD.    DEMAND   READY TIME  DUE DATE   SERVICE   TIME

    0      25         25          0          0          250         0
    1      22         10          6          101       220          10
    2      33         19          5          68       250          10
    3      24         7          9          66       215          10
    4      31         40          9          93       243          10
    5      35         4          5          109       236          10
    6      13         21          7          10       204          10
    7      35         14          8          58       218          10
    8      28         1          6          119       229          10
    9      21         49          8          4       247          10
    10      9         42          10          107       217          10
    11      36         50          7          4       240          10
    12      30         12          9          53       244          10
    13      45         12          10          100       232          10
    14      35         10          6          112       213          10
    15      30         9          7          97       245          10
    16      25         31          9          14       209          10
    17      28         43          6          20       218          10
    18      23         50          7          20       226          10
    19      15         25          8          118       236          10
    20      42         22          7          24       205          10
    21      38         2          10          55       247          10
    22      17         27          7          51       244          10
    23      33         30          6          84       223          10
    24      21         18          5          31       235          10
    25      48         37          7          84       220          10
