r756
VEHICLE
NUMBER     CAPACITY
  10         100

CUSTOMER
CUST NO.  XCOORD.   YCOORD.    DEMAND   READY TIME  DUE DATE   SERVICE   TIME

    0      25         25          0          0          250         0
    1      18         10          9          76       207          10
    2      29         0          10          93       230          10
    3      18         8          9          24       231          10
    4      18         25          6          109       227          10
    5      14         33          6          55       232          10
    6      29         42          7          107       248          10
    7      47         43          9          62       211          10
    8      29         18          6          33       232          10
    9      19         0          9          31       223          10
    10      27         26          10          72       238          10
    11      40         48          9          114       235          10
    12      3         19          5          0       244          10
    13      48         36          5          108       210          10
    14      10         29          10          50       235          10
    15      15         2          10          7       245          10
    16      15         5          9          101       221          10
    17      21         42          9          15       220          10
    18      29         20          8          2       215          10
    19      14         50          8          75       216          10
    20      43         30          10          115       222          10
    21      17         45          9          49       227          10
    22      16         33          9          12       206          10
    23      37         24          5          53       234          10
    24      30         28          7          41       242          10
    25      29         31          5          42       216          10
