r758
VEHICLE
NUMBER     CAPACITY
  10         100

CUSTOMER
CUST NO.  XCOORD.   YCOORD.    DEMAND   READY TIME  DUE DATE   SERVICE   TIME

    0      25         25          0          0          250         0
    1      18         18          6          10       244          10
    2      27         22          5          98       215          10
    3      50         14          6          58       248          10
    4      12         48          7          5       248          10
    5      8         31          10          29       216          10
    6      16         42          7          62       201          10
    7      35         20          5          10       240          10
    8      27         25          7          82       227          10
    9      47         14          5          117       215          10
    10      50         0          10          54       202          10
    11      9         36          6          116       225          10
    12      43         11          5          61       243          10
    13      13         36          8          92       203          10
    14      14         33          9          105       239          10
    15      32         0          9          69       236          10
    16      49         11          8          83       250          10
    17      27         12          7          31       226          10
    18      44         32          7          75       207          10
    19      28         39          7          95       236          10
    20      35         46          10          104       209          10
    21      2         37          8          21       227          10
    22      28         44          5          95       221          10
    23      23         2          10          90       246          10
    24      19         37          7          76       242          10
    25      17         33          9          15       232          10
