r761
VEHICLE
NUMBER     CAPACITY
  10         100

CUSTOMER
CUST NO.  XCOORD.   YCOORD.    DEMAND   READY TIME  DUE DATE   SERVICE   TIME

    0      25         25          0          0          250         0
    1      9         32          5          98       220          10
    2      32         32          9          103       220          10
    3      5         31          5          70       222          10
    4      47         22          5          101       244          10
    5      34         46          7          91       210          10
    6      21         12          5          103       248          10
    7      15         8          5          118       206          10
    8      50         46          10          49       250          10
    9      17         42          10          92       214          10
    10      17         6          10          115       249          10
    11      9         16          8          26       248          10
    12      3         38          5          14       218          10
    13      44         14          9          27       225          10
    14      6         41          6          71       228          10
    15      45         7          5          30       223          10
    16      11         10          7          3       246          10
    17      35         18          5          14       220          10
    18      36         38          7          34       242          10
    19      45         41          8          34       224          10
    20      23         9          6          56       214          10
    21      15         8          7          60       208          10
    22      16         43          9          109       244          10
    23      31         41          6          89       246          10
    24      9         43          10          76       233          10
    25      5         43          10          39       250          10
