r764
VEHICLE
NUMBER     CAPACITY
  10         100

CUSTOMER
CUST NO.  XCOORD.   YCOORD.    DEMAND   READY TIME  DUE DATE   SERVICE   TIME

    0      25         25          0          0          250         0
    1      40         19          7          39       245          10
    2      26         10          9          7       249          10
    3      33         27          5          72       212          10
    4      50         3          9          105       223          10
    5      4         19          7          70       207          10
    6      26         33          6          70       245          10
    7      43         42          7          69       208          10
    8      21         25          6          116       235          10
    9      6         36          5          41       210          10
    10      33         30          8          57       239          10
    11      14         17          7          64       245          10
    12      30         4          8          31       229          10
    13      6         19          8          106       218          10
    14      49         39          9          71       246          10
    15      1         9          7          110       221          10
    16      21         2          5          91       201          10
    17      26         5          10          8       223          10
    18      3         15          10          102       225          10
    19      48         26          9          111       223          10
    20      5         30          9          107       246          10
    21      13         48          5          10       250          10
    22      40         43          8          85       237          10
    23      46         45          5          110       245          10
    24      19         27          5          92       228          10
    25      13         42          8          64       244          10
