r768
VEHICLE
NUMBER     CAPACITY
  10         100

CUSTOMER
CUST NO.  XCOORD.   YCOORD.    DEMAND   READY TIME  DUE DATE   SERVICE   TIME

    0      25         25          0          0          250         0
    1      26         23          7          96       244          10
    2      41         6          6          56       243          10
    3      42         9          10          97       234          10
    4      3         18          5          109       232          10
    5      35         40          5          89       232          10
    6      11         38          10          17       225          10
    7      39         7          10          51       202          10
    8      43         39          5          75       222          10
    9      10         26          8          29       211          10
    10      13         21          6          2       238          10
    11      33         5          9          0       235          10
    12      28         31          10          67       228          10
    13      33         34          10          115       200          10
    14      4         7          6          81       243          10
    15      39         9          8          27       228          10
    16      48         3          6          8       214          10
    17      13         6          10          34       242          10
    18      12         16          6          17       203          10
    19      25         32          6          52       233          10
    20      11         40          8          43       206          10
    21      11         37          10          45       217          10
    22      1         50          10          53       250          10
    23      44         49          5          105       205          10
    24      38         2          9          48       207          10
    25      26         26          9          109       238          10
