r769
VEHICLE
NUMBER     CAPACITY
  10         100

CUSTOMER
CUST NO.  XCOORD.   YCOORD.    DEMAND   READY TIME  DUE DATE   SERVICE   TIME

    0      25         25          0          0          250         0
    1      42         44          8          115       232          10
    2      43         50          5          13       217          10
    3      11         0          8          58       208          10
    4      15         36          8          59       221          10
    5      44         28          6          31       209          10
    6      10         20          10          110       200          10
    7      35         34          8          51       248          10
    8      1         16          7          25       211          10
    9      37         35          8          82       207          10
    10      35         33          9          44       234          10
    11      39         7          7          113       204          10
    12      24         7          9          8       223          10
    13      32         34          7          48       208          10
    14      30         35          10          26       237          10
    15      11         5          6          112       207          10
    16      23         43          9          47       200          10
    17      38         42          6          112       217          10
    18      13         48          5          44       242          10
    19      38         19          8          91       230          10
    20      5         38          5          119       219          10
    21      2         43          7          120       203          10
    22      25         36          5          95       204          10
    23      2         22          6          37       203          10
    24      25         40          6          92       213          10
    25      38         35          8          51       249          10
