r771
VEHICLE
NUMBER     CAPACITY
  10         100

CUSTOMER
CUST NO.  XCOORD.   YCOORD.    DEMAND   READY TIME  DUE DATE   SERVICE   TIME

    0      25         25          0          0          250         0
    1      2         10          7          21       215          10
    2      21         38          9          17       226          10
    3      28         47          7          77       225          10
    4      47         25          5          75       218          10
    5      27         39          8          64       212          10
    6      19         12          8          53       233          10
    7      4         40          7          87       249          10
    8      31         31          10          72       237          10
    9      10         43          6          42       243          10
    10      35         9          6          111       248          10
    11      18         8          10          93       204          10
    12      22         31          10          90       245          10
    13      28         25          8          18       225          10
    14      8         29          7          4       242          10
    15      13         4          5          28       226          10
    16      3         17          8          74       235          10
    17      24         29          6          22       227          10
    18      34         28          5          104       202          10
    19      0         26          8          16       220          10
    20      36         36          5          17       240          10
    21      5         27          9          28       249          10
    22      41         12          5          111       226          10
    23      6         41          5          84       213          10
    24      4         39          9          6       210          10
    25      26         21          7          62       218          10
