r773
VEHICLE
NUMBER     CAPACITY
  10         100

CUSTOMER
CUST NO.  XCOORD.   YCOORD.    DEMAND   READY TIME  DUE DATE   SERVICE   TIME

    0      25         25          0          0          250         0
    1      5         50          8          95       230          10
    2      36         21          9          64       246          10
    3      4         2          8          72       242          10
    4      47         1          8          35       229          10
    5      10         10          6          107       235          10
    6      13         26          6          79       211          10
    7      15         50          10          2       233          10
    8      14         36          6          54       220          10
    9      27         20          10          33       247          10
    10      28         4          7          55       205          10
    11      44         37          10          73       233          10
    12      2         22          6          15       246          10
    13      49         41          5          46       208          10
    14      28         11          5          116       227          10
    15      27         4          6          68       220          10
    16      46         45          9          16       203          10
    17      5         14          5          59       239          10
    18      7         38          8          94       246          10
    19      25         17          9          89       245          10
    20      14         19          6          106       245          10
    21      37         36          8          69       202          10
    22      1         13          10          101       205          10
    23      4         10          6          71       244          10
    24      41         35          8          28       236          10
    25      35         23          10          61       206          10
