r775
VEHICLE
NUMBER     CAPACITY
  10         100

CUSTOMER
CUST NO.  XCOORD.   YCOORD.    DEMAND   READY TIME  DUE DATE   SERVICE   TIME

    0      25         25          0          0          250         0
    1      5         46          9          12       248          10
    2      7         30          8          71       200          10
    3      34         17          6          87       232          10
    4      23         13          5          17       208          10
    5      46         29          5          5       210          10
    6      41         24          6          95       200          10
    7      40         39          7          65       202          10
    8      3         38          7          71       212          10
    9      31         1          9          45       217          10
    10      41         33          5          28       215          10
    11      43         20          5          97       228          10
    12      23         41          10          113       224          10
    13      37         41          6          95       233          10
    14      22         25          8          86       214          10
    15      21         9          7          44       241          10
    16      45         36          8          73       215          10
    17      5         2          5          12       219          10
    18      42         47          8          112       234          10
    19      24         44          8          94       241          10
    20      45         49          6          88       200          10
    21      38         14          9          95       247          10
    22      31         40          7          29       246          10
    23      29         12          5          65       218          10
    24      36         37          10          66       246          10
    25      23         24          5          108       225          10
