r776
VEHICLE
NUMBER     CAPACITY
  10         100

CUSTOMER
CUST NO.  XCOORD.   YCOORD.    DEMAND   READY TIME  DUE DATE   SERVICE   TIME

    0      25         25          0          0          250         0
    1      2         32          6          62       220          10
    2      26         10          7          50       204          10
    3      45         50          8          31       219          10
    4      14         41          6          51       216          10
    5      28         17          5          35       248          10
    6      29         50          10          2       222          10
    7      39         46          6          89       243          10
    8      20         14          5          13       228          10
    9      30         48          5          61       242          10
    10      45         6          8          100       202          10
    11      22         33          9          78       234          10
    12      12         8          9          116       218          10
    13      8         41          6          80       222          10
    14      8         35          8          95       243          10
    15      40         38          7          1       226          10
    16      50         18          9          45       245          10
    17      6         42          6          36       234          10
    18      24         29          5          15       207          10
    19      4         34          5          3       239          10
    20      38         48          10          14       223          10
    21      43         5          10          106       209          10
    22      20         10          10          71       239          10
    23      1         37          8          112       201          10
    24      41         20          9          108       238          10
    25      17         26          9          34       202          10
