r781
VEHICLE
NUMBER     CAPACITY
  10         100

CUSTOMER
CUST NO.  XCOORD.   YCOORD.    DEMAND   READY TIME  DUE DATE   SERVICE   TIME

    0      25         25          0          0          250         0
    1      13         39          10          12       212          10
    2      20         35          6          81       225          10
    3      42         4          6          31       216          10
    4      5         9          8          41       236          10
    5      11         21          8          66       208          10
    6      7         18          5          21       200          10
    7      46         22          7          67       224          10
    8      26         1          9          103       212          10
    9      15         47          7          57       225          10
    10      20         16          10          99       242          10
    11      6         22          8          19       210          10
    12      31         17          10          35       201          10
    13      45         24          5          104       245          10
    14      47         3          9          23       247          10
    15      1         46          8          102       233          10
    16      21         44          10          111       212          10
    17      34         21          5          14       204          10
    18      4         36          7          62       212          10
    19      17         15          7          87       244          10
    20      5         48          7          107       217          10
    21      37         8          8          79       215          10
    22      30         32          8          74       204          10
    23      2         45          6          108       241          10
    24      21         0          9          86       247          10
    25      18         23          5          38       243          10
