r784
VEHICLE
NUMBER     CAPACITY
  10         100

CUSTOMER
CUST NO.  XCOORD.   YCOORD.    DEMAND   READY TIME  DUE DATE   SERVICE   TIME

    0      25         25          0          0          250         0
    1      48         36          6          3       202          10
    2      38         14          6          21       235          10
    3      30         45          6          77       241          10
    4      2         41          6          107       246          10
    5      21         26          6          73       203          10
    6      4         20          5          19       219          10
    7      48         17          8          30       237          10
    8      43         0          5          29       246          10
    9      9         1          6          22       243          10
    10      32         7          10          16       240          10
    11      27         9          9          53       229          10
    12      4         21          10          87       222          10
    13      8         6          10          32       219          10
    14      37         38          7          20       225          10
    15      37         25          10          108       226          10
    16      3         35          9          42       218          10
    17      14         42          10          72       249          10
    18      22         26          9          97       207          10
    19      8         7          7          113       219          10
    20      29         29          6          61       239          10
    21      5         48          6          56       213          10
    22      17         46          8          83       244          10
    23      16         32          7          4       208          10
    24      17         34          10          44       249          10
    25      15         11          9          67       209          10
