r785
VEHICLE
NUMBER     CAPACITY
  10         100

CUSTOMER
CUST NO.  XCOORD.   YCOORD.    DEMAND   READY TIME  DUE DATE   SERVICE   TIME

    0      25         25          0          0          250         0
    1      11         23          10          93       234          10
    2      13         35          9          17       203          10
    3      18         26          5          4       208          10
    4      12         38          7          17       243          10
    5      4         49          5          7       216          10
    6      15         33          5          8       223          10
    7      46         28          5          43       245          10
    8      35         26          7          81       234          10
    9      31         31          6          96       212          10
    10      8         35          10          111       241          10
    11      15         9          10          2       212          10
    12      7         3          8          97       221          10
    13      21         43          6          89       249          10
    14      27         39          8          53       213          10
    15      38         0          10          56       207          10
    16      3         32          8          102       221          10
    17      0         3          6          89       248          10
    18      12         1          8          54       249          10
    19      15         47          9          56       212          10
    20      3         40          10          21       205          10
    21      39         50          10          45       203          10
    22      6         8          8          53       213          10
    23      19         48          10          55       222          10
    24      47         27          7          42       206          10
    25      5         35          6          70       203          10
