r788
VEHICLE
NUMBER     CAPACITY
  10         100

CUSTOMER
CUST NO.  XCOORD.   YCOORD.    DEMAND   READY TIME  DUE DATE   SERVICE   TIME

    0      25         25          0          0          250         0
    1      28         42          10          118       202          10
    2      26         26          9          17       219          10
    3      36         26          8          57       209          10
    4      36         19          7          115       203          10
    5      35         8          5          17       215          10
    6      9         33          9          110       246          10
    7      32         34          9          44       239          10
    8      15         11          6          41       243          10
    9      21         2          6          2       245          10
    10      6         1          9          52       212          10
    11      15         14          10          108       218          10
    12      49         34          7          52       206          10
    13      45         36          6          12       225          10
    14      3         0          5          120       218          10
    15      14         10          9          110       233          10
    16      40         37          10          95       236          10
    17      17         49          10          30       202          10
    18      35         8          9          111       220          10
    19      30         31          5          66       204          10
    20      46         2          10          112       230          10
    21      17         8          9          52       235          10
    22      35         20          6          17       244          10
    23      31         8          7          67       243          10
    24      35         27          7          35       233          10
    25      17         46          9          98       243          10
