r789
VEHICLE
NUMBER     CAPACITY
  10         100

CUSTOMER
CUST NO.  XCOORD.   YCOORD.    DEMAND   READY TIME  DUE DATE   SERVICE   TIME

    0      25         25          0          0          250         0
    1      34         47          10          72       241          10
    2      19         9          5          35       211          10
    3      47         15          8          112       231          10
    4      13         18          7          91       212          10
    5      33         14          8          38       214          10
    6      33         7          5          90       224          10
    7      0         16          8          57       238          10
    8      8         9          5          69       246          10
    9      42         14          5          55       228          10
    10      44         21          9          104       217          10
    11      6         18          8          57       232          10
    12      21         17          5          74       217          10
    13      37         1          8          107       226          10
    14      46         45          6          34       229          10
    15      50         39          5          114       250          10
    16      15         1          5          71       239          10
    17      32         5          6          41       211          10
    18      50         46          8          96       202          10
    19      41         24          5          13       202          10
    20      24         20          5          22       244          10
    21      31         48          7          72       206          10
    22      37         9          10          44       246          10
    23      23         3          10          74       216          10
    24      1         8          8          99       241          10
    25      7         25          9          97       224          10
