r790
VEHICLE
NUMBER     CAPACITY
  10         100

CUSTOMER
CUST NO.  XCOORD.   YCOORD.    DEMAND   READY TIME  DUE DATE   SERVICE   TIME

    0      25         25          0          0          250         0
    1      39         17          9          79       211          10
    2      9         14          5          1       209          10
    3      45         47          10          19       242          10
    4      36         15          7          44       204          10
    5      10         37          6          6       201          10
    6      31         46          9          120       217          10
    7      40         40          6          89       250          10
    8      3         17          10          18       230          10
    9      23         18          7          55       246          10
    10      32         27          8          81       207          10
    11      26         1          5          63       210          10
    12      20         13          6          78       243          10
    13      7         0          9          28       214          10
    14      21         48          6          5       214          10
    15      18         34          8          85       212          10
    16      13         17          5          19       202          10
    17      38         33          6          95       238          10
    18      0         44          5          7       204          10
    19      3         13          10          107       231          10
    20      37         15          5          5       244          10
    21      34         28          7          57       229          10
    22      1         9          6          75       244          10
    23      34         26          7          7       220          10
    24      31         36          6          24       233          10
    25      28         44          6          54       203          10
