r792
VEHICLE
NUMBER     CAPACITY
  10         100

CUSTOMER
CUST NO.  XCOORD.   YCOORD.    DEMAND   READY TIME  DUE DATE   SERVICE   TIME

    0      25         25          0          0          250         0
    1      41         9          6          17       229          10
    2      46         38          9          81       238          10
    3      46         31          9          118       200          10
    4      41         40          10          42       211          10
    5      30         35          9          73       217          10
    6      39         28          5          95       220          10
    7      34         32          10          29       212          10
    8      29         28          6          48       212          10
    9      24         28          7          65       230          10
    10      47         31          10          96       206          10
    11      46         8          6          22       202          10
    12      10         27          9          56       204          10
    13      16         30          6          78       205          10
    14      30         19          5          4       249          10
    15      50         48          9          30       239          10
    16      29         40          7          36       208          10
    17      43         38          6          33       242          10
    18      36         9          6          98       243          10
    19      42         3          8          65       226          10
    20      16         33          5          59       231          10
    21      49         38          9          42       216          10
    22      32         21          5          99       238          10
    23      17         31          9          91       206          10
    24      18         12          6          56       235          10
    25      24         41          10          62       215          10
