r797
VEHICLE
NUMBER     CAPACITY
  10         100

CUSTOMER
CUST NO.  XCOORD.   YCOORD.    DEMAND   READY TIME  DUE DATE   SERVICE   TIME

    0      25         25          0          0          250         0
    1      37         23          9          71       235          10
    2      44         50          7          94       214          10
    3      47         33          6          63       214          10
    4      39         50          5          57       213          10
    5      47         26          8          68       215          10
    6      38         0          8          11       203          10
    7      15         47          7          85       244          10
    8      23         47          6          10       209          10
    9      25         12          7          40       207          10
    10      3         31          9          95       225          10
    11      49         38          8          100       209          10
    12      50         15          8          41       205          10
    13      36         16          6          8       205          10
    14      38         39          7          117       238          10
    15      35         24          9          117       238          10
    16      39         36          9          21       203          10
    17      27         34          5          78       235          10
    18      1         34          7          23       214          10
    19      21         26          8          40       234          10
    20      25         20          7          29       210          10
    21      11         18          7          88       236          10
    22      9         0          6          33       211          10
    23      27         14          10          32       213          10
    24      20         35          5          45       249          10
    25      20         2          7          58       221          10
