r798
VEHICLE
NUMBER     CAPACITY
  10         100

CUSTOMER
CUST NO.  XCOORD.   YCOORD.    DEMAND   READY TIME  DUE DATE   SERVICE   TIME

    0      25         25          0          0          250         0
    1      41         10          9          66       244          10
    2      30         27          5          113       203          10
    3      23         18          5          67       238          10
    4      7         31          7          3       201          10
    5      9         34          7          52       229          10
    6      50         11          9          71       215          10
    7      30         9          10          112       238          10
    8      7         10          5          91       235          10
    9      50         5          7          54       231          10
    10      8         32          7          66       230          10
    11      28         44          9          31       209          10
    12      11         3          6          24       220          10
    13      0         30          5          10       235          10
    14      7         25          10          86       237          10
    15      9         0          8          31       244          10
    16      29         31          5          102       203          10
    17      49         47          6          72       240          10
    18      48         25          7          19       213          10
    19      1         31          8          35       227          10
    20      27         48          8          20       206          10
    21      23         30          8          14       224          10
    22      29         37          7          75       200          10
    23      7         8          9          0       248          10
    24      17         20          7          100       210          10
    25      25         25          6          52       214          10
