r799
VEHICLE
NUMBER     CAPACITY
  10         100

CUSTOMER
CUST NO.  XCOORD.   YCOORD.    DEMAND   READY TIME  DUE DATE   SERVICE   TIME

    0      25         25          0          0          250         0
    1      21         16          7          114       214          10
    2      29         10          9          0       217          10
    3      27         12          6          83       212          10
    4      35         27          6          47       214          10
    5      11         43          10          18       246          10
    6      40         15          7          65       200          10
    7      3         20          9          80       246          10
    8      44         11          5          111       235          10
    9      35         31          5          17       211          10
    10      50         42          5          56       212          10
    11      9         24          7          31       219          10
    12      37         16          10          106       228          10
    13      35         47          9          19       216          10
    14      42         41          10          13       212          10
    15      18         18          9          100       241          10
    16      14         13          9          39       230          10
    17      47         26          8          68       243          10
    18      15         43          8          84       204          10
    19      40         17          7          26       216          10
    20      19         2          6          73       203          10
    21      40         33          9          102       240          10
    22      32         4          6          0       239          10
    23      38         39          5          80       242          10
    24      43         11          7          7       210          10
    25      33         2          8          35       211          10
