r800
VEHICLE
NUMBER     CAPACITY
  10         100

CUSTOMER
CUST NO.  XCOORD.   YCOORD.    DEMAND   READY TIME  DUE DATE   SERVICE   TIME

    0      25         25          0          0          250         0
    1      34         24          5          10       201          10
    2      23         4          10          91       207          10
    3      46         18          10          37       205          10
    4      49         1          10          66       204          10
    5      34         3          6          75       242          10
    6      39         26          5          22       207          10
    7      44         44          10          120       244          10
    8      29         46          7          117       240          10
    9      13         46          9          90       248          10
    10      24         50          10          10       209          10
    11      35         14          8          80       208          10
    12      12         34          7          87       223          10
    13      34         27          7          46       221          10
    14      23         50          8          87       215          10
    15      14         6          8          36       218          10
    16      5         3          8          64       207          10
    17      9         25          10          69       210          10
    18      12         24          7          4       225          10
    19      25         45          6          47       220          10
    20      1         13          7          84       250          10
    21      43         38          10          94       247          10
    22      46         29          10          79       246          10
    23      50         3          9          15       225          10
    24      7         9          5          87       212          10
    25      39         29          10          69       246          10
