r802
VEHICLE
NUMBER     CAPACITY
  10         100

CUSTOMER
CUST NO.  XCOORD.   YCOORD.    DEMAND   READY TIME  DUE DATE   SERVICE   TIME

    0      25         25          0          0          250         0
    1      37         49          10          4       200          10
    2      36         7          6          99       206          10
    3      49         47          9          17       207          10
    4      7         6          7          83       231          10
    5      25         22          6          5       236          10
    6      33         25          5          38       204          10
    7      25         18          5          3       249          10
    8      14         50          10          37       239          10
    9      46         3          8          71       210          10
    10      33         8          8          12       249          10
    11      14         49          6          113       217          10
    12      50         24          6          83       247          10
    13      1         28          7          64       234          10
    14      25         34          5          30       227          10
    15      38         34          7          31       232          10
    16      7         24          5          69       235          10
    17      24         28          6          65       234          10
    18      50         14          10          81       222          10
    19      35         22          8          61       230          10
    20      9         35          9          12       250          10
    21      22         6          8          25       236          10
    22      6         22          5          64       242          10
    23      36         26          5          3       224          10
    24      12         34          8          95       228          10
    25      8         33          9          92       225          10
