r804
VEHICLE
NUMBER     CAPACITY
  10         100

CUSTOMER
CUST NO.  XCOORD.   YCOORD.    DEMAND   READY TIME  DUE DATE   SERVICE   TIME

    0      25         25          0          0          250         0
    1      20         12          9          47       245          10
    2      23         8          8          52       217          10
    3      5         22          10          36       218          10
    4      18         11          6          22       250          10
    5      5         15          9          30       214          10
    6      24         22          6          103       224          10
    7      2         31          5          112       243          10
    8      6         28          8          18       203          10
    9      49         16          8          112       210          10
    10      13         50          5          29       234          10
    11      17         19          5          36       245          10
    12      39         47          6          25       246          10
    13      13         37          6          104       215          10
    14      35         27          5          23       230          10
    15      1         43          7          80       239          10
    16      41         36          7          83       212          10
    17      36         25          8          67       239          10
    18      8         29          5          58       216          10
    19      42         0          9          2       239          10
    20      23         32          6          95       209          10
    21      33         48          10          101       246          10
    22      5         18          6          84       241          10
    23      3         19          10          82       244          10
    24      23         45          6          38       242          10
    25      7         34          5          106       226          10
