r806
VEHICLE
NUMBER     CAPACITY
  10         100

CUSTOMER
CUST NO.  XCOORD.   YCOORD.    DEMAND   READY TIME  DUE DATE   SERVICE   TIME

    0      25         25          0          0          250         0
    1      26         13          7          24       242          10
    2      31         50          7          88       204          10
    3      14         42          5          78       219          10
    4      37         43          7          59       248          10
    5      36         16          6          101       219          10
    6      48         4          5          95       232          10
    7      38         36          8          0       210          10
    8      47         23          8          15       249          10
    9      45         3          10          78       246          10
    10      47         23          5          61       250          10
    11      43         43          6          80       205          10
    12      0         25          8          105       211          10
    13      16         49          10          43       230          10
    14      42         36          7          55       243          10
    15      41         8          9          50       248          10
    16      22         11          9          5       221          10
    17      27         26          5          69       228          10
    18      17         40          5          72       234          10
    19      47         31          8          15       242          10
    20      40         36          9          40       222          10
    21      4         18          10          12       233          10
    22      15         6          10          2       205          10
    23      26         34          8          19       207          10
    24      3         29          8          24       239          10
    25      41         17          9          38       226          10
