r807
VEHICLE
NUMBER     CAPACITY
  10         100

CUSTOMER
CUST NO.  XCOORD.   YCOORD.    DEMAND   READY TIME  DUE DATE   SERVICE   TIME

    0      25         25          0          0          250         0
    1      17         25          8          87       210          10
    2      48         42          7          54       236          10
    3      44         48          10          48       216          10
    4      27         44          7          67       235          10
    5      11         29          9          45       213          10
    6      5         20          5          120       212          10
    7      43         12          8          70       221          10
    8      22         18          7          39       215          10
    9      22         28          7          16       229          10
    10      12         23          8          86       227          10
    11      44         29          9          24       208          10
    12      42         16          9          47       237          10
    13      35         2          5          115       232          10
    14      43         7          6          5       216          10
    15      7         8          7          88       224          10
    16      40         50          9          103       206          10
    17      31         27          10          68       237          10
    18      15         36          9          92       249          10
    19      27         1          9          13       233          10
    20      23         28          6          87       228          10
    21      20         25          9          60       228          10
    22      48         13          7          111       229          10
    23      33         50          8          52       228          10
    24      32         32          8          75       200          10
    25      28         11          7          104       215          10
