r809
VEHICLE
NUMBER     CAPACITY
  10         100

CUSTOMER
CUST NO.  XCOORD.   YCOORD.    DEMAND   READY TIME  DUE DATE   SERVICE   TIME

    0      25         25          0          0          250         0
    1      17         38          8          28       207          10
    2      9         33          7          92       226          10
    3      42         16          9          111       234          10
    4      18         36          5          85       227          10
    5      33         20          9          54       234          10
    6      22         18          10          64       246          10
    7      33         8          10          38       211          10
    8      43         44          5          81       205          10
    9      35         39          10          86       230          10
    10      34         8          6          110       218          10
    11      47         15          7          119       209          10
    12      36         13          8          88       204          10
    13      41         1          6          93       208          10
    14      2         50          9          57       241          10
    15      49         23          8          10       223          10
    16      10         5          5          3       203          10
    17      1         4          10          91       213          10
    18      16         6          7          38       203          10
    19      47         36          8          91       242          10
    20      33         43          9          78       231          10
    21      46         7          8          66       242          10
    22      29         44          9          70       250          10
    23      46         50          5          67       204          10
    24      9         50          6          86       250          10
    25      16         5          8          37       227          10
