r810
VEHICLE
NUMBER     CAPACITY
  10         100

CUSTOMER
CUST NO.  XCOORD.   YCOORD.    DEMAND   READY TIME  DUE DATE   SERVICE   TIME

    0      25         25          0          0          250         0
    1      2         38          8          62       237          10
    2      22         24          6          113       203          10
    3      45         38          7          86       242          10
    4      31         35          5          29       227          10
    5      50         27          7          100       219          10
    6      31         42          9          50       226          10
    7      35         6          7          56       247          10
    8      39         32          9          106       249          10
    9      11         12          5          107       200          10
    10      46         18          6          34       229          10
    11      49         43          10          31       240          10
    12      15         41          6          78       209          10
    13      4         8          6          16       243          10
    14      20         25          8          12       235          10
    15      41         45          6          40       224          10
    16      18         8          9          82       211          10
    17      1         39          6          101       234          10
    18      26         27          8          49       217          10
    19      47         4          9          30       227          10
    20      38         8          8          69       240          10
    21      3         18          7          98       232          10
    22      26         40          6          97       227          10
    23      15         37          6          82       206          10
    24      44         26          5          106       234          10
    25      15         5          9          17       204          10
