r821
VEHICLE
NUMBER     CAPACITY
  10         100

CUSTOMER
CUST NO.  XCOORD.   YCOORD.    DEMAND   READY TIME  DUE DATE   SERVICE   TIME

    0      25         25          0          0          250         0
    1      26         7          9          109       202          10
    2      17         38          7          61       226          10
    3      28         5          8          46       206          10
    4      50         18          6          20       232          10
    5      16         39          6          24       247          10
    6      47         10          8          6       238          10
    7      0         37          5          76       245          10
    8      5         17          5          87       235          10
    9      2         41          10          119       230          10
    10      31         27          9          118       246          10
    11      34         15          7          80       237          10
    12      1         11          6          76       236          10
    13      41         1          7          79       219          10
    14      32         4          9          91       206          10
    15      17         21          10          11       220          10
    16      8         46          8          98       227          10
    17      22         2          9          88       218          10
    18      32         49          9          4       229          10
    19      47         0          7          102       209          10
    20      1         32          10          108       210          10
    21      36         6          10          93       241          10
    22      2         18          7          57       240          10
    23      22         21          6          94       233          10
    24      47         22          9          112       231          10
    25      5         35          5          43       247          10
