r822
VEHICLE
NUMBER     CAPACITY
  10         100

CUSTOMER
CUST NO.  XCOORD.   YCOORD.    DEMAND   READY TIME  DUE DATE   SERVICE   TIME

    0      25         25          0          0          250         0
    1      33         2          8          2       237          10
    2      15         46          9          60       210          10
    3      40         42          5          98       235          10
    4      35         40          7          75       222          10
    5      44         37          5          7       238          10
    6      47         34          6          84       224          10
    7      1         13          6          78       238          10
    8      15         29          7          46       220          10
    9      30         14          9          95       243          10
    10      38         41          7          43       240          10
    11      37         38          10          55       207          10
    12      38         34          8          101       225          10
    13      32         26          7          12       210          10
    14      48         35          5          118       223          10
    15      25         37          10          63       205          10
    16      48         2          8          82       229          10
    17      44         17          5          120       237          10
    18      1         29          9          2       218          10
    19      4         45          8          76       234          10
    20      18         38          6          31       245          10
    21      11         43          7          18       234          10
    22      20         33          10          26       245          10
    23      27         3          7          68       237          10
    24      20         46          9          15       230          10
    25      22         9          10          44       212          10
