r823
VEHICLE
NUMBER     CAPACITY
  10         100

CUSTOMER
CUST NO.  XCOORD.   YCOORD.    DEMAND   READY TIME  DUE DATE   SERVICE   TIME

    0      25         25          0          0          250         0
    1      15         22          6          110       226          10
    2      42         16          6          64       224          10
    3      12         24          8          25       226          10
    4      31         2          10          57       233          10
    5      40         22          6          3       238          10
    6      20         25          9          17       208          10
    7      35         48          9          81       214          10
    8      35         40          8          50       204          10
    9      9         8          8          4       247          10
    10      27         15          6          9       200          10
    11      21         5          10          116       224          10
    12      46         28          10          103       241          10
    13      9         8          10          113       230          10
    14      40         11          9          23       202          10
    15      36         21          8          55       229          10
    16      8         25          8          33       233          10
    17      7         11          7          17       236          10
    18      50         32          8          101       246          10
    19      44         14          5          105       201          10
    20      2         10          8          50       210          10
    21      18         4          7          94       241          10
    22      34         9          7          32       206          10
    23      27         27          9          38       213          10
    24      6         40          5          21       213          10
    25      12         22          9          59       237          10
