r824
VEHICLE
NUMBER     CAPACITY
  10         100

CUSTOMER
CUST NO.  XCOORD.   YCOORD.    DEMAND   READY TIME  DUE DATE   SERVICE   TIME

    0      25         25          0          0          250         0
    1      38         43          8          82       242          10
    2      40         19          7          117       214          10
    3      26         12          9          21       227          10
    4      49         13          6          90       215          10
    5      4         38          9          43       249          10
    6      7         24          7          62       244          10
    7      1         45          10          85       206          10
    8      38         33          5          53       249          10
    9      23         2          6          3       234          10
    10      28         43          9          89       223          10
    11      6         42          8          81       203          10
    12      5         18          9          109       208          10
    13      43         47          7          27       205          10
    14      0         25          7          55       202          10
    15      21         25          8          104       238          10
    16      17         9          7          30       205          10
    17      26         5          9          112       234          10
    18      49         9          5          72       214          10
    19      50         6          9          67       240          10
    20      13         28          9          93       219          10
    21      46         29          8          99       235          10
    22      32         20          9          26       231          10
    23      36         46          10          100       205          10
    24      46         20          9          69       210          10
    25      12         16          6          53       231          10
