r825
VEHICLE
NUMBER     CAPACITY
  10         100

CUSTOMER
CUST NO.  XCOORD.   YCOORD.    DEMAND   READY TIME  DUE DATE   SERVICE   TIME

    0      25         25          0          0          250         0
    1      14         47          9          104       241          10
    2      36         43          8          81       218          10
    3      15         10          5          23       220          10
    4      29         18          5          48       219          10
    5      43         46          8          103       220          10
    6      13         50          7          33       220          10
    7      9         42          10          50       203          10
    8      12         23          8          62       204          10
    9      0         29          7          4       221          10
    10      22         11          6          28       225          10
    11      5         9          8          79       202          10
    12      17         50          6          61       238          10
    13      11         22          5          1       201          10
    14      38         20          7          41       214          10
    15      10         15          5          3       203          10
    16      37         32          9          22       238          10
    17      4         35          10          97       231          10
    18      10         19          7          68       246          10
    19      25         20          7          83       231          10
    20      3         31          6          47       215          10
    21      22         10          6          48       224          10
    22      8         5          10          114       245          10
    23      9         33          8          95       250          10
    24      47         23          6          113       242          10
    25      2         29          8          20       247          10
