r828
VEHICLE
NUMBER     CAPACITY
  10         100

CUSTOMER
CUST NO.  XCOORD.   YCOORD.    DEMAND   READY TIME  DUE DATE   SERVICE   TIME

    0      25         25          0          0          250         0
    1      13         37          5          12       243          10
    2      13         27          9          35       222          10
    3      31         45          9          43       239          10
    4      9         12          7          33       204          10
    5      12         36          5          71       206          10
    6      47         36          8          67       208          10
    7      7         34          5          85       206          10
    8      14         50          6          78       238          10
    9      12         37          5          2       231          10
    10      14         15          7          92       208          10
    11      40         23          9          18       230          10
    12      37         0          8          94       229          10
    13      11         0          6          15       202          10
    14      27         11          5          115       218          10
    15      7         50          6          97       208          10
    16      22         46          6          28       236          10
    17      35         21          6          105       211          10
    18      22         34          7          50       227          10
    19      2         37          9          99       200          10
    20      45         19          7          83       241          10
    21      33         49          8          57       210          10
    22      29         28          10          62       215          10
    23      14         46          7          86       200          10
    24      47         31          5          42       242          10
    25      17         29          6          114       211          10
