r833
VEHICLE
NUMBER     CAPACITY
  10         100

CUSTOMER
CUST NO.  XCOORD.   YCOORD.    DEMAND   READY TIME  DUE DATE   SERVICE   TIME

    0      25         25          0          0          250         0
    1      9         34          10          115       241          10
    2      46         34          6          81       215          10
    3      13         50          10          109       205          10
    4      13         20          9          119       212          10
    5      7         7          7          94       203          10
    6      10         39          10          39       227          10
    7      26         29          8          2       222          10
    8      32         45          10          87       202          10
    9      16         18          9          49       211          10
    10      38         3          10          9       206          10
    11      28         43          9          86       216          10
    12      50         16          6          86       220          10
    13      11         18          9          44       237          10
    14      40         48          6          78       224          10
    15      45         25          6          35       201          10
    16      5         29          10          117       232          10
    17      14         32          5          49       228          10
    18      43         16          8          70       242          10
    19      33         20          8          112       213          10
    20      18         17          9          5       242          10
    21      3         12          8          57       222          10
    22      43         47          10          58       250          10
    23      36         28          6          64       241          10
    24      9         21          6          15       201          10
    25      3         28          6          49       236          10
