r834
VEHICLE
NUMBER     CAPACITY
  10         100

CUSTOMER
CUST NO.  XCOORD.   YCOORD.    DEMAND   READY TIME  DUE DATE   SERVICE   TIME

    0      25         25          0          0          250         0
    1      22         35          10          13       248          10
    2      12         39          5          4       246          10
    3      30         15          10          51       228          10
    4      48         48          5          116       236          10
    5      6         22          7          76       236          10
    6      0         34          6          3       201          10
    7      1         30          9          39       246          10
    8      27         27          8          10       247          10
    9      34         43          8          52       248          10
    10      32         35          5          113       234          10
    11      50         33          8          93       237          10
    12      30         7          5          35       242          10
    13      7         34          5          58       243          10
    14      21         46          5          114       230          10
    15      3         38          5          90       239          10
    16      15         42          9          42       204          10
    17      0         42          8          4       245          10
    18      12         10          9          55       215          10
    19      16         12          5          2       221          10
    20      35         5          10          7       243          10
    21      28         36          9          119       227          10
    22      26         42          5          50       200          10
    23      37         2          9          17       211          10
    24      10         5          9          63       230          10
    25      15         44          7          73       225          10
