r835
VEHICLE
NUMBER     CAPACITY
  10         100

CUSTOMER
CUST NO.  XCOORD.   YCOORD.    DEMAND   READY TIME  DUE DATE   SERVICE   TIME

    0      25         25          0          0          250         0
    1      8         8          8          51       224          10
    2      41         4          5          30       224          10
    3      30         34          8          100       228          10
    4      18         47          5          41       239          10
    5      48         37          6          84       207          10
    6      31         10          7          50       243          10
    7      48         46          9          8       213          10
    8      41         16          9          85       241          10
    9      16         43          6          108       246          10
    10      12         49          9          39       200          10
    11      21         14          6          91       238          10
    12      13         45          7          14       210          10
    13      10         17          8          112       247          10
    14      6         37          10          93       201          10
    15      24         1          6          7       206          10
    16      5         48          9          97       227          10
    17      47         4          5          107       225          10
    18      48         50          10          32       204          10
    19      43         44          8          43       242          10
    20      20         49          9          16       216          10
    21      15         13          9          43       208          10
    22      30         33          9          83       208          10
    23      24         46          8          82       238          10
    24      34         17          10          66       214          10
    25      38         45          5          42       222          10
