r845
VEHICLE
NUMBER     CAPACITY
  10         100

CUSTOMER
CUST NO.  XCOORD.   YCOORD.    DEMAND   READY TIME  DUE DATE   SERVICE   TIME

    0      25         25          0          0          250         0
    1      41         20          8          84       223          10
    2      42         45          10          49       221          10
    3      22         25          6          20       250          10
    4      32         46          6          32       250          10
    5      4         33          10          88       237          10
    6      10         15          5          18       241          10
    7      13         9          8          86       215          10
    8      4         7          7          102       221          10
    9      18         28          7          49       232          10
    10      16         29          9          76       221          10
    11      40         4          8          42       233          10
    12      3         50          5          40       201          10
    13      5         4          10          53       245          10
    14      17         48          6          47       205          10
    15      18         29          8          4       229          10
    16      40         46          8          64       238          10
    17      2         20          5          20       205          10
    18      46         37          7          28       244          10
    19      30         8          10          50       223          10
    20      30         6          7          28       229          10
    21      1         24          6          12       210          10
    22      13         34          8          85       212          10
    23      49         20          10          53       214          10
    24      26         41          9          50       210          10
    25      37         7          9          29       232          10
