r847
VEHICLE
NUMBER     CAPACITY
  10         100

CUSTOMER
CUST NO.  XCOORD.   YCOORD.    DEMAND   READY TIME  DUE DATE   SERVICE   TIME

    0      25         25          0          0          250         0
    1      24         10          9          100       235          10
    2      46         38          8          6       215          10
    3      42         32          9          57       217          10
    4      45         24          10          26       204          10
    5      4         3          9          62       201          10
    6      32         45          7          22       231          10
    7      50         48          5          14       236          10
    8      45         0          7          39       228          10
    9      11         14          7          27       212          10
    10      22         10          5          62       200          10
    11      24         32          7          103       236          10
    12      6         31          5          97       236          10
    13      17         0          10          76       244          10
    14      1         35          6          90       203          10
    15      7         14          9          84       232          10
    16      10         17          5          31       246          10
    17      0         25          9          120       210          10
    18      27         42          9          120       227          10
    19      36         21          5          56       205          10
    20      47         27          9          100       232          10
    21      9         12          6          27       233          10
    22      22         28          6          67       227          10
    23      37         14          7          118       209          10
    24      23         34          10          110       215          10
    25      40         21          7          105       210          10
