r853
VEHICLE
NUMBER     CAPACITY
  10         100

CUSTOMER
CUST NO.  XCOORD.   YCOORD.    DEMAND   READY TIME  DUE DATE   SERVICE   TIME

    0      25         25          0          0          250         0
    1      39         13          10          106       224          10
    2      18         36          8          106       202          10
    3      27         26          10          120       201          10
    4      33         46          8          106       245          10
    5      50         23          5          93       232          10
    6      10         25          8          66       248          10
    7      4         21          8          5       232          10
    8      12         14          6          42       209          10
    9      49         46          6          65       238          10
    10      48         15          10          13       237          10
    11      7         17          8          32       241          10
    12      1         48          6          38       209          10
    13      4         40          6          31       229          10
    14      20         4          8          116       242          10
    15      9         38          6          4       228          10
    16      34         46          9          119       208          10
    17      6         0          10          48       200          10
    18      20         25          10          12       215          10
    19      39         4          9          4       201          10
    20      48         17          8          116       200          10
    21      31         8          8          89       201          10
    22      14         23          5          38       210          10
    23      22         19          6          29       230          10
    24      29         9          7          74       220          10
    25      13         39          6          1       203          10
