r855
VEHICLE
NUMBER     CAPACITY
  10         100

CUSTOMER
CUST NO.  XCOORD.   YCOORD.    DEMAND   READY TIME  DUE DATE   SERVICE   TIME

    0      25         25          0          0          250         0
    1      44         22          6          79       241          10
    2      43         9          9          41       227          10
    3      45         46          9          106       211          10
    4      17         41          9          9       247          10
    5      31         43          9          83       226          10
    6      11         42          6          87       227          10
    7      27         29          5          41       202          10
    8      18         27          8          26       233          10
    9      32         26          7          22       243          10
    10      12         47          8          30       200          10
    11      41         22          6          5       216          10
    12      42         4          5          111       234          10
    13      46         41          5          56       234          10
    14      47         49          5          87       228          10
    15      21         3          6          87       228          10
    16      31         15          10          120       221          10
    17      1         15          5          42       217          10
    18      45         5          10          69       214          10
    19      27         39          6          93       220          10
    20      22         45          6          117       224          10
    21      1         20          10          113       236          10
    22      9         5          6          15       203          10
    23      27         3          10          93       227          10
    24      9         31          6          66       211          10
    25      31         32          9          29       235          10
