r857
VEHICLE
NUMBER     CAPACITY
  10         100

CUSTOMER
CUST NO.  XCOORD.   YCOORD.    DEMAND   READY TIME  DUE DATE   SERVICE   TIME

    0      25         25          0          0          250         0
    1      28         32          6          32       209          10
    2      45         45          7          100       207          10
    3      22         27          10          11       201          10
    4      10         3          9          61       232          10
    5      22         9          8          103       250          10
    6      33         10          5          4       223          10
    7      35         41          10          53       250          10
    8      29         5          10          116       232          10
    9      23         34          5          42       208          10
    10      45         20          9          75       221          10
    11      7         7          6          79       215          10
    12      12         12          5          41       201          10
    13      12         21          10          109       214          10
    14      8         42          8          6       233          10
    15      45         2          10          87       224          10
    16      46         32          8          112       226          10
    17      4         9          8          77       242          10
    18      6         31          7          101       213          10
    19      47         1          9          105       234          10
    20      28         40          5          43       202          10
    21      8         37          5          88       248          10
    22      24         28          7          74       239          10
    23      39         32          10          9       227          10
    24      18         17          5          53       215          10
    25      19         6          5          54       205          10
