r858
VEHICLE
NUMBER     CAPACITY
  10         100

CUSTOMER
CUST NO.  XCOORD.   YCOORD.    DEMAND   READY TIME  DUE DATE   SERVICE   TIME

    0      25         25          0          0          250         0
    1      49         13          6          60       224          10
    2      4         49          5          85       208          10
    3      49         4          8          10       210          10
    4      11         7          8          50       209          10
    5      24         9          5          44       237          10
    6      39         14          8          90       248          10
    7      4         48          7          94       213          10
    8      4         15          7          56       248          10
    9      10         38          9          36       225          10
    10      8         2          7          82       247          10
    11      1         39          8          71       231          10
    12      46         39          7          98       213          10
    13      4         0          8          41       248          10
    14      15         4          6          2       247          10
    15      47         8          5          120       221          10
    16      48         8          9          39       244          10
    17      15         42          6          62       225          10
    18      37         49          6          67       242          10
    19      35         13          5          75       216          10
    20      6         28          6          113       213          10
    21      48         30          6          90       212          10
    22      30         35          10          15       204          10
    23      45         18          9          40       217          10
    24      39         31          5          19       209          10
    25      36         14          10          71       219          10
