r860
VEHICLE
NUMBER     CAPACITY
  10         100

CUSTOMER
CUST NO.  XCOORD.   YCOORD.    DEMAND   READY TIME  DUE DATE   SERVICE   TIME

    0      25         25          0          0          250         0
    1      39         39          6          67       227          10
    2      38         12          8          65       206          10
    3      12         25          9          4       250          10
    4      39         27          6          42       247          10
    5      22         31          8          0       203          10
    6      34         37          9          36       236          10
    7      30         17          5          63       200          10
    8      46         12          10          79       204          10
    9      15         14          5          23       240          10
    10      5         13          10          54       236          10
    11      10         48          6          116       227          10
    12      21         17          10          6       248          10
    13      32         25          9          102       211          10
    14      15         25          7          0       223          10
    15      19         4          5          95       214          10
    16      1         14          8          102       220          10
    17      2         15          9          55       204          10
    18      2         0          7          12       212          10
    19      20         31          10          73       200          10
    20      3         39          9          47       210          10
    21      47         24          5          20       208          10
    22      12         25          10          91       211          10
    23      29         46          7          108       232          10
    24      8         11          10          14       249          10
    25      26         6          10          8       234          10
