r865
VEHICLE
NUMBER     CAPACITY
  10         100

CUSTOMER
CUST NO.  XCOORD.   YCOORD.    DEMAND   READY TIME  DUE DATE   SERVICE   TIME

    0      25         25          0          0          250         0
    1      2         38          5          51       233          10
    2      20         31          8          65       246          10
    3      36         45          10          65       206          10
    4      6         17          6          1       247          10
    5      23         36          5          75       212          10
    6      6         17          6          23       221          10
    7      6         0          10          88       238          10
    8      28         26          5          89       247          10
    9      50         28          6          36       213          10
    10      18         19          9          8       200          10
    11      11         27          6          102       202          10
    12      15         48          6          25       237          10
    13      9         6          7          36       222          10
    14      41         28          10          107       225          10
    15      42         8          5          100       211          10
    16      0         19          8          118       217          10
    17      43         35          6          98       202          10
    18      28         17          5          53       246          10
    19      43         13          9          69       232          10
    20      40         19          10          66       212          10
    21      25         35          6          107       205          10
    22      15         42          9          32       247          10
    23      30         49          9          4       247          10
    24      38         45          7          8       225          10
    25      25         28          10          41       230          10
