r866
VEHICLE
NUMBER     CAPACITY
  10         100

CUSTOMER
CUST NO.  XCOORD.   YCOORD.    DEMAND   READY TIME  DUE DATE   SERVICE   TIME

    0      25         25          0          0          250         0
    1      26         21          10          87       248          10
    2      18         19          8          11       215          10
    3      3         50          6          58       246          10
    4      26         37          9          72       219          10
    5      4         11          9          111       226          10
    6      4         9          5          36       238          10
    7      42         33          6          78       218          10
    8      24         4          6          112       211          10
    9      26         8          8          73       202          10
    10      6         31          6          36       237          10
    11      15         23          6          30       242          10
    12      40         39          6          59       203          10
    13      4         4          6          11       238          10
    14      14         20          6          50       239          10
    15      4         14          6          77       206          10
    16      33         17          7          98       227          10
    17      36         16          10          56       200          10
    18      44         5          10          62       239          10
    19      8         45          7          46       227          10
    20      19         20          6          26       231          10
    21      20         5          7          87       227          10
    22      41         33          8          14       203          10
    23      20         28          10          109       232          10
    24      26         8          5          10       247          10
    25      41         45          7          67       217          10
