r868
VEHICLE
NUMBER     CAPACITY
  10         100

CUSTOMER
CUST NO.  XCOORD.   YCOORD.    DEMAND   READY TIME  DUE DATE   SERVICE   TIME

    0      25         25          0          0          250         0
    1      16         32          5          16       210          10
    2      29         41          8          39       205          10
    3      24         41          9          0       224          10
    4      23         20          5          58       234          10
    5      46         22          5          93       225          10
    6      6         35          5          29       247          10
    7      27         42          7          106       216          10
    8      22         7          5          39       226          10
    9      8         24          10          59       210          10
    10      9         9          6          29       213          10
    11      17         49          6          100       215          10
    12      24         16          6          65       212          10
    13      37         24          7          74       241          10
    14      41         14          8          50       222          10
    15      37         4          10          40       249          10
    16      50         9          6          118       224          10
    17      30         34          6          77       214          10
    18      48         30          7          18       207          10
    19      35         5          8          72       208          10
    20      20         21          10          107       209          10
    21      9         0          7          27       235          10
    22      29         41          10          55       249          10
    23      5         35          6          74       240          10
    24      33         29          7          32       211          10
    25      7         35          7          113       209          10
