r869
VEHICLE
NUMBER     CAPACITY
  10         100

CUSTOMER
CUST NO.  XCOORD.   YCOORD.    DEMAND   READY TIME  DUE DATE   SERVICE   TIME

    0      25         25          0          0          250         0
    1      22         45          5          38       234          10
    2      28         46          9          13       204          10
    3      3         4          5          117       206          10
    4      50         31          9          88       214          10
    5      33         10          6          93       237          10
    6      10         14          6          45       235          10
    7      16         37          6          98       230          10
    8      40         0          5          93       249          10
    9      23         50          7          118       218          10
    10      23         13          8          60       227          10
    11      35         21          8          105       230          10
    12      31         1          8          73       226          10
    13      9         2          5          70       208          10
    14      8         8          8          34       244          10
    15      24         17          7          114       207          10
    16      6         50          10          14       230          10
    17      9         23          8          61       232          10
    18      31         26          10          35       249          10
    19      36         14          5          25       215          10
    20      41         29          8          42       218          10
    21      19         37          10          65       246          10
    22      49         30          5          63       204          10
    23      5         49          10          67       218          10
    24      25         7          8          118       246          10
    25      23         2          7          28       229          10
