r881
VEHICLE
NUMBER     CAPACITY
  10         100

CUSTOMER
CUST NO.  XCOORD.   YCOORD.    DEMAND   READY TIME  DUE DATE   SERVICE   TIME

    0      25         25          0          0          250         0
    1      34         9          10          76       246          10
    2      22         28          10          57       221          10
    3      33         8          5          1       222          10
    4      29         43          10          60       216          10
    5      10         40          7          46       232          10
    6      18         48          8          76       235          10
    7      10         49          8          114       246          10
    8      36         49          6          72       242          10
    9      37         26          9          75       249          10
    10      36         10          9          57       208          10
    11      8         23          9          56       242          10
    12      49         2          9          113       237          10
    13      43         47          7          61       220          10
    14      30         34          9          50       238          10
    15      22         47          5          83       218          10
    16      31         8          7          74       244          10
    17      16         19          10          78       200          10
    18      4         9          10          69       245          10
    19      17         13          8          70       220          10
    20      38         25          10          6       229          10
    21      38         38          8          71       221          10
    22      12         38          7          11       250          10
    23      25         31          8          99       238          10
    24      24         40          9          67       209          10
    25      30         45          10          18       236          10
