r882
VEHICLE
NUMBER     CAPACITY
  10         100

CUSTOMER
CUST NO.  XCOORD.   YCOORD.    DEMAND   READY TIME  DUE DATE   SERVICE   TIME

    0      25         25          0          0          250         0
    1      1         10          7          96       222          10
    2      48         45          9          12       200          10
    3      46         28          10          105       201          10
    4      38         40          8          41       205          10
    5      42         11          9          57       208          10
    6      5         5          9          13       214          10
    7      17         8          5          65       219          10
    8      16         41          8          115       235          10
    9      24         6          6          71       227          10
    10      47         3          5          117       236          10
    11      37         7          7          88       223          10
    12      36         28          7          18       200          10
    13      47         31          6          52       244          10
    14      45         27          5          116       250          10
    15      49         26          5          51       226          10
    16      32         39          8          66       230          10
    17      8         16          5          34       219          10
    18      33         13          7          62       220          10
    19      47         31          6          47       246          10
    20      22         46          6          80       223          10
    21      25         28          9          22       249          10
    22      18         42          9          45       218          10
    23      29         25          5          62       248          10
    24      44         15          7          29       233          10
    25      14         26          6          34       214          10
