r883
VEHICLE
NUMBER     CAPACITY
  10         100

CUSTOMER
CUST NO.  XCOORD.   YCOORD.    DEMAND   READY TIME  DUE DATE   SERVICE   TIME

    0      25         25          0          0          250         0
    1      10         40          6          115       232          10
    2      11         27          8          34       244          10
    3      45         19          10          101       208          10
    4      2         38          5          21       213          10
    5      34         24          10          101       209          10
    6      17         12          9          33       208          10
    7      8         20          8          38       247          10
    8      38         28          8          66       245          10
    9      18         8          8          97       201          10
    10      35         31          9          66       203          10
    11      19         36          7          55       229          10
    12      21         35          6          69       226          10
    13      24         10          8          56       200          10
    14      13         8          7          49       217          10
    15      2         4          8          11       201          10
    16      38         39          10          67       244          10
    17      49         33          7          92       249          10
    18      11         22          6          4       226          10
    19      40         40          8          116       210          10
    20      5         18          6          98       244          10
    21      46         28          6          26       247          10
    22      47         32          5          7       250          10
    23      10         6          10          20       230          10
    24      44         21          5          24       235          10
    25      10         9          9          106       226          10
