r887
VEHICLE
NUMBER     CAPACITY
  10         100

CUSTOMER
CUST NO.  XCOORD.   YCOORD.    DEMAND   READY TIME  DUE DATE   SERVICE   TIME

    0      25         25          0          0          250         0
    1      26         48          9          8       249          10
    2      1         6          8          70       233          10
    3      43         13          10          5       220          10
    4      2         14          9          2       220          10
    5      33         11          5          100       201          10
    6      46         24          9          61       201          10
    7      21         10          5          8       204          10
    8      29         42          9          35       210          10
    9      18         40          6          116       227          10
    10      26         43          7          37       216          10
    11      39         10          8          83       232          10
    12      48         7          10          112       213          10
    13      2         21          8          96       245          10
    14      41         1          9          104       221          10
    15      21         20          10          111       242          10
    16      1         19          7          105       245          10
    17      1         9          6          3       246          10
    18      11         14          7          76       211          10
    19      34         4          8          41       245          10
    20      49         22          5          75       248          10
    21      19         18          10          110       214          10
    22      13         33          8          105       222          10
    23      41         48          7          46       214          10
    24      26         38          6          103       201          10
    25      31         1          8          0       217          10
