r888
VEHICLE
NUMBER     CAPACITY
  10         100

CUSTOMER
CUST NO.  XCOORD.   YCOORD.    DEMAND   READY TIME  DUE DATE   SERVICE   TIME

    0      25         25          0          0          250         0
    1      42         28          7          46       232          10
    2      11         43          7          24       245          10
    3      50         49          9          104       236          10
    4      14         26          9          40       217          10
    5      36         39          9          25       235          10
    6      1         18          10          67       211          10
    7      6         10          10          95       243          10
    8      0         7          10          79       201          10
    9      34         43          5          82       229          10
    10      8         39          8          94       247          10
    11      49         23          8          28       249          10
    12      48         39          5          51       202          10
    13      47         27          10          96       217          10
    14      23         44          6          28       214          10
    15      29         18          10          9       204          10
    16      3         29          6          26       215          10
    17      10         3          7          60       215          10
    18      39         10          5          112       217          10
    19      6         45          6          25       234          10
    20      0         18          6          113       218          10
    21      25         28          9          71       232          10
    22      47         24          8          40       202          10
    23      3         1          6          100       216          10
    24      31         3          7          41       226          10
    25      28         34          6          49       231          10
