r890
VEHICLE
NUMBER     CAPACITY
  10         100

CUSTOMER
CUST NO.  XCOORD.   YCOORD.    DEMAND   READY TIME  DUE DATE   SERVICE   TIME

    0      25         25          0          0          250         0
    1      7         23          7          17       218          10
    2      4         24          6          34       201          10
    3      31         44          7          73       208          10
    4      44         11          9          7       218          10
    5      0         33          9          56       238          10
    6      8         16          5          12       234          10
    7      36         5          8          78       215          10
    8      28         38          6          49       228          10
    9      27         0          10          68       238          10
    10      30         12          5          91       240          10
    11      33         18          7          55       244          10
    12      2         12          5          116       223          10
    13      36         47          7          1       238          10
    14      7         42          5          30       231          10
    15      39         12          5          82       236          10
    16      40         50          5          63       240          10
    17      41         18          9          90       235          10
    18      22         32          5          64       218          10
    19      19         16          9          76       207          10
    20      3         2          9          69       237          10
    21      48         22          7          9       250          10
    22      22         16          7          115       206          10
    23      16         48          8          29       200          10
    24      45         47          10          99       212          10
    25      37         36          5          79       216          10
