r899
VEHICLE
NUMBER     CAPACITY
  10         100

CUSTOMER
CUST NO.  XCOORD.   YCOORD.    DEMAND   READY TIME  DUE DATE   SERVICE   TIME

    0      25         25          0          0          250         0
    1      8         44          5          120       202          10
    2      18         16          7          86       243          10
    3      45         20          10          41       223          10
    4      12         24          9          95       237          10
    5      17         42          8          22       230          10
    6      28         33          10          41       234          10
    7      0         24          5          68       210          10
    8      40         35          8          31       215          10
    9      39         27          8          107       228          10
    10      30         1          8          64       224          10
    11      33         19          6          50       202          10
    12      38         4          7          51       247          10
    13      42         41          5          80       236          10
    14      27         43          10          59       202          10
    15      12         7          9          101       243          10
    16      14         28          6          113       223          10
    17      31         48          9          57       230          10
    18      17         1          5          109       246          10
    19      17         44          10          41       202          10
    20      23         32          10          32       236          10
    21      34         2          7          22       249          10
    22      1         18          7          116       228          10
    23      21         38          5          90       221          10
    24      32         15          9          59       211          10
    25      6         30          9          30       215          10
