r900
VEHICLE
NUMBER     CAPACITY
  10         100

CUSTOMER
CUST NO.  XCOORD.   YCOORD.    DEMAND   READY TIME  DUE DATE   SERVICE   TIME

    0      25         25          0          0          250         0
    1      36         42          6          54       244          10
    2      4         38          9          49       232          10
    3      9         47          6          88       240          10
    4      11         33          10          70       239          10
    5      26         31          8          93       226          10
    6      4         22          5          111       214          10
    7      32         49          7          41       217          10
    8      26         8          7          34       222          10
    9      4         21          8          72       235          10
    10      21         3          7          85       218          10
    11      38         46          7          67       213          10
    12      48         27          6          90       247          10
    13      19         6          9          24       206          10
    14      29         30          6          98       220          10
    15      50         0          10          81       207          10
    16      9         13          5          32       247          10
    17      15         9          9          42       234          10
    18      43         45          5          118       233          10
    19      18         0          5          24       205          10
    20      47         4          6          87       235          10
    21      50         0          5          37       205          10
    22      19         48          10          37       233          10
    23      27         14          6          105       200          10
    24      2         7          9          30       216          10
    25      40         23          10          48       244          10
