r902
VEHICLE
NUMBER     CAPACITY
  10         100

CUSTOMER
CUST NO.  XCOORD.   YCOORD.    DEMAND   READY TIME  DUE DATE   SERVICE   TIME

    0      25         25          0          0          250         0
    1      37         2          10          56       227          10
    2      17         29          10          70       237          10
    3      20         10          10          67       248          10
    4      50         5          5          95       212          10
    5      50         39          9          34       203          10
    6      41         32          7          50       243          10
    7      27         33          5          73       221          10
    8      27         43          9          29       205          10
    9      27         17          7          111       220          10
    10      48         43          7          99       235          10
    11      41         30          7          74       250          10
    12      19         25          7          7       243          10
    13      29         15          10          19       217          10
    14      18         22          8          12       208          10
    15      41         11          9          28       218          10
    16      10         19          5          15       201          10
    17      25         34          5          39       220          10
    18      24         46          5          42       248          10
    19      6         39          6          90       205          10
    20      27         10          10          61       247          10
    21      1         18          7          112       221          10
    22      35         34          8          46       207          10
    23      33         49          7          20       243          10
    24      12         48          8          93       229          10
    25      12         24          5          3       210          10
