r906
VEHICLE
NUMBER     CAPACITY
  10         100

CUSTOMER
CUST NO.  XCOORD.   YCOORD.    DEMAND   READY TIME  DUE DATE   SERVICE   TIME

    0      25         25          0          0          250         0
    1      28         5          6          110       227          10
    2      21         38          10          33       235          10
    3      31         45          8          102       234          10
    4      21         38          8          57       245          10
    5      37         46          5          118       241          10
    6      32         44          8          24       218          10
    7      43         15          10          91       243          10
    8      40         45          9          0       226          10
    9      39         38          9          64       234          10
    10      7         21          6          0       202          10
    11      6         49          10          10       213          10
    12      43         33          7          34       203          10
    13      49         33          10          103       219          10
    14      30         35          9          24       228          10
    15      12         16          10          35       226          10
    16      35         50          10          74       204          10
    17      25         11          8          29       202          10
    18      1         28          6          117       220          10
    19      21         40          7          65       220          10
    20      46         44          7          117       245          10
    21      6         4          5          45       210          10
    22      38         44          10          61       221          10
    23      26         45          6          117       232          10
    24      31         16          8          115       239          10
    25      42         0          10          113       236          10
