r907
VEHICLE
NUMBER     CAPACITY
  10         100

CUSTOMER
CUST NO.  XCOORD.   YCOORD.    DEMAND   READY TIME  DUE DATE   SERVICE   TIME

    0      25         25          0          0          250         0
    1      27         11          8          96       242          10
    2      2         25          8          1       248          10
    3      20         6          9          40       218          10
    4      34         45          9          25       215          10
    5      43         47          10          46       241          10
    6      9         37          7          8       228          10
    7      41         40          5          98       220          10
    8      33         47          7          58       216          10
    9      25         32          8          112       231          10
    10      29         23          10          91       243          10
    11      20         35          8          90       250          10
    12      34         24          6          110       243          10
    13      10         40          6          108       200          10
    14      35         16          6          45       206          10
    15      16         5          9          106       243          10
    16      32         16          9          19       226          10
    17      43         30          5          40       212          10
    18      3         32          8          58       235          10
    19      27         47          10          37       216          10
    20      12         31          10          35       244          10
    21      16         17          9          0       231          10
    22      10         8          8          20       201          10
    23      37         15          7          92       212          10
    24      13         29          5          16       212          10
    25      37         28          9          14       247          10
