r909
VEHICLE
NUMBER     CAPACITY
  10         100

CUSTOMER
CUST NO.  XCOORD.   YCOORD.    DEMAND   READY TIME  DUE DATE   SERVICE   TIME

    0      25         25          0          0          250         0
    1      14         38          8          50       221          10
    2      34         4          10          36       238          10
    3      37         25          6          48       213          10
    4      39         44          5          91       218          10
    5      45         38          9          78       242          10
    6      41         42          9          28       248          10
    7      27         14          8          24       200          10
    8      32         43          7          34       238          10
    9      50         50          8          56       209          10
    10      24         23          8          85       224          10
    11      37         34          5          119       228          10
    12      18         7          6          13       250          10
    13      23         49          5          30       235          10
    14      44         18          6          83       240          10
    15      47         24          9          67       215          10
    16      10         34          10          64       229          10
    17      43         8          6          14       200          10
    18      19         29          5          99       212          10
    19      25         40          10          82       225          10
    20      26         25          7          105       247          10
    21      27         15          10          103       245          10
    22      13         25          7          1       205          10
    23      10         45          6          104       229          10
    24      34         9          5          23       250          10
    25      22         6          8          67       225          10
