r912
VEHICLE
NUMBER     CAPACITY
  10         100

CUSTOMER
CUST NO.  XCOORD.   YCOORD.    DEMAND   READY TIME  DUE DATE   SERVICE   TIME

    0      25         25          0          0          250         0
    1      35         11          9          39       213          10
    2      22         44          6          63       215          10
    3      46         12          7          8       237          10
    4      43         2          9          8       227          10
    5      23         4          8          9       220          10
    6      19         45          7          81       221          10
    7      41         1          10          94       235          10
    8      31         2          5          79       234          10
    9      17         43          8          2       231          10
    10      7         25          8          108       250          10
    11      50         21          9          82       238          10
    12      36         8          6          67       205          10
    13      43         26          8          5       247          10
    14      29         7          10          39       234          10
    15      15         18          10          8       242          10
    16      47         8          6          75       200          10
    17      50         0          7          91       235          10
    18      12         0          7          57       235          10
    19      7         48          8          23       213          10
    20      27         10          9          95       238          10
    21      44         46          10          114       205          10
    22      14         8          8          29       232          10
    23      24         18          7          34       238          10
    24      0         15          5          94       207          10
    25      26         24          10          11       203          10
