r919
VEHICLE
NUMBER     CAPACITY
  10         100

CUSTOMER
CUST NO.  XCOORD.   YCOORD.    DEMAND   READY TIME  DUE DATE   SERVICE   TIME

    0      25         25          0          0          250         0
    1      29         15          7          26       242          10
    2      1         31          9          43       214          10
    3      12         4          8          46       211          10
    4      1         27          10          74       209          10
    5      37         2          8          23       241          10
    6      27         30          10          41       235          10
    7      13         50          9          59       243          10
    8      10         50          9          80       207          10
    9      16         19          10          5       218          10
    10      4         47          8          43       204          10
    11      19         12          5          26       213          10
    12      11         12          8          35       203          10
    13      6         22          6          27       234          10
    14      48         50          7          56       238          10
    15      39         34          8          99       236          10
    16      5         50          10          11       226          10
    17      22         46          7          36       214          10
    18      7         7          9          21       243          10
    19      26         4          10          91       217          10
    20      26         28          7          72       202          10
    21      25         18          10          82       228          10
    22      41         32          8          7       235          10
    23      24         8          7          41       232          10
    24      47         35          9          114       232          10
    25      34         2          8          33       202          10
