r920
VEHICLE
NUMBER     CAPACITY
  10         100

CUSTOMER
CUST NO.  XCOORD.   YCOORD.    DEMAND   READY TIME  DUE DATE   SERVICE   TIME

    0      25         25          0          0          250         0
    1      36         3          6          118       221          10
    2      17         48          7          17       239          10
    3      37         5          7          0       247          10
    4      8         9          5          33       225          10
    5      10         9          6          4       231          10
    6      34         23          10          41       210          10
    7      16         47          5          27       228          10
    8      22         47          5          60       200          10
    9      40         31          6          68       222          10
    10      13         50          8          107       216          10
    11      18         21          6          120       212          10
    12      30         14          9          116       210          10
    13      18         34          10          73       235          10
    14      20         5          8          26       215          10
    15      48         44          10          84       205          10
    16      8         30          6          78       223          10
    17      1         27          8          112       246          10
    18      47         45          10          75       210          10
    19      45         6          5          44       214          10
    20      5         40          5          69       219          10
    21      32         28          5          16       245          10
    22      24         5          10          50       240          10
    23      3         31          8          82       212          10
    24      3         49          7          118       245          10
    25      26         31          10          94       216          10
