r922
VEHICLE
NUMBER     CAPACITY
  10         100

CUSTOMER
CUST NO.  XCOORD.   YCOORD.    DEMAND   READY TIME  DUE DATE   SERVICE   TIME

    0      25         25          0          0          250         0
    1      10         1          6          110       201          10
    2      49         41          5          21       250          10
    3      9         50          8          25       246          10
    4      17         37          10          64       206          10
    5      36         39          5          116       203          10
    6      41         8          5          73       220          10
    7      22         0          6          40       248          10
    8      36         42          9          72       249          10
    9      23         13          10          27       223          10
    10      10         14          6          87       214          10
    11      49         1          10          44       237          10
    12      35         10          8          89       237          10
    13      8         18          8          97       245          10
    14      32         1          6          38       233          10
    15      30         49          9          3       208          10
    16      50         1          6          28       248          10
    17      30         28          8          106       234          10
    18      30         32          6          88       236          10
    19      3         45          6          42       237          10
    20      3         23          7          47       225          10
    21      33         43          7          11       242          10
    22      13         49          5          58       230          10
    23      10         7          7          120       233          10
    24      27         17          10          18       222          10
    25      2         15          9          116       208          10
