r926
VEHICLE
NUMBER     CAPACITY
  10         100

CUSTOMER
CUST NO.  XCOORD.   YCOORD.    DEMAND   READY TIME  DUE DATE   SERVICE   TIME

    0      25         25          0          0          250         0
    1      23         36          9          76       227          10
    2      15         1          9          69       245          10
    3      40         41          9          62       207          10
    4      40         23          10          8       216          10
    5      41         41          7          115       200          10
    6      12         47          8          47       233          10
    7      49         30          10          94       221          10
    8      36         33          5          64       216          10
    9      33         9          9          11       215          10
    10      10         44          10          75       244          10
    11      22         34          9          23       245          10
    12      31         14          7          79       221          10
    13      31         21          10          8       240          10
    14      21         8          10          112       241          10
    15      43         24          9          98       245          10
    16      42         28          6          43       201          10
    17      6         4          5          52       206          10
    18      32         35          10          17       208          10
    19      32         24          7          92       223          10
    20      25         11          9          60       232          10
    21      33         36          10          34       207          10
    22      36         40          6          26       238          10
    23      18         19          9          40       246          10
    24      18         15          5          29       205          10
    25      25         0          8          38       233          10
