r927
VEHICLE
NUMBER     CAPACITY
  10         100

CUSTOMER
CUST NO.  XCOORD.   YCOORD.    DEMAND   READY TIME  DUE DATE   SERVICE   TIME

    0      25         25          0          0          250         0
    1      0         10          6          120       247          10
    2      19         7          7          98       205          10
    3      48         33          9          87       208          10
    4      2         27          8          73       220          10
    5      35         37          8          13       250          10
    6      35         7          9          33       248          10
    7      35         26          9          71       227          10
    8      45         6          10          102       246          10
    9      20         12          10          89       226          10
    10      15         19          9          31       223          10
    11      28         45          8          101       239          10
    12      24         42          5          115       246          10
    13      29         50          10          37       248          10
    14      27         39          10          10       222          10
    15      0         0          6          2       214          10
    16      11         38          8          104       214          10
    17      14         50          5          88       202          10
    18      25         33          7          10       219          10
    19      41         12          9          3       236          10
    20      8         50          7          75       238          10
    21      2         4          5          100       214          10
    22      42         44          10          80       206          10
    23      15         40          7          29       238          10
    24      9         28          6          68       239          10
    25      34         34          10          15       230          10
