r930
VEHICLE
NUMBER     CAPACITY
  10         100

CUSTOMER
CUST NO.  XCOORD.   YCOORD.    DEMAND   READY TIME  DUE DATE   SERVICE   TIME

    0      25         25          0          0          250         0
    1      14         40          5          55       250          10
    2      36         6          10          38       229          10
    3      50         19          5          45       238          10
    4      38         33          9          15       216          10
    5      46         15          9          48       232          10
    6      37         17          5          79       228          10
    7      38         45          5          37       227          10
    8      13         15          7          1       210          10
    9      34         18          5          15       221          10
    10      10         4          10          105       209          10
    11      45         31          9          63       205          10
    12      40         38          8          55       221          10
    13      40         46          6          17       225          10
    14      21         22          7          72       219          10
    15      0         28          10          60       214          10
    16      40         1          6          2       249          10
    17      46         16          10          31       238          10
    18      8         4          8          99       218          10
    19      13         36          8          108       211          10
    20      0         5          7          24       246          10
    21      32         37          5          85       207          10
    22      15         8          5          97       207          10
    23      30         21          6          77       244          10
    24      2         14          5          69       237          10
    25      5         15          8          21       203          10
