r932
VEHICLE
NUMBER     CAPACITY
  10         100

CUSTOMER
CUST NO.  XCOORD.   YCOORD.    DEMAND   READY TIME  DUE DATE   SERVICE   TIME

    0      25         25          0          0          250         0
    1      0         36          8          89       206          10
    2      50         41          6          97       236          10
    3      11         46          6          31       203          10
    4      0         1          5          95       233          10
    5      23         4          7          55       248          10
    6      11         23          9          111       216          10
    7      8         3          5          66       202          10
    8      17         32          10          24       233          10
    9      43         42          7          91       232          10
    10      40         14          9          96       225          10
    11      33         8          10          3       227          10
    12      16         30          5          47       242          10
    13      15         37          9          19       212          10
    14      43         43          6          109       214          10
    15      26         0          6          23       224          10
    16      14         13          8          110       203          10
    17      12         36          5          89       212          10
    18      4         37          9          75       211          10
    19      12         28          10          112       244          10
    20      29         34          7          120       218          10
    21      22         25          7          36       233          10
    22      18         34          5          30       246          10
    23      10         11          5          111       214          10
    24      24         38          10          14       246          10
    25      2         1          7          40       218          10
