r934
VEHICLE
NUMBER     CAPACITY
  10         100

CUSTOMER
CUST NO.  XCOORD.   YCOORD.    DEMAND   READY TIME  DUE DATE   SERVICE   TIME

    0      25         25          0          0          250         0
    1      29         39          9          91       238          10
    2      19         27          8          112       247          10
    3      31         16          10          66       215          10
    4      35         12          5          62       244          10
    5      35         47          8          28       242          10
    6      19         22          5          8       226          10
    7      36         39          8          60       223          10
    8      12         39          7          60       221          10
    9      16         4          5          108       241          10
    10      49         29          9          107       208          10
    11      21         16          8          62       242          10
    12      9         24          6          60       203          10
    13      6         37          6          115       250          10
    14      1         37          7          11       221          10
    15      1         0          5          120       219          10
    16      38         46          8          61       229          10
    17      47         33          10          49       241          10
    18      7         4          10          23       202          10
    19      5         41          7          68       215          10
    20      44         26          10          57       224          10
    21      41         41          5          51       245          10
    22      2         39          5          11       207          10
    23      3         32          9          78       245          10
    24      41         0          6          54       226          10
    25      34         4          8          38       246          10
