r936
VEHICLE
NUMBER     CAPACITY
  10         100

CUSTOMER
CUST NO.  XCOORD.   YCOORD.    DEMAND   READY TIME  DUE DATE   SERVICE   TIME

    0      25         25          0          0          250         0
    1      21         21          5          86       201          10
    2      41         21          8          90       249          10
    3      50         19          10          24       203          10
    4      33         34          7          25       207          10
    5      21         21          8          5       206          10
    6      0         11          6          100       209          10
    7      41         46          6          16       212          10
    8      4         36          9          101       222          10
    9      32         34          9          44       246          10
    10      13         13          8          110       211          10
    11      38         1          9          17       223          10
    12      26         42          9          75       206          10
    13      37         2          5          86       243          10
    14      1         45          7          69       219          10
    15      40         0          5          22       228          10
    16      10         34          8          80       239          10
    17      39         23          9          52       226          10
    18      38         36          10          96       231          10
    19      31         28          10          96       205          10
    20      10         49          8          101       237          10
    21      8         0          5          59       221          10
    22      12         0          10          31       218          10
    23      43         32          8          14       228          10
    24      33         25          6          6       241          10
    25      32         17          8          13       244          10
