r937
VEHICLE
NUMBER     CAPACITY
  10         100

CUSTOMER
CUST NO.  XCOORD.   YCOORD.    DEMAND   READY TIME  DUE DATE   SERVICE   TIME

    0      25         25          0          0          250         0
    1      26         13          9          90       233          10
    2      2         47          5          6       236          10
    3      16         43          6          87       223          10
    4      13         26          6          79       210          10
    5      15         36          10          65       205          10
    6      28         37          8          34       221          10
    7      25         45          10          14       221          10
    8      7         16          5          83       216          10
    9      17         21          6          71       250          10
    10      38         31          5          71       245          10
    11      2         26          9          41       232          10
    12      0         5          6          62       240          10
    13      42         37          10          20       214          10
    14      20         21          8          15       226          10
    15      23         39          8          69       247          10
    16      27         35          5          78       207          10
    17      32         19          8          75       220          10
    18      7         41          6          93       212          10
    19      49         11          9          4       201          10
    20      30         38          5          90       229          10
    21      2         23          5          62       247          10
    22      2         21          9          109       232          10
    23      15         14          10          106       247          10
    24      18         44          10          117       232          10
    25      37         12          10          20       226          10
