r938
VEHICLE
NUMBER     CAPACITY
  10         100

CUSTOMER
CUST NO.  XCOORD.   YCOORD.    DEMAND   READY TIME  DUE DATE   SERVICE   TIME

    0      25         25          0          0          250         0
    1      1         32          10          23       247          10
    2      45         26          9          25       246          10
    3      4         44          8          24       206          10
    4      23         32          9          56       226          10
    5      36         47          6          118       211          10
    6      3         39          10          91       225          10
    7      32         6          7          6       229          10
    8      6         35          10          80       234          10
    9      7         6          5          46       223          10
    10      20         32          7          39       238          10
    11      36         48          6          43       233          10
    12      46         17          5          113       207          10
    13      23         0          7          94       242          10
    14      40         10          5          101       213          10
    15      3         15          10          3       205          10
    16      19         47          7          30       238          10
    17      26         7          6          85       224          10
    18      6         4          9          46       225          10
    19      40         4          9          21       227          10
    20      18         37          10          7       211          10
    21      19         24          6          45       215          10
    22      47         22          10          54       250          10
    23      41         1          5          97       225          10
    24      12         28          8          18       215          10
    25      33         44          5          117       234          10
