r940
VEHICLE
NUMBER     CAPACITY
  10         100

CUSTOMER
CUST NO.  XCOORD.   YCOORD.    DEMAND   READY TIME  DUE DATE   SERVICE   TIME

    0      25         25          0          0          250         0
    1      26         49          6          85       232          10
    2      5         29          10          12       243          10
    3      25         34          7          41       248          10
    4      39         45          9          15       211          10
    5      29         45          6          21       230          10
    6      7         13          10          0       239          10
    7      41         5          5          112       220          10
    8      31         13          8          38       222          10
    9      10         8          10          108       234          10
    10      14         33          6          76       202          10
    11      1         27          5          30       245          10
    12      14         6          8          62       226          10
    13      45         27          10          94       205          10
    14      5         44          6          101       211          10
    15      28         13          8          15       245          10
    16      23         6          5          71       200          10
    17      9         18          6          13       206          10
    18      40         48          7          119       244          10
    19      10         42          8          96       227          10
    20      10         5          9          71       235          10
    21      34         6          9          107       246          10
    22      23         46          8          10       213          10
    23      45         32          6          39       247          10
    24      50         31          7          5       216          10
    25      32         50          8          51       246          10
