r941
VEHICLE
NUMBER     CAPACITY
  10         100

CUSTOMER
CUST NO.  XCOORD.   YCOORD.    DEMAND   READY TIME  DUE DATE   SERVICE   TIME

    0      25         25          0          0          250         0
    1      23         42          8          3       249          10
    2      22         27          6          26       247          10
    3      44         45          6          28       232          10
    4      36         7          9          8       203          10
    5      3         47          7          62       212          10
    6      20         2          6          81       244          10
    7      15         33          10          6       230          10
    8      1         10          9          37       247          10
    9      9         41          7          92       245          10
    10      22         40          6          57       239          10
    11      30         49          6          94       209          10
    12      0         24          5          0       248          10
    13      34         41          8          85       248          10
    14      28         44          6          107       227          10
    15      16         41          6          99       230          10
    16      39         14          7          19       218          10
    17      7         12          5          73       244          10
    18      3         46          8          36       246          10
    19      47         34          8          52       223          10
    20      49         27          9          115       230          10
    21      0         41          9          77       240          10
    22      0         42          8          24       248          10
    23      17         36          6          91       205          10
    24      0         18          6          88       224          10
    25      18         38          8          42       223          10
