r943
VEHICLE
NUMBER     CAPACITY
  10         100

CUSTOMER
CUST NO.  XCOORD.   YCOORD.    DEMAND   READY TIME  DUE DATE   SERVICE   TIME

    0      25         25          0          0          250         0
    1      23         49          10          53       226          10
    2      48         28          6          99       243          10
    3      34         48          7          8       204          10
    4      30         20          9          13       202          10
    5      24         49          8          101       207          10
    6      22         5          8          6       235          10
    7      47         33          5          7       224          10
    8      1         29          7          110       213          10
    9      32         30          6          72       236          10
    10      16         29          9          118       210          10
    11      41         45          9          9       214          10
    12      44         49          9          37       217          10
    13      18         43          10          70       248          10
    14      15         25          10          34       216          10
    15      49         7          6          66       230          10
    16      36         33          6          15       218          10
    17      1         40          9          46       238          10
    18      7         5          10          50       250          10
    19      10         13          6          53       234          10
    20      27         49          10          113       219          10
    21      43         37          7          18       214          10
    22      21         43          6          37       225          10
    23      31         31          5          3       209          10
    24      15         43          7          11       218          10
    25      41         43          9          81       249          10
