r945
VEHICLE
NUMBER     CAPACITY
  10         100

CUSTOMER
CUST NO.  XCOORD.   YCOORD.    DEMAND   READY TIME  DUE DATE   SERVICE   TIME

    0      25         25          0          0          250         0
    1      13         43          6          10       205          10
    2      1         20          10          66       235          10
    3      11         36          9          89       209          10
    4      46         29          8          51       222          10
    5      12         41          9          111       246          10
    6      25         41          9          7       247          10
    7      5         9          9          94       239          10
    8      40         39          7          66       204          10
    9      8         38          10          26       227          10
    10      35         46          7          73       200          10
    11      0         48          5          57       203          10
    12      1         42          5          30       219          10
    13      20         20          6          88       218          10
    14      24         28          10          20       234          10
    15      9         16          9          89       250          10
    16      24         30          7          84       208          10
    17      22         29          5          101       226          10
    18      48         10          6          95       200          10
    19      49         47          9          105       230          10
    20      12         50          10          19       212          10
    21      11         14          8          2       205          10
    22      15         39          10          65       202          10
    23      39         35          9          76       220          10
    24      2         26          8          15       239          10
    25      0         17          9          18       228          10
