r946
VEHICLE
NUMBER     CAPACITY
  10         100

CUSTOMER
CUST NO.  XCOORD.   YCOORD.    DEMAND   READY TIME  DUE DATE   SERVICE   TIME

    0      25         25          0          0          250         0
    1      42         21          7          13       236          10
    2      46         46          10          20       216          10
    3      47         41          6          28       203          10
    4      16         47          10          93       202          10
    5      9         0          9          44       209          10
    6      24         7          8          73       232          10
    7      29         48          10          30       236          10
    8      38         6          6          76       200          10
    9      13         18          8          90       244          10
    10      16         34          9          3       223          10
    11      29         38          8          20       247          10
    12      14         19          10          103       227          10
    13      16         19          10          100       246          10
    14      28         38          10          48       247          10
    15      23         44          8          30       202          10
    16      48         31          6          20       242          10
    17      4         15          7          38       240          10
    18      34         47          9          76       225          10
    19      28         36          9          77       211          10
    20      40         5          9          24       213          10
    21      27         7          6          48       218          10
    22      32         9          9          101       208          10
    23      2         16          5          104       228          10
    24      18         29          8          9       214          10
    25      39         44          7          39       225          10
