r947
VEHICLE
NUMBER     CAPACITY
  10         100

CUSTOMER
CUST NO.  XCOORD.   YCOORD.    DEMAND   READY TIME  DUE DATE   SERVICE   TIME

    0      25         25          0          0          250         0
    1      5         5          8          17       223          10
    2      21         1          6          25       201          10
    3      38         16          10          32       233          10
    4      26         7          9          39       228          10
    5      12         15          10          43       214          10
    6      44         4          10          102       216          10
    7      24         37          8          56       238          10
    8      33         30          9          58       221          10
    9      2         3          7          103       229          10
    10      13         1          10          48       227          10
    11      46         42          10          68       235          10
    12      49         29          8          58       213          10
    13      12         3          6          42       220          10
    14      29         48          7          31       242          10
    15      21         8          10          45       250          10
    16      2         27          5          109       201          10
    17      33         37          10          64       216          10
    18      37         50          10          89       240          10
    19      29         44          5          56       228          10
    20      37         19          7          100       219          10
    21      33         45          10          110       238          10
    22      33         3          9          4       238          10
    23      37         43          7          33       218          10
    24      35         16          10          56       237          10
    25      21         4          6          46       235          10
