r949
VEHICLE
NUMBER     CAPACITY
  10         100

CUSTOMER
CUST NO.  XCOORD.   YCOORD.    DEMAND   READY TIME  DUE DATE   SERVICE   TIME

    0      25         25          0          0          250         0
    1      19         10          8          71       241          10
    2      42         50          5          67       222          10
    3      40         37          10          119       214          10
    4      10         42          8          76       215          10
    5      38         48          7          54       245          10
    6      41         32          10          63       227          10
    7      17         25          5          117       213          10
    8      46         15          7          63       222          10
    9      33         1          6          16       243          10
    10      13         3          8          96       217          10
    11      20         4          5          30       238          10
    12      21         43          6          72       229          10
    13      19         48          8          13       214          10
    14      14         29          7          99       241          10
    15      26         33          10          47       214          10
    16      28         8          5          51       214          10
    17      20         21          8          2       206          10
    18      24         34          8          53       224          10
    19      43         23          9          113       210          10
    20      49         49          9          62       213          10
    21      47         18          6          88       232          10
    22      50         0          10          104       236          10
    23      27         29          10          99       230          10
    24      12         24          6          59       222          10
    25      43         42          8          78       216          10
