r950
VEHICLE
NUMBER     CAPACITY
  10         100

CUSTOMER
CUST NO.  XCOORD.   YCOORD.    DEMAND   READY TIME  DUE DATE   SERVICE   TIME

    0      25         25          0          0          250         0
    1      5         48          9          27       240          10
    2      31         10          9          23       247          10
    3      9         9          6          50       242          10
    4      4         47          9          52       209          10
    5      49         27          9          18       243          10
    6      2         20          6          43       220          10
    7      45         2          9          101       244          10
    8      45         18          5          77       214          10
    9      37         43          9          78       207          10
    10      6         0          5          68       204          10
    11      23         4          8          93       231          10
    12      17         36          8          23       226          10
    13      30         36          8          100       232          10
    14      35         12          5          96       248          10
    15      48         20          6          32       224          10
    16      14         1          5          116       213          10
    17      36         10          9          37       238          10
    18      12         23          5          112       240          10
    19      25         41          7          108       246          10
    20      44         50          7          13       247          10
    21      30         46          9          69       210          10
    22      33         48          10          98       208          10
    23      28         17          6          11       247          10
    24      50         20          5          8       243          10
    25      21         28          7          7       208          10
