r952
VEHICLE
NUMBER     CAPACITY
  10         100

CUSTOMER
CUST NO.  XCOORD.   YCOORD.    DEMAND   READY TIME  DUE DATE   SERVICE   TIME

    0      25         25          0          0          250         0
    1      29         12          10          94       248          10
    2      26         15          8          30       243          10
    3      16         21          5          59       218          10
    4      29         26          7          109       232          10
    5      35         42          8          1       232          10
    6      21         46          5          119       207          10
    7      22         23          10          56       244          10
    8      35         48          5          56       208          10
    9      44         40          10          118       202          10
    10      37         41          10          94       238          10
    11      41         3          6          43       232          10
    12      21         3          9          95       218          10
    13      14         40          6          26       240          10
    14      19         13          7          14       211          10
    15      17         6          7          72       213          10
    16      48         48          10          107       214          10
    17      22         4          9          65       213          10
    18      41         0          6          38       222          10
    19      21         17          7          19       215          10
    20      40         33          7          34       207          10
    21      7         15          5          22       231          10
    22      8         38          5          21       237          10
    23      48         16          5          117       245          10
    24      27         46          7          119       225          10
    25      18         20          9          5       243          10
