r953
VEHICLE
NUMBER     CAPACITY
  10         100

CUSTOMER
CUST NO.  XCOORD.   YCOORD.    DEMAND   READY TIME  DUE DATE   SERVICE   TIME

    0      25         25          0          0          250         0
    1      40         30          9          71       229          10
    2      39         2          6          20       209          10
    3      33         45          8          13       245          10
    4      9         22          7          0       207          10
    5      12         27          10          46       246          10
    6      47         14          6          59       207          10
    7      36         22          7          7       245          10
    8      14         29          5          55       235          10
    9      8         41          9          43       242          10
    10      6         10          7          78       227          10
    11      5         26          5          11       247          10
    12      43         45          9          71       238          10
    13      44         42          8          22       229          10
    14      42         49          6          116       221          10
    15      41         30          8          21       237          10
    16      44         31          10          4       236          10
    17      29         40          6          36       208          10
    18      33         45          5          82       217          10
    19      26         23          8          14       201          10
    20      27         43          5          115       241          10
    21      24         23          5          110       213          10
    22      42         20          9          119       208          10
    23      35         1          5          75       213          10
    24      37         20          10          42       236          10
    25      12         44          8          16       246          10
