r954
VEHICLE
NUMBER     CAPACITY
  10         100

CUSTOMER
CUST NO.  XCOORD.   YCOORD.    DEMAND   READY TIME  DUE DATE   SERVICE   TIME

    0      25         25          0          0          250         0
    1      4         14          10          24       237          10
    2      6         22          10          70       212          10
    3      0         45          10          110       231          10
    4      18         40          6          85       202          10
    5      29         6          8          37       230          10
    6      39         35          6          24       249          10
    7      32         25          5          112       214          10
    8      36         23          10          107       227          10
    9      21         0          7          55       235          10
    10      39         36          6          61       229          10
    11      38         25          6          18       241          10
    12      21         2          6          114       228          10
    13      40         41          5          91       202          10
    14      11         28          10          100       236          10
    15      45         22          7          59       237          10
    16      48         28          10          90       226          10
    17      14         38          7          43       220          10
    18      1         19          7          101       225          10
    19      22         38          5          37       205          10
    20      24         22          6          14       209          10
    21      0         2          5          10       224          10
    22      32         50          5          48       229          10
    23      10         24          7          57       215          10
    24      49         13          6          59       212          10
    25      19         44          5          43       225          10
