r956
VEHICLE
NUMBER     CAPACITY
  10         100

CUSTOMER
CUST NO.  XCOORD.   YCOORD.    DEMAND   READY TIME  DUE DATE   SERVICE   TIME

    0      25         25          0          0          250         0
    1      49         50          9          96       230          10
    2      7         39          9          16       247          10
    3      18         22          10          5       219          10
    4      49         9          10          100       207          10
    5      50         28          6          111       249          10
    6      30         42          5          86       235          10
    7      1         19          6          88       218          10
    8      29         48          10          80       250          10
    9      42         7          9          73       217          10
    10      10         23          9          78       233          10
    11      16         9          7          111       245          10
    12      12         33          9          88       217          10
    13      0         28          6          113       234          10
    14      14         39          8          117       231          10
    15      29         33          10          69       229          10
    16      47         43          7          41       222          10
    17      25         34          9          0       228          10
    18      20         32          7          43       207          10
    19      44         50          7          105       203          10
    20      50         49          7          62       238          10
    21      14         50          8          93       204          10
    22      22         26          5          19       208          10
    23      16         34          8          23       218          10
    24      48         13          9          90       235          10
    25      29         6          7          9       230          10
