r957
VEHICLE
NUMBER     CAPACITY
  10         100

CUSTOMER
CUST NO.  XCOORD.   YCOORD.    DEMAND   READY TIME  DUE DATE   SERVICE   TIME

    0      25         25          0          0          250         0
    1      17         5          10          35       202          10
    2      33         16          6          37       208          10
    3      10         16          5          21       210          10
    4      24         31          9          120       233          10
    5      10         31          7          26       227          10
    6      45         18          6          85       248          10
    7      8         31          8          45       237          10
    8      4         24          5          97       238          10
    9      11         50          8          3       215          10
    10      36         21          5          45       247          10
    11      26         36          7          119       208          10
    12      19         32          8          48       236          10
    13      30         40          8          49       212          10
    14      12         22          5          12       217          10
    15      31         42          5          109       245          10
    16      2         19          9          19       208          10
    17      6         48          10          111       239          10
    18      20         38          6          53       236          10
    19      28         12          8          50       239          10
    20      41         15          6          116       242          10
    21      19         4          8          4       228          10
    22      38         46          8          16       202          10
    23      15         15          7          52       205          10
    24      19         27          10          103       231          10
    25      2         47          5          67       235          10
