r958
VEHICLE
NUMBER     CAPACITY
  10         100

CUSTOMER
CUST NO.  XCOORD.   YCOORD.    DEMAND   READY TIME  DUE DATE   SERVICE   TIME

    0      25         25          0          0          250         0
    1      13         26          8          74       220          10
    2      4         44          5          103       221          10
    3      33         14          9          115       244          10
    4      31         46          5          111       247          10
    5      47         32          6          13       227          10
    6      39         27          9          12       248          10
    7      31         38          5          16       200          10
    8      19         49          7          48       226          10
    9      3         25          9          24       250          10
    10      32         35          10          61       216          10
    11      14         2          7          34       228          10
    12      17         17          5          40       207          10
    13      43         6          9          112       208          10
    14      38         15          6          58       243          10
    15      13         13          6          96       212          10
    16      46         2          9          92       203          10
    17      30         48          10          94       203          10
    18      32         30          5          4       231          10
    19      16         0          10          108       235          10
    20      15         30          9          59       227          10
    21      43         43          6          58       224          10
    22      27         4          7          65       233          10
    23      45         7          10          65       220          10
    24      33         0          10          55       233          10
    25      24         13          10          18       250          10
