r959
VEHICLE
NUMBER     CAPACITY
  10         100

CUSTOMER
CUST NO.  XCOORD.   YCOORD.    DEMAND   READY TIME  DUE DATE   SERVICE   TIME

    0      25         25          0          0          250         0
    1      43         40          8          31       214          10
    2      6         47          6          7       250          10
    3      2         12          10          86       249          10
    4      27         43          5          65       217          10
    5      31         5          7          13       246          10
    6      13         12          6          70       205          10
    7      34         10          8          69       207          10
    8      35         41          10          45       231          10
    9      21         2          10          22       221          10
    10      42         30          8          69       218          10
    11      36         9          10          101       230          10
    12      20         6          7          33       231          10
    13      36         19          10          26       239          10
    14      32         32          6          25       232          10
    15      18         49          8          41       206          10
    16      28         44          10          88       232          10
    17      19         25          5          20       201          10
    18      29         17          10          48       218          10
    19      2         20          7          14       239          10
    20      15         3          7          15       203          10
    21      49         30          6          52       213          10
    22      24         46          6          22       227          10
    23      18         19          5          22       209          10
    24      17         24          6          39       200          10
    25      45         18          8          34       240          10
