r960
VEHICLE
NUMBER     CAPACITY
  10         100

CUSTOMER
CUST NO.  XCOORD.   YCOORD.    DEMAND   READY TIME  DUE DATE   SERVICE   TIME

    0      25         25          0          0          250         0
    1      24         8          9          88       226          10
    2      33         6          5          98       214          10
    3      44         14          7          27       235          10
    4      36         26          10          119       236          10
    5      24         26          9          9       241          10
    6      42         2          8          55       209          10
    7      26         9          5          12       236          10
    8      48         20          8          53       207          10
    9      6         33          8          22       205          10
    10      12         23          10          80       243          10
    11      45         28          9          94       242          10
    12      1         19          6          11       213          10
    13      46         49          5          71       225          10
    14      2         24          6          113       210          10
    15      17         26          5          58       214          10
    16      22         3          9          90       207          10
    17      22         46          9          65       214          10
    18      1         23          10          64       225          10
    19      17         42          8          85       239          10
    20      50         33          6          116       232          10
    21      47         23          9          7       224          10
    22      44         20          9          103       213          10
    23      7         11          5          105       208          10
    24      18         4          8          99       211          10
    25      3         9          10          69       203          10
