r962
VEHICLE
NUMBER     CAPACITY
  10         100

CUSTOMER
CUST NO.  XCOORD.   YCOORD.    DEMAND   READY TIME  DUE DATE   SERVICE   TIME

    0      25         25          0          0          250         0
    1      12         44          10          109       221          10
    2      5         18          6          15       205          10
    3      11         49          6          75       200          10
    4      49         0          10          50       238          10
    5      40         5          9          75       248          10
    6      44         18          9          31       214          10
    7      20         39          5          110       218          10
    8      20         5          6          59       235          10
    9      9         32          8          25       209          10
    10      8         32          6          110       203          10
    11      26         17          7          28       245          10
    12      41         46          9          20       246          10
    13      17         27          5          105       206          10
    14      6         36          5          35       235          10
    15      40         48          5          110       215          10
    16      38         40          8          100       233          10
    17      41         13          7          28       235          10
    18      15         32          7          95       236          10
    19      14         24          9          78       210          10
    20      23         43          9          51       231          10
    21      12         32          9          115       210          10
    22      44         39          5          39       244          10
    23      2         22          10          34       209          10
    24      47         25          6          80       209          10
    25      48         12          9          28       200          10
