r968
VEHICLE
NUMBER     CAPACITY
  10         100

CUSTOMER
CUST NO.  XCOORD.   YCOORD.    DEMAND   READY TIME  DUE DATE   SERVICE   TIME

    0      25         25          0          0          250         0
    1      44         20          9          55       244          10
    2      39         41          7          33       225          10
    3      13         32          6          100       239          10
    4      47         29          5          50       234          10
    5      6         31          10          8       218          10
    6      36         1          10          118       212          10
    7      35         50          7          84       240          10
    8      21         49          5          80       206          10
    9      3         25          10          110       241          10
    10      12         39          6          1       212          10
    11      20         18          5          80       245          10
    12      16         37          6          79       247          10
    13      2         42          5          62       222          10
    14      40         16          10          65       232          10
    15      42         43          10          24       237          10
    16      27         7          6          66       210          10
    17      14         2          7          49       209          10
    18      9         17          6          85       239          10
    19      16         17          5          54       222          10
    20      12         11          10          29       244          10
    21      33         1          5          86       204          10
    22      26         35          5          11       201          10
    23      34         31          8          46       223          10
    24      46         49          10          42       203          10
    25      42         46          9          43       202          10
