r971
VEHICLE
NUMBER     CAPACITY
  10         100

CUSTOMER
CUST NO.  XCOORD.   YCOORD.    DEMAND   READY TIME  DUE DATE   SERVICE   TIME

    0      25         25          0          0          250         0
    1      50         49          6          64       224          10
    2      23         14          9          54       207          10
    3      15         41          5          70       232          10
    4      39         19          10          43       250          10
    5      27         40          7          94       229          10
    6      24         27          7          86       212          10
    7      50         28          10          42       249          10
    8      50         3          10          6       223          10
    9      23         29          9          16       242          10
    10      4         33          10          105       217          10
    11      19         41          7          51       240          10
    12      0         22          9          3       206          10
    13      20         6          8          78       249          10
    14      37         16          7          97       241          10
    15      19         37          10          94       233          10
    16      44         21          5          59       233          10
    17      48         41          7          74       220          10
    18      33         23          8          24       221          10
    19      31         16          10          101       239          10
    20      30         36          6          71       221          10
    21      23         19          9          83       208          10
    22      3         24          7          6       202          10
    23      36         24          7          67       206          10
    24      33         31          5          10       215          10
    25      0         32          8          24       214          10
