r973
VEHICLE
NUMBER     CAPACITY
  10         100

CUSTOMER
CUST NO.  XCOORD.   YCOORD.    DEMAND   READY TIME  DUE DATE   SERVICE   TIME

    0      25         25          0          0          250         0
    1      18         47          5          21       210          10
    2      5         49          10          111       226          10
    3      48         45          8          65       235          10
    4      43         28          8          110       221          10
    5      16         12          8          29       213          10
    6      48         49          8          85       225          10
    7      43         4          6          58       228          10
    8      47         2          5          120       236          10
    9      31         17          10          11       201          10
    10      41         35          8          49       238          10
    11      8         29          8          36       226          10
    12      14         14          10          0       249          10
    13      21         2          10          20       233          10
    14      39         47          5          42       236          10
    15      37         18          6          16       211          10
    16      43         42          8          28       249          10
    17      3         39          10          4       222          10
    18      23         50          6          22       219          10
    19      49         33          5          98       208          10
    20      42         50          10          54       209          10
    21      38         11          8          15       212          10
    22      16         22          6          94       231          10
    23      47         23          7          64       222          10
    24      11         10          6          37       227          10
    25      13         26          9          88       207          10
