r978
VEHICLE
NUMBER     CAPACITY
  10         100

CUSTOMER
CUST NO.  XCOORD.   YCOORD.    DEMAND   READY TIME  DUE DATE   SERVICE   TIME

    0      25         25          0          0          250         0
    1      11         41          9          7       222          10
    2      1         7          10          9       220          10
    3      49         26          5          42       217          10
    4      2         40          7          6       203          10
    5      2         5          10          52       241          10
    6      47         40          8          90       249          10
    7      12         22          7          104       230          10
    8      20         47          10          35       249          10
    9      24         19          5          32       243          10
    10      24         23          5          10       216          10
    11      13         39          8          65       219          10
    12      1         44          10          92       214          10
    13      18         42          8          10       212          10
    14      16         24          6          2       205          10
    15      50         33          7          103       242          10
    16      43         3          8          96       214          10
    17      46         17          10          52       211          10
    18      25         14          8          45       217          10
    19      46         2          10          22       224          10
    20      8         43          6          109       221          10
    21      37         21          9          9       235          10
    22      21         39          9          106       240          10
    23      26         37          6          111       238          10
    24      7         26          8          70       232          10
    25      14         28          8          107       211          10
