r982
VEHICLE
NUMBER     CAPACITY
  10         100

CUSTOMER
CUST NO.  XCOORD.   YCOORD.    DEMAND   READY TIME  DUE DATE   SERVICE   TIME

    0      25         25          0          0          250         0
    1      3         2          10          110       200          10
    2      29         5          7          57       228          10
    3      30         17          7          22       204          10
    4      30         36          5          82       225          10
    5      37         39          8          53       201          10
    6      39         49          5          112       247          10
    7      17         37          10          47       234          10
    8      5         42          9          9       237          10
    9      21         35          9          2       223          10
    10      48         33          5          83       238          10
    11      37         46          7          29       242          10
    12      6         15          9          108       220          10
    13      31         22          9          91       244          10
    14      14         36          8          30       248          10
    15      1         36          9          117       234          10
    16      33         12          6          111       215          10
    17      16         10          10          2       234          10
    18      34         18          9          20       218          10
    19      27         13          8          74       200          10
    20      19         27          9          8       226          10
    21      1         35          8          80       246          10
    22      36         20          7          76       235          10
    23      22         11          5          54       204          10
    24      41         40          8          73       201          10
    25      31         20          5          98       246          10
