r983
VEHICLE
NUMBER     CAPACITY
  10         100

CUSTOMER
CUST NO.  XCOORD.   YCOORD.    DEMAND   READY TIME  DUE DATE   SERVICE   TIME

    0      25         25          0          0          250         0
    1      32         49          7          52       243          10
    2      38         26          9          28       245          10
    3      1         28          10          26       221          10
    4      37         13          7          103       235          10
    5      16         32          7          76       243          10
    6      15         9          10          119       223          10
    7      37         8          5          21       228          10
    8      36         43          5          100       238          10
    9      14         29          7          117       231          10
    10      28         40          6          31       235          10
    11      0         23          9          37       241          10
    12      11         3          9          17       246          10
    13      27         39          5          74       234          10
    14      40         0          5          106       238          10
    15      44         39          9          50       248          10
    16      15         28          5          40       233          10
    17      17         29          7          94       214          10
    18      37         33          8          14       209          10
    19      10         47          9          92       246          10
    20      0         33          5          57       222          10
    21      13         27          6          39       232          10
    22      26         28          6          2       231          10
    23      16         47          10          52       235          10
    24      18         22          6          117       235          10
    25      35         47          7          66       222          10
