r985
VEHICLE
NUMBER     CAPACITY
  10         100

CUSTOMER
CUST NO.  XCOORD.   YCOORD.    DEMAND   READY TIME  DUE DATE   SERVICE   TIME

    0      25         25          0          0          250         0
    1      18         23          8          98       205          10
    2      32         13          10          66       203          10
    3      25         15          10          103       234          10
    4      47         1          6          73       200          10
    5      45         22          5          93       201          10
    6      8         32          5          28       245          10
    7      31         19          6          117       224          10
    8      25         39          6          25       203          10
    9      15         17          7          56       250          10
    10      13         6          7          46       213          10
    11      43         30          7          8       247          10
    12      12         3          6          64       240          10
    13      12         3          8          44       241          10
    14      42         40          8          78       216          10
    15      0         32          8          64       241          10
    16      48         12          10          57       216          10
    17      37         0          8          96       208          10
    18      0         2          6          23       238          10
    19      13         36          8          41       212          10
    20      44         21          9          85       228          10
    21      10         38          6          22       214          10
    22      10         29          7          51       250          10
    23      10         47          8          30       210          10
    24      14         17          6          61       208          10
    25      15         13          7          3       211          10
