r986
VEHICLE
NUMBER     CAPACITY
  10         100

CUSTOMER
CUST NO.  XCOORD.   YCOORD.    DEMAND   READY TIME  DUE DATE   SERVICE   TIME

    0      25         25          0          0          250         0
    1      31         12          9          89       228          10
    2      13         1          8          119       212          10
    3      38         25          9          4       205          10
    4      44         9          10          19       226          10
    5      29         44          10          60       233          10
    6      24         1          6          72       238          10
    7      35         49          7          1       233          10
    8      13         14          7          9       227          10
    9      41         34          8          18       245          10
    10      28         17          9          70       234          10
    11      35         2          10          31       228          10
    12      6         21          5          85       238          10
    13      34         4          9          3       202          10
    14      8         47          6          51       236          10
    15      45         28          6          29       234          10
    16      9         50          6          80       230          10
    17      8         39          9          91       237          10
    18      14         37          9          111       250          10
    19      12         40          6          105       218          10
    20      3         1          10          37       216          10
    21      31         21          7          78       232          10
    22      33         28          7          110       226          10
    23      19         4          8          109       241          10
    24      9         26          9          24       208          10
    25      13         7          9          109       250          10
