r987
VEHICLE
NUMBER     CAPACITY
  10         100

CUSTOMER
CUST NO.  XCOORD.   YCOORD.    DEMAND   READY TIME  DUE DATE   SERVICE   TIME

    0      25         25          0          0          250         0
    1      4         11          6          79       204          10
    2      7         7          7          42       250          10
    3      49         2          7          27       206          10
    4      28         12          10          84       233          10
    5      37         24          7          2       242          10
    6      26         14          9          26       213          10
    7      37         15          8          59       201          10
    8      17         5          7          110       209          10
    9      50         35          6          73       203          10
    10      26         34          9          88       228          10
    11      46         16          10          93       214          10
    12      40         46          8          79       243          10
    13      47         33          10          48       215          10
    14      33         46          6          39       233          10
    15      13         7          7          19       207          10
    16      16         1          10          41       229          10
    17      18         47          9          84       231          10
    18      16         7          8          83       237          10
    19      11         48          9          10       238          10
    20      17         48          6          82       231          10
    21      27         5          7          88       231          10
    22      27         25          7          115       233          10
    23      43         49          5          37       235          10
    24      31         19          6          114       225          10
    25      1         34          10          60       222          10
