r991
VEHICLE
NUMBER     CAPACITY
  10         100

CUSTOMER
CUST NO.  XCOORD.   YCOORD.    DEMAND   READY TIME  DUE DATE   SERVICE   TIME

    0      25         25          0          0          250         0
    1      10         13          8          85       232          10
    2      9         50          8          5       218          10
    3      39         21          8          118       203          10
    4      29         9          8          118       250          10
    5      48         24          9          87       223          10
    6      10         21          10          77       216          10
    7      40         17          9          73       246          10
    8      15         45          6          65       243          10
    9      2         4          7          12       234          10
    10      45         9          8          24       223          10
    11      30         1          7          43       236          10
    12      30         44          8          23       203          10
    13      14         24          5          42       247          10
    14      42         5          10          77       224          10
    15      4         34          10          104       210          10
    16      28         7          7          21       218          10
    17      33         36          9          33       243          10
    18      47         32          10          110       216          10
    19      6         45          8          23       245          10
    20      7         35          9          114       228          10
    21      27         36          9          98       212          10
    22      15         43          8          94       201          10
    23      32         0          6          1       225          10
    24      19         0          5          17       235          10
    25      45         49          10          114       220          10
