r994
VEHICLE
NUMBER     CAPACITY
  10         100

CUSTOMER
CUST NO.  XCOORD.   YCOORD.    DEMAND   READY TIME  DUE DATE   SERVICE   TIME

    0      25         25          0          0          250         0
    1      1         10          8          27       231          10
    2      16         45          7          91       234          10
    3      16         20          6          120       217          10
    4      19         38          5          4       208          10
    5      45         37          10          1       208          10
    6      32         46          6          47       221          10
    7      49         3          9          39       209          10
    8      16         25          5          0       216          10
    9      12         28          10          17       222          10
    10      27         1          7          116       232          10
    11      0         2          5          71       200          10
    12      38         9          8          21       220          10
    13      19         22          10          92       201          10
    14      39         0          8          17       222          10
    15      27         14          10          65       224          10
    16      15         46          10          80       237          10
    17      43         0          9          114       230          10
    18      24         48          8          102       211          10
    19      4         44          8          102       240          10
    20      36         36          10          17       239          10
    21      6         9          5          69       227          10
    22      25         3          8          41       245          10
    23      2         12          7          67       211          10
    24      41         20          9          56       211          10
    25      16         32          10          24       224          10
