r995
VEHICLE
NUMBER     CAPACITY
  10         100

CUSTOMER
CUST NO.  XCOORD.   YCOORD.    DEMAND   READY TIME  DUE DATE   SERVICE   TIME

    0      25         25          0          0          250         0
    1      34         9          9          0       246          10
    2      33         9          10          74       231          10
    3      20         25          6          36       202          10
    4      8         20          8          71       212          10
    5      40         18          7          13       202          10
    6      17         6          10          16       208          10
    7      5         39          9          14       241          10
    8      1         0          7          38       233          10
    9      44         10          5          30       232          10
    10      16         4          7          117       237          10
    11      24         5          6          34       231          10
    12      34         50          6          118       200          10
    13      27         17          10          26       226          10
    14      31         15          6          63       242          10
    15      37         35          7          71       209          10
    16      2         33          7          100       212          10
    17      6         11          7          67       239          10
    18      8         42          6          57       213          10
    19      17         11          10          117       230          10
    20      22         48          7          98       207          10
    21      33         19          5          78       242          10
    22      17         18          5          12       205          10
    23      42         32          9          11       201          10
    24      11         28          6          79       235          10
    25      5         28          6          72       237          10
