r997
VEHICLE
NUMBER     CAPACITY
  10         100

CUSTOMER
CUST NO.  XCOORD.   YCOORD.    DEMAND   READY TIME  DUE DATE   SERVICE   TIME

    0      25         25          0          0          250         0
    1      18         1          5          53       215          10
    2      32         14          6          62       217          10
    3      49         3          8          90       246          10
    4      48         12          9          115       204          10
    5      14         44          9          87       200          10
    6      0         9          9          50       214          10
    7      25         43          9          30       230          10
    8      33         25          5          114       217          10
    9      2         37          6          100       200          10
    10      18         18          9          52       228          10
    11      31         44          6          53       219          10
    12      9         27          5          15       202          10
    13      31         46          9          42       217          10
    14      31         7          6          76       206          10
    15      20         41          10          60       248          10
    16      20         38          9          102       227          10
    17      8         46          8          54       223          10
    18      13         9          5          92       202          10
    19      32         0          9          91       202          10
    20      26         42          10          61       208          10
    21      46         50          6          55       250          10
    22      11         20          7          57       227          10
    23      9         5          10          1       203          10
    24      45         45          6          1       210          10
    25      39         27          8          20       214          10
