r999
VEHICLE
NUMBER     CAPACITY
  10         100

CUSTOMER
CUST NO.  XCOORD.   YCOORD.    DEMAND   READY TIME  DUE DATE   SERVICE   TIME

    0      25         25          0          0          250         0
    1      38         45          7          92       211          10
    2      18         25          7          35       203          10
    3      46         44          9          68       217          10
    4      7         39          9          10       225          10
    5      18         31          7          34       229          10
    6      41         40          9          32       225          10
    7      43         33          8          26       243          10
    8      50         2          10          1       225          10
    9      2         20          7          113       250          10
    10      24         5          5          66       237          10
    11      9         48          7          28       247          10
    12      45         19          10          69       216          10
    13      21         48          8          14       200          10
    14      1         34          10          47       230          10
    15      16         34          7          91       200          10
    16      46         43          8          14       210          10
    17      9         10          5          64       222          10
    18      33         35          9          72       238          10
    19      42         37          5          110       203          10
    20      15         43          9          44       218          10
    21      10         34          9          39       232          10
    22      49         36          8          46       241          10
    23      38         31          5          104       213          10
    24      2         30          10          17       226          10
    25      41         13          6          41       247          10
