r1
VEHICLE
NUMBER     CAPACITY
  20         200

CUSTOMER
CUST NO.  XCOORD.   YCOORD.    DEMAND   READY TIME  DUE DATE   SERVICE   TIME

    0      25         25          0          0          250         0
    1      39         14          13          100       224          10
    2      50         19          14          37       243          10
    3      49         30          6          106       236          10
    4      0         17          11          40       244          10
    5      10         3          13          13       211          10
    6      10         7          15          56       241          10
    7      13         47          7          33       205          10
    8      15         9          15          81       219          10
    9      18         18          5          65       236          10
    10      34         38          9          10       221          10
    11      44         42          10          14       235          10
    12      25         24          5          134       232          10
    13      40         32          7          111       211          10
    14      32         2          7          127       236          10
    15      35         38          8          86       214          10
    16      35         25          10          14       239          10
    17      21         33          11          143       229          10
    18      33         7          14          137       212          10
    19      40         48          15          109       215          10
    20      17         42          14          132       225          10
    21      13         39          15          122       207          10
    22      5         27          13          41       200          10
    23      44         14          14          35       239          10
    24      27         39          14          131       240          10
    25      22         11          10          51       219          10
    26      25         5          9          60       241          10
    27      38         24          5          98       209          10
    28      2         34          6          81       207          10
    29      28         49          8          97       234          10
    30      39         9          10          114       212          10
    31      25         49          11          33       220          10
    32      42         45          10          60       237          10
    33      16         19          9          11       218          10
    34      45         44          7          7       236          10
    35      0         36          5          107       212          10
    36      39         20          13          84       202          10
    37      17         1          6          52       223          10
    38      49         45          13          35       226          10
    39      7         38          11          11       208          10
    40      3         19          9          140       206          10
    41      16         41          15          2       225          10
    42      47         11          15          88       248          10
    43      16         17          8          140       210          10
    44      23         23          10          77       204          10
    45      19         41          8          148       231          10
    46      45         15          14          33       224          10
    47      9         46          7          122       211          10
    48      1         50          14          91       212          10
    49      28         5          9          126       240          10
    50      13         1          10          34       231          10
