r10
VEHICLE
NUMBER     CAPACITY
  20         200

CUSTOMER
CUST NO.  XCOORD.   YCOORD.    DEMAND   READY TIME  DUE DATE   SERVICE   TIME

    0      25         25          0          0          250         0
    1      28         11          11          10       221          10
    2      36         24          6          80       250          10
    3      37         21          7          25       208          10
    4      17         36          10          147       244          10
    5      3         49          6          55       212          10
    6      4         6          10          87       235          10
    7      47         34          14          0       209          10
    8      14         2          6          80       214          10
    9      1         1          15          45       241          10
    10      49         32          7          143       212          10
    11      45         35          8          129       242          10
    12      46         1          7          67       237          10
    13      32         46          5          109       233          10
    14      28         43          7          135       204          10
    15      34         3          15          67       246          10
    16      44         40          6          61       222          10
    17      32         13          11          1       236          10
    18      7         22          5          18       204          10
    19      1         36          14          19       200          10
    20      48         35          9          111       226          10
    21      12         49          14          143       243          10
    22      40         15          5          37       206          10
    23      39         20          15          137       204          10
    24      39         7          10          61       229          10
    25      25         25          9          133       238          10
    26      26         1          9          95       206          10
    27      17         44          5          18       226          10
    28      37         18          9          129       214          10
    29      48         38          10          93       228          10
    30      29         45          15          112       243          10
    31      10         38          8          94       208          10
    32      21         20          8          20       218          10
    33      6         36          6          139       216          10
    34      49         25          5          4       230          10
    35      1         3          10          112       242          10
    36      34         9          14          66       234          10
    37      1         30          5          77       234          10
    38      2         31          8          15       231          10
    39      13         20          5          116       235          10
    40      1         17          6          13       226          10
    41      40         16          14          135       207          10
    42      14         30          10          18       216          10
    43      31         30          7          1       212          10
    44      47         26          11          43       205          10
    45      27         25          5          87       244          10
    46      48         22          14          148       244          10
    47      48         29          8          70       237          10
    48      37         20          5          122       201          10
    49      44         33          9          92       202          10
    50      31         24          15          1       244          10
