r11
VEHICLE
NUMBER     CAPACITY
  20         200

CUSTOMER
CUST NO.  XCOORD.   YCOORD.    DEMAND   READY TIME  DUE DATE   SERVICE   TIME

    0      25         25          0          0          250         0
    1      25         46          14          22       234          10
    2      18         2          12          110       221          10
    3      5         16          11          142       239          10
    4      44         24          10          78       207          10
    5      33         35          13          39       246          10
    6      20         11          6          18       229          10
    7      46         34          12          83       210          10
    8      6         35          13          49       216          10
    9      10         10          11          77       215          10
    10      13         47          15          53       238          10
    11      22         33          9          87       217          10
    12      13         23          14          149       242          10
    13      2         10          6          147       200          10
    14      47         6          13          86       247          10
    15      19         36          13          27       202          10
    16      39         18          8          133       224          10
    17      8         37          5          111       213          10
    18      5         34          8          125       219          10
    19      45         27          6          118       216          10
    20      24         25          6          28       248          10
    21      15         44          10          124       204          10
    22      9         2          13          65       205          10
    23      23         26          15          82       235          10
    24      15         40          10          93       246          10
    25      50         17          11          70       214          10
    26      17         28          11          9       213          10
    27      27         40          12          17       203          10
    28      46         29          9          129       239          10
    29      45         36          14          129       203          10
    30      35         12          10          7       241          10
    31      20         27          11          43       249          10
    32      3         20          11          21       229          10
    33      24         12          7          89       250          10
    34      22         49          15          62       231          10
    35      31         35          14          24       242          10
    36      41         3          13          94       235          10
    37      39         29          13          10       208          10
    38      12         46          9          31       235          10
    39      33         30          15          84       242          10
    40      49         3          5          89       202          10
    41      39         47          5          5       229          10
    42      11         36          10          73       235          10
    43      3         45          6          128       248          10
    44      24         48          7          133       248          10
    45      41         45          15          31       221          10
    46      15         44          13          28       207          10
    47      46         32          15          70       228          10
    48      2         28          8          80       224          10
    49      5         38          6          148       226          10
    50      17         6          14          41       207          10
