r12
VEHICLE
NUMBER     CAPACITY
  20         200

CUSTOMER
CUST NO.  XCOORD.   YCOORD.    DEMAND   READY TIME  DUE DATE   SERVICE   TIME

    0      25         25          0          0          250         0
    1      13         36          8          1       216          10
    2      6         24          6          145       205          10
    3      23         7          10          45       205          10
    4      26         5          14          71       222          10
    5      9         41          9          47       200          10
    6      43         41          9          126       250          10
    7      27         11          9          76       215          10
    8      18         23          14          122       211          10
    9      23         49          7          40       248          10
    10      31         21          5          141       216          10
    11      18         33          7          3       210          10
    12      27         27          14          45       203          10
    13      46         28          13          46       235          10
    14      35         9          9          73       247          10
    15      16         25          10          8       227          10
    16      14         49          10          42       218          10
    17      20         41          10          24       243          10
    18      37         36          6          103       211          10
    19      36         49          11          68       235          10
    20      15         7          12          91       232          10
    21      11         10          10          103       224          10
    22      10         11          8          33       233          10
    23      4         10          6          82       208          10
    24      26         13          6          137       233          10
    25      36         36          8          109       217          10
    26      6         42          13          100       200          10
    27      49         11          12          140       200          10
    28      9         19          11          80       217          10
    29      20         10          7          82       219          10
    30      44         6          11          108       243          10
    31      17         44          7          50       246          10
    32      0         48          13          150       209          10
    33      14         3          12          120       204          10
    34      10         48          13          55       238          10
    35      19         26          15          31       221          10
    36      11         27          9          15       204          10
    37      43         8          10          110       239          10
    38      31         18          13          113       245          10
    39      17         19          13          96       234          10
    40      4         27          13          95       247          10
    41      45         15          6          113       235          10
    42      36         26          11          148       222          10
    43      10         0          10          44       224          10
    44      49         38          12          9       231          10
    45      4         39          15          51       234          10
    46      27         5          6          92       222          10
    47      21         45          10          134       238          10
    48      1         45          15          116       215          10
    49      12         14          12          100       231          10
    50      26         21          12          104       230          10
