r13
VEHICLE
NUMBER     CAPACITY
  20         200

CUSTOMER
CUST NO.  XCOORD.   YCOORD.    DEMAND   READY TIME  DUE DATE   SERVICE   TIME

    0      25         25          0          0          250         0
    1      5         30          7          78       218          10
    2      22         44          15          69       229          10
    3      30         38          6          125       249          10
    4      31         33          11          0       234          10
    5      28         31          6          71       213          10
    6      32         10          7          10       248          10
    7      2         41          14          126       243          10
    8      29         5          10          81       242          10
    9      37         36          13          88       205          10
    10      10         5          12          41       238          10
    11      15         9          10          85       249          10
    12      22         12          9          57       238          10
    13      47         3          11          26       203          10
    14      24         8          11          5       229          10
    15      1         26          9          128       216          10
    16      35         34          7          105       210          10
    17      43         7          9          112       231          10
    18      27         1          15          47       205          10
    19      49         50          7          13       222          10
    20      24         27          15          50       204          10
    21      31         6          5          0       220          10
    22      33         23          5          103       213          10
    23      41         19          13          111       238          10
    24      16         6          10          80       249          10
    25      38         10          9          7       231          10
    26      32         36          7          48       214          10
    27      45         41          7          98       220          10
    28      5         26          12          58       221          10
    29      25         39          8          43       203          10
    30      2         32          5          56       248          10
    31      23         29          12          90       243          10
    32      43         27          15          103       236          10
    33      12         36          12          32       248          10
    34      47         42          8          74       232          10
    35      27         5          11          139       208          10
    36      42         24          11          7       232          10
    37      18         24          11          10       243          10
    38      42         40          7          97       201          10
    39      6         11          10          36       213          10
    40      30         49          10          31       240          10
    41      39         6          5          35       232          10
    42      28         16          11          11       205          10
    43      37         38          11          14       203          10
    44      4         9          7          113       229          10
    45      26         21          13          112       244          10
    46      38         26          12          141       218          10
    47      21         25          6          81       238          10
    48      31         14          15          101       236          10
    49      36         13          8          114       243          10
    50      47         14          5          147       245          10
