r14
VEHICLE
NUMBER     CAPACITY
  20         200

CUSTOMER
CUST NO.  XCOORD.   YCOORD.    DEMAND   READY TIME  DUE DATE   SERVICE   TIME

    0      25         25          0          0          250         0
    1      7         42          15          91       209          10
    2      44         18          15          78       240          10
    3      48         0          14          31       233          10
    4      19         6          8          61       210          10
    5      14         36          13          20       243          10
    6      36         49          7          59       215          10
    7      24         45          11          83       216          10
    8      14         9          10          100       225          10
    9      17         36          14          74       218          10
    10      9         39          6          71       236          10
    11      43         15          6          147       242          10
    12      32         5          11          114       223          10
    13      27         39          15          30       240          10
    14      29         17          11          65       226          10
    15      30         46          7          49       219          10
    16      30         16          13          98       200          10
    17      24         28          6          25       250          10
    18      2         35          10          119       231          10
    19      14         7          15          114       246          10
    20      28         27          9          36       204          10
    21      37         37          7          93       210          10
    22      18         26          11          85       245          10
    23      47         27          6          147       214          10
    24      48         25          10          87       213          10
    25      7         48          11          53       215          10
    26      21         15          9          17       202          10
    27      44         22          6          5       244          10
    28      22         12          7          128       215          10
    29      33         50          13          55       237          10
    30      3         47          8          38       205          10
    31      5         44          11          42       229          10
    32      31         21          11          13       200          10
    33      46         16          6          139       233          10
    34      44         37          12          134       248          10
    35      44         1          6          65       232          10
    36      14         23          8          94       203          10
    37      39         39          13          110       246          10
    38      23         48          9          39       245          10
    39      5         22          5          89       250          10
    40      21         13          5          139       208          10
    41      9         13          5          140       223          10
    42      36         22          5          118       211          10
    43      12         40          10          29       222          10
    44      18         33          11          69       236          10
    45      48         50          12          18       233          10
    46      29         41          14          94       237          10
    47      6         3          7          35       225          10
    48      0         9          13          135       249          10
    49      48         24          9          43       240          10
    50      48         14          9          60       227          10
