r15
VEHICLE
NUMBER     CAPACITY
  20         200

CUSTOMER
CUST NO.  XCOORD.   YCOORD.    DEMAND   READY TIME  DUE DATE   SERVICE   TIME

    0      25         25          0          0          250         0
    1      39         28          8          139       236          10
    2      36         2          5          144       218          10
    3      29         45          8          122       218          10
    4      16         17          9          47       211          10
    5      4         3          7          28       233          10
    6      10         1          13          59       202          10
    7      12         32          6          125       210          10
    8      10         21          7          35       241          10
    9      41         4          13          147       211          10
    10      1         36          6          150       215          10
    11      48         12          11          66       225          10
    12      7         8          12          136       221          10
    13      13         27          15          127       221          10
    14      40         32          7          50       204          10
    15      28         21          13          108       216          10
    16      30         32          8          65       241          10
    17      40         4          9          59       222          10
    18      0         11          7          150       208          10
    19      40         9          14          104       216          10
    20      29         6          14          115       220          10
    21      45         3          5          129       244          10
    22      38         27          9          92       225          10
    23      23         6          5          72       235          10
    24      15         6          5          3       215          10
    25      27         0          6          40       218          10
    26      9         50          15          11       250          10
    27      37         32          11          126       202          10
    28      7         13          12          69       242          10
    29      14         40          14          47       232          10
    30      35         8          13          37       207          10
    31      6         25          14          37       242          10
    32      20         5          5          13       229          10
    33      3         10          9          29       211          10
    34      31         19          12          57       249          10
    35      6         34          8          76       213          10
    36      42         33          7          18       214          10
    37      32         8          10          71       233          10
    38      42         11          8          53       240          10
    39      4         21          7          81       218          10
    40      22         14          14          98       234          10
    41      39         17          10          27       229          10
    42      36         16          14          69       247          10
    43      15         10          9          51       230          10
    44      22         20          14          89       242          10
    45      40         43          11          115       221          10
    46      37         31          11          27       218          10
    47      22         50          6          108       231          10
    48      25         29          8          52       242          10
    49      18         24          6          101       245          10
    50      30         48          9          72       209          10
