r16
VEHICLE
NUMBER     CAPACITY
  20         200

CUSTOMER
CUST NO.  XCOORD.   YCOORD.    DEMAND   READY TIME  DUE DATE   SERVICE   TIME

    0      25         25          0          0          250         0
    1      44         47          9          21       202          10
    2      26         19          8          58       238          10
    3      16         16          10          17       205          10
    4      45         40          6          88       203          10
    5      2         17          14          23       244          10
    6      37         4          9          18       238          10
    7      11         45          10          60       225          10
    8      26         14          12          132       217          10
    9      14         29          11          55       216          10
    10      35         37          14          88       224          10
    11      50         49          9          134       247          10
    12      0         8          7          25       224          10
    13      24         40          14          88       201          10
    14      28         4          10          71       213          10
    15      12         32          7          121       232          10
    16      42         24          9          89       209          10
    17      50         17          6          97       213          10
    18      30         41          7          145       209          10
    19      23         47          8          11       219          10
    20      1         8          11          17       243          10
    21      21         2          12          55       214          10
    22      20         32          11          140       228          10
    23      35         45          7          103       211          10
    24      49         20          6          80       240          10
    25      36         12          8          18       226          10
    26      6         12          9          71       246          10
    27      0         25          6          140       248          10
    28      32         20          12          150       248          10
    29      20         26          9          110       226          10
    30      20         17          13          57       247          10
    31      33         24          12          108       229          10
    32      42         16          9          63       223          10
    33      1         25          7          87       219          10
    34      5         8          6          75       241          10
    35      48         20          11          94       239          10
    36      18         48          14          65       204          10
    37      5         8          6          21       242          10
    38      13         38          10          141       223          10
    39      5         2          14          132       208          10
    40      10         36          12          70       245          10
    41      20         2          10          124       250          10
    42      46         43          13          105       224          10
    43      34         42          7          36       221          10
    44      28         14          13          65       215          10
    45      42         15          5          132       234          10
    46      26         27          14          42       208          10
    47      40         46          12          12       230          10
    48      11         21          13          29       228          10
    49      38         40          10          74       208          10
    50      22         41          14          42       209          10
