r17
VEHICLE
NUMBER     CAPACITY
  20         200

CUSTOMER
CUST NO.  XCOORD.   YCOORD.    DEMAND   READY TIME  DUE DATE   SERVICE   TIME

    0      25         25          0          0          250         0
    1      5         44          5          46       241          10
    2      44         32          8          34       228          10
    3      7         47          7          83       204          10
    4      27         29          7          114       216          10
    5      38         42          15          2       247          10
    6      11         28          12          95       233          10
    7      1         6          7          12       216          10
    8      31         3          6          147       213          10
    9      4         11          15          57       233          10
    10      21         36          6          50       245          10
    11      35         27          15          64       217          10
    12      27         29          11          87       219          10
    13      18         40          6          32       229          10
    14      43         37          11          102       210          10
    15      48         17          12          87       202          10
    16      31         17          11          120       219          10
    17      44         41          11          56       220          10
    18      24         18          9          106       229          10
    19      42         24          13          5       217          10
    20      27         22          12          41       203          10
    21      12         16          10          92       206          10
    22      28         23          14          72       248          10
    23      5         44          14          111       240          10
    24      38         29          10          29       227          10
    25      17         31          7          142       220          10
    26      0         17          5          11       233          10
    27      49         3          9          7       222          10
    28      17         47          14          90       225          10
    29      15         14          6          3       224          10
    30      26         16          13          55       203          10
    31      31         50          14          7       216          10
    32      17         23          11          114       205          10
    33      16         6          11          130       217          10
    34      0         2          10          74       230          10
    35      0         37          6          145       232          10
    36      45         19          5          132       239          10
    37      3         29          13          19       202          10
    38      19         0          15          70       232          10
    39      31         16          10          1       207          10
    40      42         37          8          109       212          10
    41      4         47          6          81       203          10
    42      14         38          13          12       208          10
    43      12         13          15          105       234          10
    44      47         0          12          29       220          10
    45      25         3          12          137       250          10
    46      3         27          10          84       224          10
    47      36         1          12          143       239          10
    48      48         27          7          92       234          10
    49      16         12          9          84       213          10
    50      19         15          15          132       225          10
