r18
VEHICLE
NUMBER     CAPACITY
  20         200

CUSTOMER
CUST NO.  XCOORD.   YCOORD.    DEMAND   READY TIME  DUE DATE   SERVICE   TIME

    0      25         25          0          0          250         0
    1      22         17          9          84       203          10
    2      4         15          9          88       238          10
    3      29         32          12          9       214          10
    4      8         40          7          125       236          10
    5      43         1          5          28       248          10
    6      46         1          5          89       250          10
    7      19         35          12          138       244          10
    8      44         33          11          58       211          10
    9      19         11          15          74       221          10
    10      25         6          13          149       201          10
    11      11         19          11          62       213          10
    12      12         30          13          96       249          10
    13      22         43          15          91       250          10
    14      1         14          12          100       228          10
    15      47         21          15          78       204          10
    16      47         7          5          122       244          10
    17      31         33          11          63       227          10
    18      18         12          10          63       208          10
    19      9         32          9          44       206          10
    20      50         13          13          54       215          10
    21      15         46          6          63       226          10
    22      36         25          6          79       240          10
    23      3         3          14          29       211          10
    24      49         37          8          139       237          10
    25      21         31          11          23       208          10
    26      42         19          5          13       219          10
    27      20         33          11          65       228          10
    28      24         4          6          38       220          10
    29      26         41          14          127       224          10
    30      48         25          7          51       243          10
    31      43         25          5          105       206          10
    32      13         18          12          98       240          10
    33      1         30          12          111       224          10
    34      9         17          9          112       250          10
    35      7         3          7          121       209          10
    36      22         40          14          111       209          10
    37      1         44          11          38       234          10
    38      8         29          7          84       228          10
    39      13         14          8          109       248          10
    40      7         37          6          89       227          10
    41      21         4          10          101       231          10
    42      20         12          10          113       226          10
    43      9         39          15          6       223          10
    44      6         6          5          92       213          10
    45      11         3          10          123       207          10
    46      46         9          7          51       235          10
    47      39         44          13          86       238          10
    48      5         49          9          67       222          10
    49      22         27          9          89       217          10
    50      44         0          13          144       221          10
