r19
VEHICLE
NUMBER     CAPACITY
  20         200

CUSTOMER
CUST NO.  XCOORD.   YCOORD.    DEMAND   READY TIME  DUE DATE   SERVICE   TIME

    0      25         25          0          0          250         0
    1      12         15          5          54       225          10
    2      6         19          11          109       218          10
    3      49         20          10          48       247          10
    4      47         4          10          113       211          10
    5      19         6          10          83       207          10
    6      33         24          9          56       200          10
    7      18         17          13          39       202          10
    8      26         3          8          38       218          10
    9      47         44          6          110       235          10
    10      17         48          15          140       229          10
    11      3         2          13          53       224          10
    12      42         30          9          126       239          10
    13      17         26          6          88       234          10
    14      39         33          11          93       243          10
    15      19         25          11          66       240          10
    16      14         13          9          67       229          10
    17      45         47          7          47       215          10
    18      4         15          14          145       223          10
    19      44         20          7          116       218          10
    20      28         17          15          55       216          10
    21      26         44          15          6       242          10
    22      13         21          8          19       248          10
    23      34         18          5          36       242          10
    24      22         3          10          68       201          10
    25      15         21          5          63       238          10
    26      36         19          13          50       221          10
    27      23         1          5          61       231          10
    28      10         26          15          23       226          10
    29      45         30          7          90       210          10
    30      8         35          7          19       226          10
    31      9         25          9          134       245          10
    32      21         29          5          136       212          10
    33      36         28          15          135       228          10
    34      2         18          15          19       207          10
    35      32         19          9          95       213          10
    36      30         21          6          106       208          10
    37      8         42          15          119       245          10
    38      11         9          7          132       242          10
    39      38         8          13          121       237          10
    40      34         50          9          20       226          10
    41      46         48          14          122       242          10
    42      29         10          13          119       227          10
    43      11         27          7          4       237          10
    44      17         3          14          136       242          10
    45      33         33          9          108       200          10
    46      27         32          7          56       225          10
    47      2         8          15          22       232          10
    48      30         43          8          117       207          10
    49      12         0          5          81       250          10
    50      39         12          6          76       223          10
