r2
VEHICLE
NUMBER     CAPACITY
  20         200

CUSTOMER
CUST NO.  XCOORD.   YCOORD.    DEMAND   READY TIME  DUE DATE   SERVICE   TIME

    0      25         25          0          0          250         0
    1      36         12          9          60       228          10
    2      42         14          7          75       226          10
    3      27         41          10          42       239          10
    4      50         6          8          34       233          10
    5      20         24          12          45       220          10
    6      1         50          8          33       231          10
    7      39         35          13          38       221          10
    8      50         42          11          19       216          10
    9      25         33          7          6       231          10
    10      39         1          14          74       200          10
    11      30         8          9          60       244          10
    12      21         6          5          83       212          10
    13      5         17          11          100       204          10
    14      12         40          5          108       206          10
    15      44         45          12          103       211          10
    16      28         4          10          81       245          10
    17      45         26          13          58       236          10
    18      16         16          10          50       200          10
    19      45         34          12          65       241          10
    20      16         37          11          106       240          10
    21      35         27          5          80       242          10
    22      19         7          14          141       234          10
    23      39         48          12          72       250          10
    24      11         45          13          26       225          10
    25      31         27          10          21       240          10
    26      14         25          13          102       205          10
    27      25         43          14          89       207          10
    28      11         26          13          104       209          10
    29      32         3          5          62       226          10
    30      24         21          6          120       211          10
    31      20         23          11          73       201          10
    32      10         6          15          96       240          10
    33      29         6          12          27       249          10
    34      23         2          13          48       219          10
    35      22         20          8          4       228          10
    36      7         12          15          52       245          10
    37      3         20          9          145       243          10
    38      50         7          8          84       234          10
    39      24         2          13          61       227          10
    40      37         27          10          48       238          10
    41      45         31          10          143       208          10
    42      23         23          7          119       225          10
    43      30         48          10          128       249          10
    44      23         32          7          27       234          10
    45      9         49          15          93       209          10
    46      27         34          7          62       200          10
    47      38         42          13          147       231          10
    48      35         6          7          136       244          10
    49      42         11          8          81       206          10
    50      49         5          12          83       226          10
