r20
VEHICLE
NUMBER     CAPACITY
  20         200

CUSTOMER
CUST NO.  XCOORD.   YCOORD.    DEMAND   READY TIME  DUE DATE   SERVICE   TIME

    0      25         25          0          0          250         0
    1      47         29          13          17       230          10
    2      11         14          14          25       227          10
    3      38         23          7          126       215          10
    4      21         39          11          85       211          10
    5      35         48          14          126       231          10
    6      24         33          11          8       224          10
    7      45         9          12          120       215          10
    8      42         35          10          119       236          10
    9      27         22          13          68       216          10
    10      44         24          13          122       203          10
    11      11         28          5          134       241          10
    12      26         13          6          42       245          10
    13      13         17          15          3       210          10
    14      11         47          13          81       229          10
    15      38         19          9          50       208          10
    16      14         17          5          126       218          10
    17      15         6          6          134       236          10
    18      49         47          9          124       239          10
    19      14         39          14          3       244          10
    20      8         3          6          85       220          10
    21      19         8          8          58       242          10
    22      29         5          9          139       202          10
    23      23         2          8          78       213          10
    24      23         42          7          110       249          10
    25      6         40          7          69       247          10
    26      8         0          13          135       228          10
    27      10         31          6          118       224          10
    28      7         27          10          64       206          10
    29      29         14          15          17       244          10
    30      24         3          12          130       231          10
    31      4         31          7          72       241          10
    32      9         36          6          138       214          10
    33      24         35          13          50       228          10
    34      35         12          15          5       231          10
    35      29         22          7          92       239          10
    36      30         20          12          3       228          10
    37      29         10          10          30       239          10
    38      32         44          11          120       244          10
    39      40         7          14          69       231          10
    40      33         1          14          0       237          10
    41      7         27          10          51       244          10
    42      22         25          9          126       208          10
    43      5         15          9          4       208          10
    44      8         49          9          4       210          10
    45      45         47          9          108       203          10
    46      11         43          15          29       237          10
    47      18         42          14          37       226          10
    48      34         7          10          129       200          10
    49      28         2          5          141       235          10
    50      0         5          11          16       202          10
