r21
VEHICLE
NUMBER     CAPACITY
  20         200

CUSTOMER
CUST NO.  XCOORD.   YCOORD.    DEMAND   READY TIME  DUE DATE   SERVICE   TIME

    0      25         25          0          0          250         0
    1      22         13          7          51       232          10
    2      18         35          14          128       246          10
    3      20         18          12          5       202          10
    4      45         26          15          120       233          10
    5      50         32          15          69       239          10
    6      31         17          11          34       238          10
    7      38         1          12          70       241          10
    8      43         27          15          24       232          10
    9      5         30          13          59       220          10
    10      27         18          14          4       240          10
    11      0         18          12          126       246          10
    12      12         14          11          36       240          10
    13      7         43          6          13       231          10
    14      37         23          15          113       209          10
    15      20         34          12          23       248          10
    16      32         43          6          17       204          10
    17      6         34          8          59       246          10
    18      49         47          7          68       232          10
    19      4         24          8          3       211          10
    20      47         8          7          33       220          10
    21      33         33          7          139       220          10
    22      34         22          12          2       239          10
    23      36         4          9          60       234          10
    24      8         24          6          38       215          10
    25      41         5          6          44       206          10
    26      11         35          7          85       223          10
    27      37         48          13          46       211          10
    28      44         38          14          29       200          10
    29      12         50          6          52       212          10
    30      20         14          9          20       216          10
    31      32         32          7          35       248          10
    32      44         49          14          85       227          10
    33      4         26          6          15       242          10
    34      7         14          11          78       211          10
    35      45         43          14          8       223          10
    36      29         12          10          58       234          10
    37      19         38          7          6       209          10
    38      39         44          15          123       205          10
    39      8         5          12          26       247          10
    40      22         43          9          124       245          10
    41      19         9          10          108       210          10
    42      17         20          6          15       213          10
    43      46         26          10          108       225          10
    44      9         50          11          29       228          10
    45      49         30          5          60       247          10
    46      46         19          9          101       221          10
    47      49         40          12          61       212          10
    48      24         49          9          51       219          10
    49      5         45          7          91       224          10
    50      15         21          7          111       234          10
