r22
VEHICLE
NUMBER     CAPACITY
  20         200

CUSTOMER
CUST NO.  XCOORD.   YCOORD.    DEMAND   READY TIME  DUE DATE   SERVICE   TIME

    0      25         25          0          0          250         0
    1      31         26          9          74       242          10
    2      2         3          15          109       231          10
    3      33         32          11          124       218          10
    4      44         9          9          65       207          10
    5      10         4          5          60       232          10
    6      35         6          9          123       249          10
    7      41         35          11          116       204          10
    8      6         22          5          18       224          10
    9      20         42          8          74       220          10
    10      38         9          11          81       237          10
    11      7         14          12          15       218          10
    12      49         46          10          112       216          10
    13      3         31          7          114       228          10
    14      35         11          7          132       229          10
    15      35         2          7          93       220          10
    16      46         48          10          109       219          10
    17      1         7          12          53       216          10
    18      23         0          7          117       230          10
    19      40         33          8          54       230          10
    20      16         44          11          9       227          10
    21      23         9          13          10       244          10
    22      32         22          10          84       244          10
    23      31         8          11          141       224          10
    24      24         16          15          73       209          10
    25      8         25          6          86       236          10
    26      13         50          9          84       208          10
    27      18         28          11          83       243          10
    28      11         33          15          124       237          10
    29      1         23          15          58       203          10
    30      33         24          5          38       215          10
    31      38         29          7          51       223          10
    32      8         27          5          36       241          10
    33      6         20          5          79       224          10
    34      8         24          5          68       205          10
    35      37         42          10          108       213          10
    36      32         9          8          60       213          10
    37      32         10          10          147       229          10
    38      8         13          7          77       236          10
    39      25         46          11          62       222          10
    40      46         38          12          88       216          10
    41      0         44          12          13       229          10
    42      13         44          14          4       220          10
    43      43         33          15          27       244          10
    44      16         32          15          3       231          10
    45      50         8          12          76       239          10
    46      12         22          7          132       227          10
    47      47         6          9          43       215          10
    48      50         28          13          73       214          10
    49      3         17          11          17       213          10
    50      38         4          6          121       235          10
