r23
VEHICLE
NUMBER     CAPACITY
  20         200

CUSTOMER
CUST NO.  XCOORD.   YCOORD.    DEMAND   READY TIME  DUE DATE   SERVICE   TIME

    0      25         25          0          0          250         0
    1      27         43          15          55       240          10
    2      2         5          13          83       228          10
    3      47         16          8          71       217          10
    4      25         5          7          16       225          10
    5      50         50          11          20       222          10
    6      46         40          12          29       229          10
    7      16         24          7          27       202          10
    8      47         9          10          56       246          10
    9      40         13          14          14       239          10
    10      43         2          13          75       220          10
    11      20         7          8          58       208          10
    12      42         23          14          110       238          10
    13      19         35          13          89       242          10
    14      31         15          5          104       210          10
    15      28         43          15          19       217          10
    16      18         4          5          145       223          10
    17      21         34          10          51       227          10
    18      39         24          15          78       205          10
    19      37         34          13          77       207          10
    20      20         48          6          101       226          10
    21      46         32          14          116       244          10
    22      4         23          14          43       232          10
    23      1         22          5          6       245          10
    24      17         48          12          86       212          10
    25      13         47          11          145       248          10
    26      11         49          11          114       200          10
    27      11         43          12          107       234          10
    28      7         43          8          57       221          10
    29      19         15          8          91       242          10
    30      42         17          10          26       206          10
    31      13         37          5          50       245          10
    32      4         39          9          72       227          10
    33      40         2          5          104       227          10
    34      46         24          12          39       238          10
    35      9         24          15          143       214          10
    36      10         39          7          146       246          10
    37      24         36          15          0       209          10
    38      47         7          12          96       208          10
    39      46         39          7          77       231          10
    40      42         16          15          85       229          10
    41      3         36          15          26       214          10
    42      39         4          11          107       245          10
    43      19         24          12          133       222          10
    44      49         50          11          41       234          10
    45      37         35          11          72       218          10
    46      3         1          6          25       221          10
    47      35         25          9          57       225          10
    48      20         12          5          33       201          10
    49      28         19          10          18       216          10
    50      1         15          13          130       212          10
