r24
VEHICLE
NUMBER     CAPACITY
  20         200

CUSTOMER
CUST NO.  XCOORD.   YCOORD.    DEMAND   READY TIME  DUE DATE   SERVICE   TIME

    0      25         25          0          0          250         0
    1      26         21          15          76       239          10
    2      19         49          8          82       202          10
    3      18         38          7          54       242          10
    4      25         31          11          32       238          10
    5      0         6          10          11       219          10
    6      13         44          15          100       223          10
    7      47         1          11          27       244          10
    8      36         9          12          111       217          10
    9      35         16          13          46       215          10
    10      27         38          8          49       212          10
    11      30         6          9          145       207          10
    12      18         5          13          137       228          10
    13      7         43          7          78       217          10
    14      37         33          10          37       246          10
    15      32         9          12          28       235          10
    16      13         4          14          138       208          10
    17      28         14          11          28       202          10
    18      39         14          11          25       247          10
    19      38         41          7          127       207          10
    20      45         18          6          31       243          10
    21      31         31          10          24       238          10
    22      19         40          5          9       219          10
    23      42         0          15          21       216          10
    24      2         2          13          144       229          10
    25      0         19          11          81       250          10
    26      23         10          12          27       235          10
    27      39         50          6          88       235          10
    28      22         7          14          92       200          10
    29      9         28          10          123       250          10
    30      26         33          6          118       230          10
    31      50         50          11          150       200          10
    32      41         14          9          4       208          10
    33      49         15          14          129       222          10
    34      5         43          12          32       238          10
    35      4         28          5          86       210          10
    36      37         11          7          8       243          10
    37      32         20          6          82       237          10
    38      18         31          11          71       247          10
    39      5         42          7          74       244          10
    40      26         0          12          53       229          10
    41      37         42          13          62       220          10
    42      32         6          12          36       214          10
    43      21         48          10          16       244          10
    44      47         2          6          142       205          10
    45      31         40          14          23       207          10
    46      10         26          11          43       248          10
    47      37         18          9          62       208          10
    48      2         32          14          2       213          10
    49      29         31          5          9       239          10
    50      49         21          10          20       234          10
