r25
VEHICLE
NUMBER     CAPACITY
  20         200

CUSTOMER
CUST NO.  XCOORD.   YCOORD.    DEMAND   READY TIME  DUE DATE   SERVICE   TIME

    0      25         25          0          0          250         0
    1      39         27          15          103       210          10
    2      3         0          7          116       216          10
    3      14         30          15          69       230          10
    4      37         14          10          46       247          10
    5      28         10          5          7       240          10
    6      46         33          7          59       234          10
    7      43         17          14          8       245          10
    8      42         44          7          18       246          10
    9      19         9          5          1       204          10
    10      1         12          5          118       220          10
    11      40         50          8          123       241          10
    12      48         49          8          0       249          10
    13      46         9          15          147       246          10
    14      37         29          6          27       205          10
    15      37         49          15          81       205          10
    16      41         49          11          11       246          10
    17      47         16          10          119       221          10
    18      40         24          7          32       202          10
    19      48         4          6          107       200          10
    20      41         11          15          128       220          10
    21      2         21          13          146       216          10
    22      40         37          14          90       209          10
    23      9         32          13          147       245          10
    24      27         19          9          113       220          10
    25      45         0          10          89       207          10
    26      5         12          13          115       207          10
    27      27         27          6          95       218          10
    28      29         25          11          54       218          10
    29      32         6          11          101       248          10
    30      18         19          7          118       244          10
    31      41         0          8          55       240          10
    32      25         3          10          67       213          10
    33      15         35          11          67       206          10
    34      8         27          11          35       220          10
    35      31         5          14          39       237          10
    36      0         48          15          25       228          10
    37      5         30          12          91       229          10
    38      27         26          7          83       237          10
    39      23         44          5          125       214          10
    40      35         9          10          29       203          10
    41      31         36          15          144       229          10
    42      35         10          6          49       210          10
    43      47         36          11          112       236          10
    44      41         38          11          33       236          10
    45      24         20          9          147       249          10
    46      17         8          11          10       233          10
    47      26         13          13          24       218          10
    48      40         2          8          99       245          10
    49      47         13          8          36       202          10
    50      15         19          7          64       200          10
