r26
VEHICLE
NUMBER     CAPACITY
  20         200

CUSTOMER
CUST NO.  XCOORD.   YCOORD.    DEMAND   READY TIME  DUE DATE   SERVICE   TIME

    0      25         25          0          0          250         0
    1      38         50          5          112       207          10
    2      41         44          6          143       234          10
    3      9         47          9          28       232          10
    4      28         48          11          146       224          10
    5      10         8          10          4       216          10
    6      44         15          9          64       224          10
    7      15         46          14          16       208          10
    8      14         19          12          146       241          10
    9      25         44          6          7       207          10
    10      25         47          10          145       250          10
    11      7         46          7          91       214          10
    12      26         22          7          69       207          10
    13      40         19          8          148       213          10
    14      21         44          6          83       248          10
    15      14         49          6          29       219          10
    16      46         40          7          45       219          10
    17      43         0          6          129       210          10
    18      28         39          9          125       200          10
    19      44         3          7          14       244          10
    20      28         39          15          115       208          10
    21      14         1          5          103       238          10
    22      12         30          5          124       237          10
    23      5         16          13          12       249          10
    24      14         25          15          57       248          10
    25      25         18          10          116       207          10
    26      50         43          6          150       207          10
    27      38         28          7          112       234          10
    28      29         22          14          2       225          10
    29      44         18          9          34       239          10
    30      49         3          11          39       216          10
    31      12         34          8          139       243          10
    32      22         14          5          108       218          10
    33      3         24          14          146       215          10
    34      32         17          10          20       218          10
    35      46         32          5          136       225          10
    36      1         44          13          144       214          10
    37      12         15          11          85       221          10
    38      19         14          14          14       216          10
    39      44         40          9          8       229          10
    40      15         1          15          83       243          10
    41      50         38          8          25       214          10
    42      33         5          10          23       219          10
    43      21         20          12          135       215          10
    44      19         22          6          58       250          10
    45      39         24          8          78       218          10
    46      37         38          11          40       203          10
    47      0         26          5          94       200          10
    48      24         14          6          74       248          10
    49      28         24          14          12       204          10
    50      43         24          12          62       247          10
