r27
VEHICLE
NUMBER     CAPACITY
  20         200

CUSTOMER
CUST NO.  XCOORD.   YCOORD.    DEMAND   READY TIME  DUE DATE   SERVICE   TIME

    0      25         25          0          0          250         0
    1      18         48          11          42       214          10
    2      31         26          10          15       221          10
    3      37         48          14          64       240          10
    4      44         33          8          21       238          10
    5      50         32          14          57       225          10
    6      49         11          6          32       228          10
    7      37         24          7          133       205          10
    8      4         10          5          143       245          10
    9      26         22          12          69       244          10
    10      12         36          13          96       237          10
    11      16         32          10          140       217          10
    12      5         14          8          97       244          10
    13      37         5          13          21       202          10
    14      24         44          13          107       241          10
    15      47         27          11          13       215          10
    16      13         49          15          104       247          10
    17      28         23          8          124       205          10
    18      32         39          10          137       232          10
    19      21         27          15          86       213          10
    20      27         37          15          126       211          10
    21      11         40          10          94       242          10
    22      46         11          9          34       224          10
    23      18         44          9          44       242          10
    24      33         9          14          106       217          10
    25      3         20          7          95       243          10
    26      42         25          15          30       200          10
    27      28         38          14          12       215          10
    28      22         22          8          63       239          10
    29      42         18          6          135       210          10
    30      11         12          13          126       219          10
    31      19         13          11          34       205          10
    32      36         14          8          78       236          10
    33      34         25          11          18       222          10
    34      20         32          10          94       240          10
    35      11         21          13          24       248          10
    36      49         1          10          115       206          10
    37      27         3          14          124       210          10
    38      17         33          10          146       229          10
    39      31         10          8          107       240          10
    40      37         39          14          147       214          10
    41      14         19          7          108       213          10
    42      8         5          15          81       246          10
    43      44         7          11          57       248          10
    44      11         27          13          1       241          10
    45      0         44          6          31       214          10
    46      14         8          6          23       230          10
    47      41         35          14          69       221          10
    48      41         22          14          65       203          10
    49      14         26          14          149       223          10
    50      5         16          8          23       206          10
