r28
VEHICLE
NUMBER     CAPACITY
  20         200

CUSTOMER
CUST NO.  XCOORD.   YCOORD.    DEMAND   READY TIME  DUE DATE   SERVICE   TIME

    0      25         25          0          0          250         0
    1      37         33          5          93       220          10
    2      24         26          11          109       205          10
    3      16         32          12          41       227          10
    4      39         18          8          24       203          10
    5      16         22          11          9       217          10
    6      35         43          7          135       210          10
    7      12         12          6          31       234          10
    8      36         50          9          132       225          10
    9      32         28          14          78       219          10
    10      37         2          12          60       217          10
    11      20         33          5          113       215          10
    12      47         29          15          39       206          10
    13      3         26          12          6       203          10
    14      18         35          6          36       242          10
    15      30         27          15          44       242          10
    16      50         20          9          23       250          10
    17      1         45          15          125       216          10
    18      0         21          12          119       234          10
    19      28         6          8          43       218          10
    20      45         29          8          89       215          10
    21      10         28          10          60       214          10
    22      4         19          11          76       205          10
    23      30         27          7          61       206          10
    24      41         4          12          68       213          10
    25      7         47          14          93       225          10
    26      38         3          12          76       209          10
    27      50         36          12          25       201          10
    28      29         17          15          57       206          10
    29      40         50          13          141       243          10
    30      29         29          8          140       212          10
    31      34         34          10          77       250          10
    32      26         9          7          65       242          10
    33      26         29          12          4       221          10
    34      15         36          7          78       215          10
    35      27         1          7          15       240          10
    36      34         0          13          113       215          10
    37      44         7          14          55       223          10
    38      17         22          7          29       218          10
    39      5         25          12          57       222          10
    40      24         28          9          129       215          10
    41      45         50          5          62       205          10
    42      50         23          13          30       250          10
    43      18         17          7          49       204          10
    44      31         15          6          87       205          10
    45      45         49          8          111       215          10
    46      29         4          14          44       249          10
    47      22         48          14          22       200          10
    48      45         42          8          102       248          10
    49      37         21          6          13       249          10
    50      15         8          7          104       205          10
