r29
VEHICLE
NUMBER     CAPACITY
  20         200

CUSTOMER
CUST NO.  XCOORD.   YCOORD.    DEMAND   READY TIME  DUE DATE   SERVICE   TIME

    0      25         25          0          0          250         0
    1      23         48          5          81       235          10
    2      13         34          8          63       218          10
    3      2         11          14          26       215          10
    4      1         40          11          110       224          10
    5      28         15          7          9       209          10
    6      36         15          11          67       231          10
    7      40         21          10          27       201          10
    8      21         29          15          124       227          10
    9      30         14          14          26       231          10
    10      28         50          15          41       220          10
    11      18         5          7          113       211          10
    12      39         17          14          71       243          10
    13      38         12          12          118       210          10
    14      26         50          8          98       218          10
    15      8         3          13          24       205          10
    16      20         30          14          149       218          10
    17      2         3          13          150       201          10
    18      33         7          14          18       239          10
    19      32         34          10          10       226          10
    20      26         4          9          12       215          10
    21      21         13          7          14       225          10
    22      44         19          8          85       246          10
    23      27         4          14          38       226          10
    24      2         48          13          123       206          10
    25      37         4          15          112       246          10
    26      41         32          8          9       242          10
    27      7         26          7          20       250          10
    28      40         12          12          9       225          10
    29      10         31          8          125       231          10
    30      13         45          11          100       208          10
    31      48         30          15          1       211          10
    32      36         25          13          139       241          10
    33      45         14          12          137       208          10
    34      6         1          10          100       244          10
    35      25         39          11          14       235          10
    36      14         34          8          22       206          10
    37      22         23          9          96       247          10
    38      3         13          7          62       213          10
    39      21         17          6          91       213          10
    40      17         49          11          20       204          10
    41      35         25          6          56       202          10
    42      20         1          15          113       250          10
    43      20         16          12          123       216          10
    44      19         1          5          86       237          10
    45      22         42          8          145       233          10
    46      38         18          9          100       214          10
    47      47         45          10          144       214          10
    48      25         41          11          94       228          10
    49      23         42          10          113       245          10
    50      25         24          12          44       214          10
