r3
VEHICLE
NUMBER     CAPACITY
  20         200

CUSTOMER
CUST NO.  XCOORD.   YCOORD.    DEMAND   READY TIME  DUE DATE   SERVICE   TIME

    0      25         25          0          0          250         0
    1      5         30          5          44       222          10
    2      5         45          8          46       219          10
    3      17         0          6          55       226          10
    4      49         34          14          56       222          10
    5      48         37          14          48       221          10
    6      25         13          13          54       230          10
    7      44         5          14          36       204          10
    8      4         3          6          109       204          10
    9      16         18          9          117       242          10
    10      42         28          7          51       202          10
    11      4         44          15          72       223          10
    12      30         16          7          7       233          10
    13      17         37          10          11       212          10
    14      5         45          6          145       219          10
    15      45         15          5          63       242          10
    16      45         21          12          133       234          10
    17      34         28          10          59       212          10
    18      18         38          14          20       244          10
    19      39         10          14          118       223          10
    20      41         18          10          79       216          10
    21      26         43          13          40       236          10
    22      34         44          11          136       207          10
    23      36         4          12          138       230          10
    24      37         26          14          16       226          10
    25      22         41          9          115       204          10
    26      3         34          11          119       221          10
    27      50         5          9          150       204          10
    28      29         39          10          111       206          10
    29      11         48          14          51       216          10
    30      19         39          7          45       205          10
    31      29         42          10          17       228          10
    32      22         10          14          25       231          10
    33      8         42          8          57       249          10
    34      26         22          13          107       223          10
    35      6         9          10          144       232          10
    36      27         3          6          77       229          10
    37      37         10          11          102       228          10
    38      21         10          14          1       221          10
    39      40         14          5          13       233          10
    40      32         29          7          142       221          10
    41      31         1          9          105       211          10
    42      22         44          5          144       221          10
    43      27         6          13          149       231          10
    44      9         41          7          33       208          10
    45      0         23          6          110       244          10
    46      44         25          9          24       228          10
    47      34         44          15          76       207          10
    48      33         46          5          21       207          10
    49      7         7          9          83       239          10
    50      50         21          6          75       230          10
