r30
VEHICLE
NUMBER     CAPACITY
  20         200

CUSTOMER
CUST NO.  XCOORD.   YCOORD.    DEMAND   READY TIME  DUE DATE   SERVICE   TIME

    0      25         25          0          0          250         0
    1      19         24          12          115       229          10
    2      6         15          7          8       208          10
    3      42         21          9          82       243          10
    4      31         25          9          149       204          10
    5      12         45          11          18       229          10
    6      10         28          5          118       240          10
    7      44         35          12          128       208          10
    8      30         3          15          74       230          10
    9      40         1          13          7       245          10
    10      39         12          8          43       233          10
    11      0         40          6          113       202          10
    12      22         1          9          37       220          10
    13      12         23          11          0       218          10
    14      30         48          15          86       217          10
    15      31         7          11          51       243          10
    16      26         4          6          135       217          10
    17      18         33          13          6       240          10
    18      14         43          11          110       219          10
    19      28         39          7          2       235          10
    20      39         29          6          28       248          10
    21      7         21          6          62       203          10
    22      42         43          15          31       203          10
    23      28         29          12          38       240          10
    24      41         36          15          23       229          10
    25      46         9          11          6       204          10
    26      35         46          12          130       228          10
    27      24         45          15          7       238          10
    28      5         17          12          94       235          10
    29      48         7          5          77       222          10
    30      32         25          11          91       210          10
    31      15         5          5          43       209          10
    32      23         16          5          19       233          10
    33      45         22          8          123       203          10
    34      42         24          11          58       241          10
    35      32         39          6          115       248          10
    36      38         36          8          41       235          10
    37      47         35          13          146       243          10
    38      50         0          9          101       226          10
    39      4         9          9          27       224          10
    40      38         12          10          87       229          10
    41      28         26          9          118       221          10
    42      8         47          8          0       217          10
    43      50         43          12          85       241          10
    44      47         32          13          48       231          10
    45      6         15          13          94       206          10
    46      42         1          9          108       216          10
    47      25         10          6          12       219          10
    48      42         34          6          111       231          10
    49      27         36          15          35       225          10
    50      15         19          10          103       249          10
