r31
VEHICLE
NUMBER     CAPACITY
  20         200

CUSTOMER
CUST NO.  XCOORD.   YCOORD.    DEMAND   READY TIME  DUE DATE   SERVICE   TIME

    0      25         25          0          0          250         0
    1      45         15          12          78       245          10
    2      37         4          15          72       241          10
    3      30         31          11          84       201          10
    4      43         32          10          96       214          10
    5      26         30          8          77       203          10
    6      41         19          15          45       243          10
    7      34         39          7          149       201          10
    8      38         31          10          132       208          10
    9      14         0          11          81       226          10
    10      10         44          7          21       232          10
    11      48         4          5          94       247          10
    12      35         34          15          126       243          10
    13      39         33          7          86       200          10
    14      24         23          7          86       215          10
    15      36         43          15          43       243          10
    16      28         0          7          29       209          10
    17      24         30          5          16       212          10
    18      16         40          9          1       221          10
    19      18         23          15          132       206          10
    20      48         37          8          106       232          10
    21      37         20          12          134       245          10
    22      16         49          15          142       243          10
    23      28         0          8          1       207          10
    24      1         28          14          24       231          10
    25      16         36          14          2       211          10
    26      24         3          10          70       224          10
    27      5         17          14          14       242          10
    28      46         16          9          87       208          10
    29      11         10          14          45       211          10
    30      45         37          12          113       246          10
    31      10         36          10          36       226          10
    32      25         8          13          96       207          10
    33      50         40          12          50       244          10
    34      45         15          6          113       242          10
    35      44         21          14          98       224          10
    36      16         22          5          135       237          10
    37      18         8          15          38       237          10
    38      5         11          13          15       213          10
    39      41         34          15          97       247          10
    40      31         28          13          72       242          10
    41      5         45          7          98       231          10
    42      34         49          11          83       200          10
    43      36         0          15          77       245          10
    44      23         10          12          55       248          10
    45      13         29          11          92       249          10
    46      3         3          9          110       205          10
    47      22         12          8          62       224          10
    48      28         9          9          129       243          10
    49      34         26          5          17       206          10
    50      36         7          15          24       236          10
