r32
VEHICLE
NUMBER     CAPACITY
  20         200

CUSTOMER
CUST NO.  XCOORD.   YCOORD.    DEMAND   READY TIME  DUE DATE   SERVICE   TIME

    0      25         25          0          0          250         0
    1      29         38          13          54       224          10
    2      1         11          12          79       249          10
    3      3         47          5          5       223          10
    4      43         31          12          91       219          10
    5      39         5          15          79       209          10
    6      20         47          10          113       230          10
    7      18         17          15          137       220          10
    8      0         19          7          49       241          10
    9      9         37          9          39       215          10
    10      40         26          15          8       228          10
    11      39         36          15          71       206          10
    12      29         20          14          63       243          10
    13      44         46          10          150       247          10
    14      7         31          11          25       200          10
    15      1         10          7          61       219          10
    16      41         39          8          116       214          10
    17      32         2          10          113       243          10
    18      18         28          14          62       229          10
    19      39         10          12          20       222          10
    20      40         37          6          61       216          10
    21      29         19          15          16       229          10
    22      35         21          11          132       246          10
    23      41         12          5          37       203          10
    24      14         44          5          72       238          10
    25      37         48          15          98       223          10
    26      14         40          14          60       237          10
    27      18         44          14          116       224          10
    28      33         49          13          109       232          10
    29      33         7          7          130       238          10
    30      34         22          10          43       224          10
    31      50         26          11          84       237          10
    32      29         39          7          15       219          10
    33      30         30          12          24       210          10
    34      45         32          6          32       247          10
    35      48         2          7          84       237          10
    36      7         43          15          63       216          10
    37      19         1          14          139       225          10
    38      21         40          8          108       200          10
    39      1         50          7          129       209          10
    40      22         47          11          41       231          10
    41      3         31          10          56       204          10
    42      39         24          7          41       231          10
    43      17         19          8          141       224          10
    44      35         6          14          45       208          10
    45      45         24          15          41       202          10
    46      39         4          12          17       226          10
    47      8         19          8          85       214          10
    48      6         10          12          33       225          10
    49      42         0          5          88       210          10
    50      46         12          10          68       206          10
