r33
VEHICLE
NUMBER     CAPACITY
  20         200

CUSTOMER
CUST NO.  XCOORD.   YCOORD.    DEMAND   READY TIME  DUE DATE   SERVICE   TIME

    0      25         25          0          0          250         0
    1      38         28          8          92       235          10
    2      4         41          7          98       229          10
    3      33         18          5          109       250          10
    4      21         34          6          87       220          10
    5      24         21          5          53       240          10
    6      19         12          14          100       207          10
    7      20         14          14          140       227          10
    8      5         29          7          127       233          10
    9      42         0          9          0       236          10
    10      21         16          13          99       235          10
    11      3         36          7          80       246          10
    12      46         42          8          4       233          10
    13      44         20          14          10       249          10
    14      45         44          6          31       211          10
    15      24         19          14          60       250          10
    16      42         34          7          114       232          10
    17      42         36          6          85       217          10
    18      37         39          9          138       206          10
    19      17         9          7          98       222          10
    20      6         37          12          102       200          10
    21      38         36          11          62       203          10
    22      1         2          13          52       229          10
    23      35         20          5          7       227          10
    24      20         30          5          105       241          10
    25      5         11          10          45       226          10
    26      4         26          11          53       245          10
    27      9         45          14          101       230          10
    28      0         29          6          21       218          10
    29      41         44          8          38       232          10
    30      50         7          13          95       210          10
    31      50         6          8          94       226          10
    32      34         50          14          36       221          10
    33      3         42          9          9       215          10
    34      36         9          14          6       215          10
    35      15         20          5          13       213          10
    36      3         22          6          55       230          10
    37      35         32          10          56       240          10
    38      1         32          10          84       212          10
    39      5         44          15          74       204          10
    40      25         31          8          59       223          10
    41      11         1          12          25       232          10
    42      38         48          12          54       201          10
    43      8         37          11          56       202          10
    44      35         17          8          101       230          10
    45      20         28          9          80       231          10
    46      37         41          8          15       205          10
    47      42         21          9          66       241          10
    48      12         31          5          70       229          10
    49      33         18          12          20       236          10
    50      25         35          5          6       205          10
