r34
VEHICLE
NUMBER     CAPACITY
  20         200

CUSTOMER
CUST NO.  XCOORD.   YCOORD.    DEMAND   READY TIME  DUE DATE   SERVICE   TIME

    0      25         25          0          0          250         0
    1      5         1          11          37       232          10
    2      19         29          11          71       228          10
    3      0         38          14          83       250          10
    4      17         28          8          110       247          10
    5      31         44          8          97       239          10
    6      14         48          6          114       217          10
    7      17         25          8          100       203          10
    8      40         37          5          88       232          10
    9      12         19          12          144       235          10
    10      37         43          8          65       218          10
    11      18         25          9          46       232          10
    12      29         44          8          65       233          10
    13      23         4          9          149       231          10
    14      7         13          7          55       220          10
    15      2         3          8          145       204          10
    16      40         16          6          46       221          10
    17      17         19          7          129       208          10
    18      31         44          8          41       226          10
    19      2         40          12          43       228          10
    20      20         30          9          146       250          10
    21      38         35          9          20       204          10
    22      28         2          6          122       234          10
    23      24         28          9          88       211          10
    24      38         27          9          10       241          10
    25      12         6          6          96       213          10
    26      9         41          12          85       211          10
    27      21         48          10          57       221          10
    28      21         46          9          121       236          10
    29      43         31          11          65       242          10
    30      12         37          14          49       215          10
    31      13         37          6          97       214          10
    32      6         7          9          12       222          10
    33      26         12          10          112       214          10
    34      26         48          10          52       228          10
    35      45         48          13          73       241          10
    36      25         48          14          128       205          10
    37      0         40          10          79       241          10
    38      23         46          15          71       247          10
    39      37         46          12          11       217          10
    40      46         17          9          106       208          10
    41      16         16          11          119       213          10
    42      27         31          14          112       216          10
    43      40         41          9          132       231          10
    44      34         27          13          62       229          10
    45      40         39          8          89       224          10
    46      33         40          15          81       225          10
    47      28         7          5          84       229          10
    48      0         18          12          87       232          10
    49      30         25          7          84       215          10
    50      39         23          15          90       247          10
