r35
VEHICLE
NUMBER     CAPACITY
  20         200

CUSTOMER
CUST NO.  XCOORD.   YCOORD.    DEMAND   READY TIME  DUE DATE   SERVICE   TIME

    0      25         25          0          0          250         0
    1      19         36          7          8       236          10
    2      11         28          6          35       227          10
    3      16         48          10          32       227          10
    4      33         43          7          64       206          10
    5      41         18          5          112       220          10
    6      30         29          8          39       245          10
    7      4         24          11          97       250          10
    8      10         11          11          30       218          10
    9      37         27          10          10       230          10
    10      29         13          7          88       218          10
    11      7         45          15          142       219          10
    12      45         14          8          2       241          10
    13      28         50          6          59       216          10
    14      8         49          8          45       241          10
    15      41         38          6          81       235          10
    16      10         1          9          91       232          10
    17      10         6          10          48       211          10
    18      29         41          14          39       239          10
    19      5         41          11          119       204          10
    20      7         36          14          134       249          10
    21      39         27          5          128       246          10
    22      37         2          8          53       207          10
    23      46         8          8          50       211          10
    24      25         1          7          48       215          10
    25      49         24          9          116       215          10
    26      42         22          11          55       250          10
    27      20         41          15          101       241          10
    28      43         12          10          120       240          10
    29      11         41          8          150       249          10
    30      5         37          6          30       207          10
    31      46         15          9          87       220          10
    32      48         8          10          13       204          10
    33      14         25          8          128       250          10
    34      31         34          15          4       213          10
    35      30         35          12          114       242          10
    36      18         40          10          66       200          10
    37      13         44          11          7       209          10
    38      24         39          8          49       203          10
    39      34         32          13          115       233          10
    40      6         44          11          6       233          10
    41      36         13          14          68       247          10
    42      29         40          11          70       200          10
    43      15         42          5          78       239          10
    44      49         16          6          52       236          10
    45      39         26          7          83       204          10
    46      26         15          15          97       200          10
    47      7         44          5          117       248          10
    48      24         47          13          69       200          10
    49      44         7          12          65       243          10
    50      46         9          11          124       250          10
