r36
VEHICLE
NUMBER     CAPACITY
  20         200

CUSTOMER
CUST NO.  XCOORD.   YCOORD.    DEMAND   READY TIME  DUE DATE   SERVICE   TIME

    0      25         25          0          0          250         0
    1      29         31          7          127       200          10
    2      2         28          12          138       237          10
    3      41         36          11          115       246          10
    4      2         11          14          75       229          10
    5      6         6          10          106       221          10
    6      25         38          15          113       223          10
    7      25         36          13          19       237          10
    8      38         24          13          116       210          10
    9      41         24          13          100       221          10
    10      36         25          14          119       221          10
    11      0         41          14          112       250          10
    12      33         21          14          60       207          10
    13      6         13          14          136       225          10
    14      36         32          13          71       207          10
    15      41         12          11          1       207          10
    16      49         2          15          142       226          10
    17      26         6          15          16       221          10
    18      41         34          13          133       220          10
    19      2         48          7          49       221          10
    20      0         30          13          42       227          10
    21      42         2          7          145       225          10
    22      16         46          5          115       248          10
    23      5         37          8          150       215          10
    24      14         29          7          33       203          10
    25      35         22          8          121       249          10
    26      30         16          10          0       220          10
    27      48         27          14          146       211          10
    28      49         47          9          105       234          10
    29      29         47          9          148       230          10
    30      45         6          9          135       246          10
    31      18         6          5          99       243          10
    32      33         48          13          81       224          10
    33      50         38          15          112       206          10
    34      44         15          14          21       243          10
    35      42         36          8          112       225          10
    36      39         45          8          29       201          10
    37      29         25          8          33       228          10
    38      13         3          11          62       234          10
    39      40         45          7          119       217          10
    40      22         40          5          114       220          10
    41      31         36          5          18       204          10
    42      2         40          11          67       231          10
    43      34         34          14          17       223          10
    44      48         28          12          113       213          10
    45      18         7          14          147       249          10
    46      25         33          11          126       232          10
    47      18         36          14          69       208          10
    48      30         2          14          5       203          10
    49      20         48          7          70       232          10
    50      45         26          8          101       216          10
