r37
VEHICLE
NUMBER     CAPACITY
  20         200

CUSTOMER
CUST NO.  XCOORD.   YCOORD.    DEMAND   READY TIME  DUE DATE   SERVICE   TIME

    0      25         25          0          0          250         0
    1      49         0          7          118       216          10
    2      13         27          12          19       220          10
    3      6         12          15          136       244          10
    4      5         28          15          120       219          10
    5      44         3          14          66       236          10
    6      12         14          15          111       221          10
    7      40         31          13          124       250          10
    8      35         34          15          42       247          10
    9      5         22          10          36       202          10
    10      35         31          15          69       239          10
    11      25         11          13          115       215          10
    12      10         16          11          17       203          10
    13      45         41          8          11       226          10
    14      5         15          12          118       239          10
    15      2         37          10          136       222          10
    16      10         50          13          116       235          10
    17      16         40          9          27       243          10
    18      17         41          12          138       217          10
    19      4         7          6          116       250          10
    20      7         46          5          42       239          10
    21      14         16          9          112       243          10
    22      32         33          10          73       213          10
    23      8         38          14          58       203          10
    24      4         8          12          123       222          10
    25      4         44          12          23       237          10
    26      3         19          14          16       216          10
    27      10         23          5          88       211          10
    28      12         49          7          126       238          10
    29      48         6          7          70       228          10
    30      3         30          13          27       234          10
    31      2         46          14          91       230          10
    32      22         38          14          112       203          10
    33      40         47          10          54       211          10
    34      20         30          6          135       209          10
    35      18         6          7          14       246          10
    36      49         23          6          14       222          10
    37      42         11          11          128       246          10
    38      8         1          9          42       227          10
    39      37         32          12          117       237          10
    40      16         21          14          9       215          10
    41      48         35          7          87       203          10
    42      40         16          7          77       237          10
    43      45         15          14          122       212          10
    44      1         31          5          135       232          10
    45      16         1          8          64       208          10
    46      17         23          8          67       203          10
    47      21         3          10          8       228          10
    48      15         40          11          135       238          10
    49      11         14          14          95       203          10
    50      10         19          6          8       217          10
