r38
VEHICLE
NUMBER     CAPACITY
  20         200

CUSTOMER
CUST NO.  XCOORD.   YCOORD.    DEMAND   READY TIME  DUE DATE   SERVICE   TIME

    0      25         25          0          0          250         0
    1      1         8          7          117       250          10
    2      4         21          6          12       211          10
    3      22         50          14          34       209          10
    4      10         0          11          75       209          10
    5      39         28          6          127       213          10
    6      10         9          11          147       210          10
    7      8         14          6          11       218          10
    8      21         37          5          90       230          10
    9      40         5          14          124       223          10
    10      5         0          10          54       240          10
    11      18         45          7          31       222          10
    12      25         17          15          44       202          10
    13      10         1          15          5       226          10
    14      19         23          10          90       205          10
    15      34         29          6          55       246          10
    16      17         14          6          16       216          10
    17      30         32          10          75       223          10
    18      39         22          13          142       205          10
    19      3         4          15          144       223          10
    20      7         29          13          146       208          10
    21      38         21          9          89       218          10
    22      28         21          12          96       200          10
    23      13         3          15          98       229          10
    24      37         46          13          138       248          10
    25      36         25          5          10       232          10
    26      30         9          14          18       231          10
    27      31         20          12          147       215          10
    28      34         31          14          80       214          10
    29      14         37          6          70       223          10
    30      29         22          9          0       222          10
    31      7         25          7          71       221          10
    32      24         10          13          127       242          10
    33      48         2          8          51       245          10
    34      40         29          15          19       242          10
    35      44         28          14          75       212          10
    36      46         47          13          96       250          10
    37      20         39          14          25       231          10
    38      35         48          9          37       246          10
    39      21         22          6          71       238          10
    40      41         23          5          98       204          10
    41      39         8          12          89       223          10
    42      47         11          6          78       248          10
    43      9         17          8          79       243          10
    44      27         26          14          129       215          10
    45      20         28          13          51       242          10
    46      20         2          10          134       248          10
    47      23         35          14          11       232          10
    48      20         5          6          55       217          10
    49      23         38          5          92       240          10
    50      30         28          11          120       204          10
