r39
VEHICLE
NUMBER     CAPACITY
  20         200

CUSTOMER
CUST NO.  XCOORD.   YCOORD.    DEMAND   READY TIME  DUE DATE   SERVICE   TIME

    0      25         25          0          0          250         0
    1      38         29          15          65       247          10
    2      36         4          9          82       223          10
    3      47         38          11          108       203          10
    4      37         38          14          38       207          10
    5      37         36          8          75       240          10
    6      21         33          8          120       250          10
    7      9         4          14          21       225          10
    8      25         44          10          137       222          10
    9      37         27          5          117       231          10
    10      41         17          14          2       219          10
    11      10         46          13          104       242          10
    12      3         11          6          25       230          10
    13      48         14          9          12       240          10
    14      34         29          12          50       250          10
    15      20         14          12          112       208          10
    16      35         45          6          123       231          10
    17      36         43          10          141       213          10
    18      11         24          8          46       247          10
    19      42         33          6          97       210          10
    20      32         37          8          26       216          10
    21      3         49          13          16       247          10
    22      22         29          7          89       220          10
    23      17         50          7          81       213          10
    24      46         47          12          6       206          10
    25      21         46          14          6       213          10
    26      40         39          11          48       241          10
    27      32         42          6          10       221          10
    28      22         27          12          98       202          10
    29      23         49          11          136       215          10
    30      14         7          10          32       232          10
    31      22         46          5          134       231          10
    32      2         42          5          103       216          10
    33      32         20          9          61       235          10
    34      40         47          13          22       218          10
    35      11         35          13          50       226          10
    36      14         4          15          145       226          10
    37      11         1          12          22       242          10
    38      26         32          13          41       218          10
    39      42         6          5          97       222          10
    40      46         12          6          113       230          10
    41      38         16          6          135       212          10
    42      10         19          12          112       205          10
    43      40         41          15          150       216          10
    44      4         11          8          73       250          10
    45      18         15          5          123       242          10
    46      8         26          8          93       220          10
    47      4         20          5          46       227          10
    48      14         20          12          133       247          10
    49      32         31          11          61       222          10
    50      1         46          11          52       205          10
