r4
VEHICLE
NUMBER     CAPACITY
  20         200

CUSTOMER
CUST NO.  XCOORD.   YCOORD.    DEMAND   READY TIME  DUE DATE   SERVICE   TIME

    0      25         25          0          0          250         0
    1      13         22          6          111       240          10
    2      10         36          10          85       248          10
    3      9         38          13          55       226          10
    4      3         4          15          83       201          10
    5      19         12          11          34       240          10
    6      41         31          11          53       203          10
    7      32         31          6          39       220          10
    8      31         42          11          43       249          10
    9      4         3          10          122       241          10
    10      9         14          6          119       250          10
    11      6         15          11          136       221          10
    12      16         15          6          30       229          10
    13      6         50          11          64       218          10
    14      29         30          9          73       208          10
    15      36         39          13          120       233          10
    16      17         25          15          83       203          10
    17      23         14          6          22       246          10
    18      39         40          9          12       202          10
    19      26         20          6          79       246          10
    20      47         23          14          150       231          10
    21      27         48          9          94       245          10
    22      35         39          11          5       210          10
    23      45         10          10          30       206          10
    24      45         1          10          132       200          10
    25      29         4          9          49       224          10
    26      33         20          8          68       239          10
    27      2         9          10          2       205          10
    28      29         23          14          62       210          10
    29      3         7          5          97       242          10
    30      11         46          8          23       240          10
    31      24         16          11          15       214          10
    32      5         21          9          120       240          10
    33      19         4          9          150       219          10
    34      15         28          10          90       235          10
    35      12         15          14          12       219          10
    36      44         49          14          50       244          10
    37      38         15          15          14       226          10
    38      10         9          9          16       203          10
    39      31         46          6          92       208          10
    40      16         11          8          150       248          10
    41      44         24          7          105       246          10
    42      29         17          9          80       233          10
    43      45         41          9          33       218          10
    44      3         4          12          60       242          10
    45      47         4          10          107       245          10
    46      46         26          11          125       224          10
    47      10         29          15          105       217          10
    48      18         26          12          82       214          10
    49      38         43          14          143       217          10
    50      4         35          9          50       210          10
