r40
VEHICLE
NUMBER     CAPACITY
  20         200

CUSTOMER
CUST NO.  XCOORD.   YCOORD.    DEMAND   READY TIME  DUE DATE   SERVICE   TIME

    0      25         25          0          0          250         0
    1      29         12          13          99       232          10
    2      38         40          11          9       245          10
    3      32         44          11          26       234          10
    4      45         24          7          5       234          10
    5      19         6          10          29       206          10
    6      5         34          11          92       209          10
    7      13         40          10          118       218          10
    8      49         6          14          125       207          10
    9      11         32          15          101       227          10
    10      12         46          6          144       207          10
    11      24         21          5          130       249          10
    12      35         48          5          67       239          10
    13      48         31          9          150       250          10
    14      41         43          12          144       205          10
    15      9         29          6          45       225          10
    16      11         16          15          77       229          10
    17      26         47          13          40       202          10
    18      0         3          9          73       247          10
    19      36         18          8          10       201          10
    20      11         47          9          128       240          10
    21      43         45          15          60       236          10
    22      49         27          5          142       218          10
    23      44         5          6          16       212          10
    24      3         14          8          149       201          10
    25      45         6          15          7       212          10
    26      20         25          13          26       224          10
    27      12         1          7          137       227          10
    28      20         5          13          91       220          10
    29      1         17          11          110       236          10
    30      34         25          14          91       242          10
    31      40         40          14          70       250          10
    32      37         29          10          139       240          10
    33      16         21          10          44       225          10
    34      17         4          9          56       213          10
    35      17         12          15          138       235          10
    36      36         30          10          62       235          10
    37      22         12          12          96       229          10
    38      5         9          10          6       206          10
    39      26         20          13          65       208          10
    40      14         26          6          27       245          10
    41      42         34          5          30       250          10
    42      30         21          11          69       239          10
    43      1         11          10          31       235          10
    44      29         40          8          83       214          10
    45      35         42          5          91       245          10
    46      48         8          10          47       249          10
    47      50         13          8          64       232          10
    48      50         14          15          16       213          10
    49      37         15          9          40       233          10
    50      35         25          10          4       232          10
