r41
VEHICLE
NUMBER     CAPACITY
  20         200

CUSTOMER
CUST NO.  XCOORD.   YCOORD.    DEMAND   READY TIME  DUE DATE   SERVICE   TIME

    0      25         25          0          0          250         0
    1      42         42          10          104       223          10
    2      47         7          8          82       239          10
    3      5         7          14          70       250          10
    4      45         48          6          71       240          10
    5      43         20          7          36       217          10
    6      50         29          6          108       248          10
    7      40         19          7          98       225          10
    8      19         11          14          64       218          10
    9      37         21          10          125       241          10
    10      0         39          15          49       221          10
    11      17         20          9          123       242          10
    12      39         40          9          52       203          10
    13      4         45          9          96       218          10
    14      0         13          14          54       242          10
    15      39         11          9          58       207          10
    16      19         11          14          43       209          10
    17      7         33          15          58       226          10
    18      44         9          6          66       200          10
    19      32         33          9          70       229          10
    20      36         6          7          47       215          10
    21      47         21          11          8       246          10
    22      41         9          7          116       234          10
    23      35         49          15          29       239          10
    24      7         9          9          113       208          10
    25      35         39          11          139       215          10
    26      28         3          7          83       206          10
    27      50         19          9          146       212          10
    28      10         0          13          149       244          10
    29      16         30          14          71       227          10
    30      26         13          7          25       227          10
    31      10         16          15          110       218          10
    32      8         47          5          81       210          10
    33      47         43          9          127       213          10
    34      43         28          7          1       216          10
    35      2         38          12          31       226          10
    36      1         13          12          66       242          10
    37      23         10          8          46       236          10
    38      50         43          9          35       214          10
    39      16         14          15          89       228          10
    40      24         42          11          15       232          10
    41      41         12          5          3       220          10
    42      40         3          13          29       209          10
    43      45         23          12          6       227          10
    44      45         9          5          24       247          10
    45      3         28          10          86       227          10
    46      0         46          13          46       238          10
    47      45         0          5          135       248          10
    48      31         26          12          37       219          10
    49      22         0          8          134       250          10
    50      13         8          10          85       228          10
