r42
VEHICLE
NUMBER     CAPACITY
  20         200

CUSTOMER
CUST NO.  XCOORD.   YCOORD.    DEMAND   READY TIME  DUE DATE   SERVICE   TIME

    0      25         25          0          0          250         0
    1      19         32          11          54       228          10
    2      44         12          8          73       235          10
    3      32         0          8          0       200          10
    4      47         42          11          45       245          10
    5      2         10          14          135       239          10
    6      41         31          13          78       216          10
    7      31         32          10          148       243          10
    8      35         8          14          92       239          10
    9      10         35          15          42       240          10
    10      28         20          13          98       205          10
    11      28         2          6          62       202          10
    12      7         23          5          34       223          10
    13      48         9          11          15       228          10
    14      31         23          8          71       223          10
    15      9         36          14          124       242          10
    16      29         6          9          95       200          10
    17      24         15          8          76       219          10
    18      29         1          13          85       205          10
    19      27         13          5          125       211          10
    20      30         41          7          132       242          10
    21      29         18          8          137       228          10
    22      43         42          13          100       215          10
    23      44         2          8          35       217          10
    24      24         13          10          135       225          10
    25      7         33          15          137       211          10
    26      37         37          15          132       235          10
    27      24         10          12          100       219          10
    28      46         28          13          43       227          10
    29      6         49          12          132       240          10
    30      2         14          9          72       211          10
    31      40         41          7          112       229          10
    32      31         25          12          71       237          10
    33      20         23          7          45       224          10
    34      32         50          15          97       228          10
    35      27         15          6          72       246          10
    36      48         33          5          52       210          10
    37      39         0          13          124       218          10
    38      2         43          11          37       231          10
    39      36         28          6          107       227          10
    40      25         18          7          139       215          10
    41      43         25          6          97       249          10
    42      15         50          11          140       208          10
    43      23         10          13          0       236          10
    44      27         25          9          0       218          10
    45      17         43          6          103       210          10
    46      7         34          5          119       232          10
    47      2         43          14          32       237          10
    48      43         19          13          33       217          10
    49      18         25          12          128       240          10
    50      46         35          13          59       233          10
