r43
VEHICLE
NUMBER     CAPACITY
  20         200

CUSTOMER
CUST NO.  XCOORD.   YCOORD.    DEMAND   READY TIME  DUE DATE   SERVICE   TIME

    0      25         25          0          0          250         0
    1      38         42          7          6       244          10
    2      45         50          12          57       242          10
    3      4         32          10          90       218          10
    4      38         16          6          125       200          10
    5      5         7          12          80       217          10
    6      43         22          7          45       221          10
    7      5         38          9          24       225          10
    8      43         20          7          96       219          10
    9      25         49          12          104       201          10
    10      8         42          14          103       208          10
    11      7         25          6          44       225          10
    12      41         28          11          6       202          10
    13      33         42          14          28       235          10
    14      15         23          13          144       248          10
    15      47         1          13          18       212          10
    16      20         24          15          133       210          10
    17      24         19          7          61       202          10
    18      50         44          8          61       240          10
    19      30         0          13          41       204          10
    20      40         50          13          129       214          10
    21      22         6          7          75       221          10
    22      49         2          12          53       213          10
    23      42         6          14          85       244          10
    24      5         13          10          39       202          10
    25      42         34          9          5       220          10
    26      34         44          7          150       250          10
    27      46         14          6          63       215          10
    28      40         22          7          84       201          10
    29      12         12          11          117       202          10
    30      49         15          7          82       247          10
    31      21         1          8          120       218          10
    32      28         40          5          16       226          10
    33      10         11          13          73       221          10
    34      3         27          8          111       202          10
    35      49         25          12          113       237          10
    36      45         4          7          125       231          10
    37      1         34          8          61       226          10
    38      39         39          14          85       228          10
    39      19         7          15          116       228          10
    40      47         0          11          148       205          10
    41      26         38          8          102       235          10
    42      36         24          8          20       209          10
    43      25         36          14          135       221          10
    44      25         8          8          40       213          10
    45      30         31          6          4       210          10
    46      48         10          15          117       209          10
    47      36         38          12          122       233          10
    48      1         22          11          73       245          10
    49      38         36          9          45       233          10
    50      7         27          6          139       229          10
