r44
VEHICLE
NUMBER     CAPACITY
  20         200

CUSTOMER
CUST NO.  XCOORD.   YCOORD.    DEMAND   READY TIME  DUE DATE   SERVICE   TIME

    0      25         25          0          0          250         0
    1      19         34          15          41       223          10
    2      48         49          10          125       239          10
    3      38         11          6          61       214          10
    4      13         29          10          98       224          10
    5      20         18          9          4       233          10
    6      44         6          10          52       216          10
    7      33         5          8          46       202          10
    8      39         43          12          29       239          10
    9      16         15          13          76       204          10
    10      9         42          8          62       222          10
    11      43         42          14          150       247          10
    12      38         21          5          77       200          10
    13      50         14          9          1       213          10
    14      35         20          14          50       215          10
    15      18         45          5          148       220          10
    16      25         38          5          108       246          10
    17      42         19          14          130       221          10
    18      47         9          15          94       238          10
    19      42         16          13          65       227          10
    20      48         28          5          56       204          10
    21      30         35          15          145       233          10
    22      47         17          15          42       242          10
    23      43         2          14          42       222          10
    24      50         48          6          22       223          10
    25      49         40          14          93       208          10
    26      50         27          11          38       211          10
    27      10         22          10          65       242          10
    28      41         1          15          137       244          10
    29      9         29          7          34       222          10
    30      31         43          12          76       223          10
    31      15         23          5          147       236          10
    32      39         3          13          129       211          10
    33      29         5          6          146       201          10
    34      31         28          8          124       235          10
    35      40         49          11          114       206          10
    36      47         22          7          123       241          10
    37      32         17          6          141       221          10
    38      7         29          8          30       214          10
    39      43         46          15          40       233          10
    40      13         16          8          108       230          10
    41      31         45          6          50       239          10
    42      41         26          13          125       227          10
    43      25         24          10          9       202          10
    44      39         42          10          120       222          10
    45      6         14          10          64       223          10
    46      14         40          12          51       240          10
    47      49         15          13          128       240          10
    48      31         8          5          132       223          10
    49      29         25          11          108       233          10
    50      30         19          15          87       230          10
