r45
VEHICLE
NUMBER     CAPACITY
  20         200

CUSTOMER
CUST NO.  XCOORD.   YCOORD.    DEMAND   READY TIME  DUE DATE   SERVICE   TIME

    0      25         25          0          0          250         0
    1      32         7          9          2       218          10
    2      50         41          5          110       240          10
    3      30         38          14          131       213          10
    4      6         21          5          133       249          10
    5      35         37          10          32       233          10
    6      25         11          10          89       237          10
    7      8         48          15          134       204          10
    8      9         20          8          70       213          10
    9      38         38          12          100       200          10
    10      44         19          6          55       211          10
    11      40         36          8          85       235          10
    12      35         13          6          1       246          10
    13      38         40          10          116       222          10
    14      48         30          14          35       224          10
    15      1         13          7          6       208          10
    16      24         45          14          72       215          10
    17      11         1          6          150       208          10
    18      13         19          6          79       235          10
    19      13         19          7          1       222          10
    20      44         34          13          27       237          10
    21      3         21          13          73       232          10
    22      4         2          10          8       231          10
    23      0         34          11          102       231          10
    24      22         13          7          119       238          10
    25      6         28          15          4       223          10
    26      16         16          13          139       242          10
    27      47         19          7          61       231          10
    28      12         45          14          18       217          10
    29      38         6          11          139       244          10
    30      45         47          13          91       230          10
    31      27         16          7          14       208          10
    32      40         21          6          45       238          10
    33      47         34          9          0       215          10
    34      21         22          6          16       200          10
    35      39         30          12          129       228          10
    36      8         15          13          11       245          10
    37      4         38          5          39       208          10
    38      28         16          8          89       230          10
    39      42         43          9          11       231          10
    40      23         17          9          148       211          10
    41      39         1          15          23       221          10
    42      5         50          7          25       206          10
    43      43         46          7          55       231          10
    44      17         20          13          42       203          10
    45      23         12          7          64       226          10
    46      21         45          11          122       213          10
    47      30         39          5          120       240          10
    48      47         16          12          90       245          10
    49      23         48          13          116       215          10
    50      0         22          13          134       231          10
