r46
VEHICLE
NUMBER     CAPACITY
  20         200

CUSTOMER
CUST NO.  XCOORD.   YCOORD.    DEMAND   READY TIME  DUE DATE   SERVICE   TIME

    0      25         25          0          0          250         0
    1      46         38          15          32       220          10
    2      49         37          8          7       221          10
    3      4         7          9          25       213          10
    4      32         18          5          32       233          10
    5      9         38          8          13       232          10
    6      22         37          6          45       206          10
    7      16         13          6          92       202          10
    8      15         7          12          81       240          10
    9      48         34          9          32       239          10
    10      24         8          13          106       234          10
    11      39         49          15          107       224          10
    12      6         25          8          134       228          10
    13      2         32          14          43       235          10
    14      23         49          5          53       227          10
    15      23         11          15          37       201          10
    16      7         5          6          148       215          10
    17      4         0          15          51       248          10
    18      9         34          9          69       238          10
    19      3         1          10          51       215          10
    20      24         37          13          35       245          10
    21      26         28          5          111       218          10
    22      34         14          8          57       228          10
    23      21         6          7          42       248          10
    24      12         36          8          95       221          10
    25      30         44          9          120       216          10
    26      45         25          14          83       213          10
    27      17         33          13          134       213          10
    28      29         9          8          50       202          10
    29      13         30          10          17       220          10
    30      2         40          7          33       246          10
    31      4         1          9          70       205          10
    32      14         3          13          139       247          10
    33      3         4          13          87       235          10
    34      34         5          7          42       247          10
    35      10         4          14          147       243          10
    36      50         10          5          14       231          10
    37      23         12          15          43       200          10
    38      49         16          12          1       217          10
    39      19         50          7          9       225          10
    40      16         7          5          45       239          10
    41      44         18          6          149       234          10
    42      7         32          11          19       237          10
    43      23         12          14          61       214          10
    44      27         37          6          138       223          10
    45      15         19          10          75       240          10
    46      43         42          12          35       244          10
    47      26         23          15          125       235          10
    48      9         5          14          113       212          10
    49      7         42          8          49       225          10
    50      21         39          9          150       234          10
