r47
VEHICLE
NUMBER     CAPACITY
  20         200

CUSTOMER
CUST NO.  XCOORD.   YCOORD.    DEMAND   READY TIME  DUE DATE   SERVICE   TIME

    0      25         25          0          0          250         0
    1      30         22          9          41       203          10
    2      50         49          9          17       203          10
    3      12         35          14          141       228          10
    4      37         34          5          91       246          10
    5      13         32          14          101       228          10
    6      44         17          12          46       207          10
    7      41         23          11          70       224          10
    8      5         41          11          59       234          10
    9      13         5          7          71       233          10
    10      20         14          10          17       237          10
    11      45         19          9          130       227          10
    12      9         46          9          63       225          10
    13      4         10          5          149       236          10
    14      33         20          6          76       227          10
    15      20         44          14          105       229          10
    16      20         45          5          36       228          10
    17      27         4          14          36       228          10
    18      35         9          10          65       240          10
    19      8         43          13          95       244          10
    20      42         18          10          32       221          10
    21      11         17          5          20       209          10
    22      4         35          15          62       222          10
    23      44         40          6          34       205          10
    24      27         45          11          136       210          10
    25      26         4          11          42       207          10
    26      33         2          8          81       249          10
    27      31         38          7          34       243          10
    28      41         22          12          20       218          10
    29      21         35          14          1       221          10
    30      23         44          7          21       206          10
    31      13         18          5          38       210          10
    32      45         19          7          123       248          10
    33      7         34          14          106       226          10
    34      15         43          12          83       204          10
    35      5         46          14          85       248          10
    36      29         6          13          68       222          10
    37      7         24          5          21       219          10
    38      22         27          8          68       218          10
    39      26         45          13          104       206          10
    40      22         38          14          13       243          10
    41      42         0          7          16       207          10
    42      41         49          13          79       215          10
    43      10         12          11          43       207          10
    44      37         35          8          125       245          10
    45      45         49          9          71       210          10
    46      7         32          10          27       243          10
    47      33         6          10          102       220          10
    48      18         9          11          140       248          10
    49      46         41          5          136       233          10
    50      22         20          11          106       234          10
