r48
VEHICLE
NUMBER     CAPACITY
  20         200

CUSTOMER
CUST NO.  XCOORD.   YCOORD.    DEMAND   READY TIME  DUE DATE   SERVICE   TIME

    0      25         25          0          0          250         0
    1      18         38          5          17       224          10
    2      42         29          14          39       249          10
    3      44         17          11          109       221          10
    4      42         8          10          105       247          10
    5      25         1          10          13       214          10
    6      24         50          13          13       245          10
    7      41         33          12          131       228          10
    8      50         27          13          27       241          10
    9      35         27          7          48       237          10
    10      39         5          9          131       208          10
    11      37         18          7          59       214          10
    12      9         34          5          34       211          10
    13      14         12          7          78       239          10
    14      30         34          9          148       211          10
    15      37         32          6          129       206          10
    16      14         21          15          135       245          10
    17      34         36          7          65       250          10
    18      47         26          13          74       238          10
    19      49         23          9          127       250          10
    20      39         11          9          35       240          10
    21      5         16          13          102       246          10
    22      14         7          13          35       237          10
    23      1         33          12          144       202          10
    24      26         39          15          90       229          10
    25      24         40          11          117       214          10
    26      14         19          5          33       204          10
    27      2         49          9          147       248          10
    28      10         19          9          14       220          10
    29      23         17          9          12       228          10
    30      37         44          13          59       223          10
    31      27         17          5          57       203          10
    32      0         5          11          102       236          10
    33      42         23          12          28       246          10
    34      2         10          12          68       205          10
    35      50         22          12          109       234          10
    36      17         16          8          73       210          10
    37      32         48          12          26       220          10
    38      20         29          5          115       243          10
    39      37         46          14          87       237          10
    40      48         18          11          128       243          10
    41      3         33          10          83       209          10
    42      42         7          13          128       226          10
    43      30         17          6          42       237          10
    44      37         6          12          61       217          10
    45      34         3          6          1       221          10
    46      29         47          15          91       215          10
    47      13         26          6          18       234          10
    48      8         32          11          51       232          10
    49      26         41          8          88       210          10
    50      10         40          11          67       203          10
