r49
VEHICLE
NUMBER     CAPACITY
  20         200

CUSTOMER
CUST NO.  XCOORD.   YCOORD.    DEMAND   READY TIME  DUE DATE   SERVICE   TIME

    0      25         25          0          0          250         0
    1      16         46          6          6       202          10
    2      26         26          7          109       224          10
    3      11         24          15          58       233          10
    4      11         48          15          30       247          10
    5      34         47          12          43       204          10
    6      32         39          10          122       226          10
    7      46         20          7          115       214          10
    8      44         50          6          85       219          10
    9      30         33          12          10       229          10
    10      6         32          13          53       219          10
    11      13         22          7          59       240          10
    12      50         49          5          18       234          10
    13      43         10          7          80       240          10
    14      48         23          10          108       216          10
    15      18         14          7          127       221          10
    16      8         25          12          71       207          10
    17      49         15          15          31       223          10
    18      44         23          8          99       217          10
    19      30         13          14          62       229          10
    20      13         47          6          121       213          10
    21      49         28          8          93       202          10
    22      15         22          14          40       250          10
    23      25         18          13          52       249          10
    24      4         41          14          28       231          10
    25      9         20          15          74       236          10
    26      10         24          14          58       233          10
    27      27         25          8          27       221          10
    28      6         35          5          132       212          10
    29      38         1          15          70       225          10
    30      21         11          13          88       246          10
    31      18         11          13          99       223          10
    32      45         25          11          93       222          10
    33      24         6          11          118       224          10
    34      32         10          13          14       221          10
    35      35         38          8          120       223          10
    36      9         38          6          65       203          10
    37      39         0          7          79       203          10
    38      9         30          9          125       223          10
    39      49         27          8          46       222          10
    40      29         2          7          16       240          10
    41      48         28          8          49       211          10
    42      37         17          15          0       219          10
    43      42         19          9          12       222          10
    44      42         44          7          28       219          10
    45      37         36          5          111       207          10
    46      2         19          5          128       236          10
    47      0         47          6          4       247          10
    48      43         25          6          105       205          10
    49      43         38          14          106       202          10
    50      1         50          15          118       247          10
