r5
VEHICLE
NUMBER     CAPACITY
  20         200

CUSTOMER
CUST NO.  XCOORD.   YCOORD.    DEMAND   READY TIME  DUE DATE   SERVICE   TIME

    0      25         25          0          0          250         0
    1      49         4          10          23       231          10
    2      13         15          6          108       218          10
    3      25         49          14          120       243          10
    4      46         33          9          104       244          10
    5      11         29          9          5       224          10
    6      27         35          14          15       215          10
    7      0         43          7          70       200          10
    8      38         40          9          145       222          10
    9      38         8          6          138       216          10
    10      26         33          9          68       235          10
    11      15         1          15          138       249          10
    12      24         7          11          40       244          10
    13      38         1          15          62       249          10
    14      33         42          11          84       222          10
    15      48         16          13          146       212          10
    16      45         25          15          95       223          10
    17      50         43          14          118       207          10
    18      18         10          9          78       237          10
    19      33         15          11          52       245          10
    20      3         37          11          79       202          10
    21      43         32          9          30       234          10
    22      18         6          13          56       236          10
    23      49         39          14          77       224          10
    24      39         28          7          91       248          10
    25      45         48          11          148       207          10
    26      27         4          7          131       231          10
    27      8         27          12          84       220          10
    28      40         14          5          22       218          10
    29      5         42          13          59       239          10
    30      35         20          7          99       240          10
    31      34         15          9          115       203          10
    32      21         10          9          133       228          10
    33      36         18          10          79       248          10
    34      29         50          15          105       247          10
    35      37         20          13          3       200          10
    36      10         30          5          16       247          10
    37      34         18          5          77       230          10
    38      35         40          13          26       235          10
    39      42         40          8          132       202          10
    40      50         47          8          10       212          10
    41      27         26          14          23       236          10
    42      13         14          14          142       214          10
    43      35         15          11          15       201          10
    44      45         36          9          30       211          10
    45      1         25          6          144       213          10
    46      3         20          10          13       227          10
    47      44         2          12          78       212          10
    48      15         41          10          142       205          10
    49      21         33          15          121       226          10
    50      29         12          8          61       222          10
