r50
VEHICLE
NUMBER     CAPACITY
  20         200

CUSTOMER
CUST NO.  XCOORD.   YCOORD.    DEMAND   READY TIME  DUE DATE   SERVICE   TIME

    0      25         25          0          0          250         0
    1      33         45          8          144       217          10
    2      2         42          6          63       203          10
    3      15         45          7          115       230          10
    4      41         1          7          138       219          10
    5      17         36          5          92       243          10
    6      37         14          7          106       212          10
    7      45         3          9          102       243          10
    8      50         36          14          72       224          10
    9      41         6          5          62       209          10
    10      28         29          14          91       248          10
    11      30         31          9          67       244          10
    12      46         45          5          59       218          10
    13      24         2          5          85       220          10
    14      32         47          7          80       215          10
    15      35         29          14          116       202          10
    16      11         5          10          42       249          10
    17      40         30          11          28       226          10
    18      45         12          5          139       211          10
    19      38         14          12          131       219          10
    20      22         34          6          81       237          10
    21      46         9          6          144       202          10
    22      32         8          11          117       235          10
    23      27         32          9          132       207          10
    24      11         48          7          100       208          10
    25      11         11          13          133       242          10
    26      35         32          6          143       235          10
    27      27         3          6          149       221          10
    28      46         34          8          120       218          10
    29      14         20          7          37       229          10
    30      28         13          10          55       209          10
    31      27         27          10          73       240          10
    32      34         33          7          24       238          10
    33      41         41          7          86       214          10
    34      50         45          15          80       243          10
    35      49         12          7          4       220          10
    36      12         3          6          88       213          10
    37      44         32          13          36       200          10
    38      2         4          5          64       248          10
    39      38         1          9          60       208          10
    40      25         46          5          70       249          10
    41      47         36          9          15       243          10
    42      47         50          8          75       216          10
    43      2         24          7          92       236          10
    44      1         43          15          76       211          10
    45      38         26          14          58       215          10
    46      48         46          10          53       249          10
    47      10         19          8          17       239          10
    48      12         22          9          143       200          10
    49      5         4          5          48       240          10
    50      30         19          8          35       220          10
