r51
VEHICLE
NUMBER     CAPACITY
  20         200

CUSTOMER
CUST NO.  XCOORD.   YCOORD.    DEMAND   READY TIME  DUE DATE   SERVICE   TIME

    0      25         25          0          0          250         0
    1      12         41          10          96       204          10
    2      21         29          5          89       233          10
    3      34         25          5          107       215          10
    4      4         18          12          109       248          10
    5      1         8          11          136       242          10
    6      49         26          5          50       228          10
    7      39         44          6          94       244          10
    8      41         29          8          0       233          10
    9      37         27          9          95       218          10
    10      26         23          14          100       225          10
    11      7         39          6          41       244          10
    12      11         14          10          150       247          10
    13      1         50          7          119       228          10
    14      42         1          12          126       248          10
    15      6         21          12          134       234          10
    16      14         36          5          105       244          10
    17      8         43          11          65       248          10
    18      23         3          7          6       230          10
    19      13         44          15          1       238          10
    20      6         43          11          29       208          10
    21      41         17          15          130       225          10
    22      14         33          5          122       243          10
    23      20         43          9          56       204          10
    24      23         49          7          34       231          10
    25      19         1          5          75       205          10
    26      10         44          13          69       217          10
    27      50         46          15          52       244          10
    28      50         2          7          69       211          10
    29      1         40          9          117       223          10
    30      16         11          10          8       235          10
    31      35         45          8          112       218          10
    32      20         21          9          122       234          10
    33      5         34          11          120       205          10
    34      16         13          10          100       206          10
    35      22         43          9          102       209          10
    36      30         31          11          113       237          10
    37      22         20          5          30       228          10
    38      2         33          11          76       217          10
    39      36         28          5          124       222          10
    40      16         50          5          74       209          10
    41      12         0          9          39       228          10
    42      31         24          11          44       224          10
    43      36         48          12          78       232          10
    44      5         39          5          52       243          10
    45      26         1          12          128       242          10
    46      3         28          12          17       241          10
    47      18         5          14          124       209          10
    48      21         33          14          131       248          10
    49      4         36          9          96       220          10
    50      25         12          13          145       218          10
