r52
VEHICLE
NUMBER     CAPACITY
  20         200

CUSTOMER
CUST NO.  XCOORD.   YCOORD.    DEMAND   READY TIME  DUE DATE   SERVICE   TIME

    0      25         25          0          0          250         0
    1      40         34          15          77       227          10
    2      46         0          8          1       238          10
    3      31         27          8          57       216          10
    4      36         34          9          47       243          10
    5      50         0          11          124       227          10
    6      45         28          15          132       244          10
    7      40         29          10          75       228          10
    8      19         11          15          124       200          10
    9      16         48          13          53       209          10
    10      30         13          7          62       205          10
    11      8         41          11          41       244          10
    12      36         18          13          35       213          10
    13      47         10          7          27       233          10
    14      39         9          10          122       249          10
    15      49         10          13          41       219          10
    16      14         47          9          76       209          10
    17      15         12          5          98       236          10
    18      40         32          9          117       224          10
    19      31         5          5          53       204          10
    20      30         44          14          50       242          10
    21      30         37          13          113       206          10
    22      31         13          13          69       228          10
    23      26         46          9          77       225          10
    24      5         8          13          50       223          10
    25      46         12          13          70       227          10
    26      48         6          5          116       217          10
    27      41         40          6          5       220          10
    28      47         13          9          19       218          10
    29      6         39          13          43       222          10
    30      23         19          6          49       246          10
    31      19         13          5          45       223          10
    32      31         13          8          121       246          10
    33      26         14          9          135       231          10
    34      32         13          12          22       233          10
    35      37         7          9          65       202          10
    36      3         50          8          147       241          10
    37      15         22          10          118       218          10
    38      7         9          10          29       231          10
    39      12         18          15          29       210          10
    40      12         47          7          35       223          10
    41      24         24          9          107       216          10
    42      28         11          11          94       207          10
    43      29         0          11          127       239          10
    44      27         6          15          6       231          10
    45      15         39          12          6       220          10
    46      22         37          14          41       229          10
    47      2         45          5          35       210          10
    48      44         10          15          96       238          10
    49      45         16          6          28       213          10
    50      39         2          11          30       213          10
