r53
VEHICLE
NUMBER     CAPACITY
  20         200

CUSTOMER
CUST NO.  XCOORD.   YCOORD.    DEMAND   READY TIME  DUE DATE   SERVICE   TIME

    0      25         25          0          0          250         0
    1      11         7          7          130       237          10
    2      10         23          8          85       212          10
    3      48         27          7          38       231          10
    4      8         26          10          96       246          10
    5      12         43          13          7       249          10
    6      24         43          8          24       248          10
    7      41         21          13          144       244          10
    8      25         18          6          150       234          10
    9      31         5          14          139       240          10
    10      18         48          5          22       209          10
    11      32         22          15          131       238          10
    12      33         42          6          57       221          10
    13      39         37          11          58       215          10
    14      31         2          11          89       214          10
    15      16         49          13          101       210          10
    16      32         17          12          3       229          10
    17      50         41          11          97       250          10
    18      25         0          6          58       218          10
    19      0         28          15          48       215          10
    20      24         23          14          26       233          10
    21      7         0          9          17       236          10
    22      4         45          10          25       211          10
    23      20         47          14          69       206          10
    24      7         50          7          136       211          10
    25      41         22          10          14       230          10
    26      41         15          9          52       227          10
    27      13         23          9          102       242          10
    28      0         13          5          19       204          10
    29      33         10          14          1       203          10
    30      24         1          14          104       222          10
    31      0         27          9          102       210          10
    32      35         14          7          76       209          10
    33      11         41          10          24       203          10
    34      3         4          8          86       215          10
    35      0         12          12          12       213          10
    36      14         43          9          53       223          10
    37      47         17          7          92       200          10
    38      19         9          6          42       220          10
    39      35         33          15          126       201          10
    40      26         27          14          35       218          10
    41      44         9          11          49       231          10
    42      21         13          14          139       213          10
    43      44         24          10          79       210          10
    44      15         6          6          64       239          10
    45      27         31          8          4       242          10
    46      45         22          10          59       215          10
    47      46         2          8          9       243          10
    48      27         38          5          48       201          10
    49      38         7          11          2       212          10
    50      42         14          7          54       214          10
