r54
VEHICLE
NUMBER     CAPACITY
  20         200

CUSTOMER
CUST NO.  XCOORD.   YCOORD.    DEMAND   READY TIME  DUE DATE   SERVICE   TIME

    0      25         25          0          0          250         0
    1      45         46          8          104       220          10
    2      25         7          10          85       211          10
    3      9         22          10          140       234          10
    4      8         31          14          47       234          10
    5      23         20          13          128       212          10
    6      41         11          5          82       221          10
    7      15         33          6          65       237          10
    8      9         0          15          116       246          10
    9      18         39          6          55       237          10
    10      40         1          11          54       202          10
    11      32         12          15          106       225          10
    12      43         46          6          86       234          10
    13      6         20          9          125       221          10
    14      0         34          13          119       243          10
    15      15         21          10          33       213          10
    16      48         30          9          98       221          10
    17      45         6          8          55       226          10
    18      5         1          5          70       218          10
    19      9         26          12          110       222          10
    20      35         26          12          143       244          10
    21      22         2          13          130       233          10
    22      24         50          11          148       250          10
    23      35         43          14          20       212          10
    24      26         31          8          103       250          10
    25      11         31          9          122       210          10
    26      13         50          9          2       228          10
    27      23         47          13          117       226          10
    28      21         3          12          28       216          10
    29      14         17          7          140       218          10
    30      32         3          15          111       225          10
    31      41         22          14          30       212          10
    32      40         0          11          60       215          10
    33      30         32          14          137       230          10
    34      14         39          7          65       250          10
    35      48         33          15          59       245          10
    36      31         18          8          87       200          10
    37      20         32          12          149       238          10
    38      6         31          8          19       202          10
    39      32         27          13          97       239          10
    40      41         0          13          27       246          10
    41      48         34          14          144       238          10
    42      20         50          5          58       202          10
    43      24         42          15          148       205          10
    44      28         12          13          108       227          10
    45      31         36          10          15       209          10
    46      44         32          14          84       221          10
    47      37         44          12          86       210          10
    48      48         49          10          118       207          10
    49      34         37          8          40       239          10
    50      4         4          12          138       222          10
