r55
VEHICLE
NUMBER     CAPACITY
  20         200

CUSTOMER
CUST NO.  XCOORD.   YCOORD.    DEMAND   READY TIME  DUE DATE   SERVICE   TIME

    0      25         25          0          0          250         0
    1      4         33          8          79       218          10
    2      32         10          11          47       232          10
    3      2         16          13          1       250          10
    4      44         4          6          38       245          10
    5      26         15          6          139       222          10
    6      38         16          15          27       205          10
    7      44         27          8          121       201          10
    8      30         18          6          133       243          10
    9      43         14          15          130       232          10
    10      35         49          12          122       228          10
    11      26         19          6          100       219          10
    12      37         7          10          35       218          10
    13      32         25          8          37       222          10
    14      6         22          10          10       214          10
    15      21         22          8          110       207          10
    16      27         23          7          39       228          10
    17      37         8          7          146       208          10
    18      12         28          12          82       235          10
    19      39         7          7          95       223          10
    20      18         29          15          113       239          10
    21      49         29          7          29       221          10
    22      8         19          6          139       245          10
    23      36         17          13          116       224          10
    24      46         25          10          127       225          10
    25      38         34          15          0       222          10
    26      43         36          6          130       203          10
    27      44         49          13          144       234          10
    28      9         34          15          33       230          10
    29      32         10          11          79       235          10
    30      8         20          15          136       209          10
    31      49         28          13          139       207          10
    32      21         46          13          29       209          10
    33      40         35          6          92       220          10
    34      15         4          14          102       246          10
    35      7         12          5          90       215          10
    36      16         1          9          114       225          10
    37      35         6          7          20       204          10
    38      45         20          6          132       234          10
    39      0         22          14          95       247          10
    40      34         26          15          13       217          10
    41      15         39          13          108       243          10
    42      7         42          5          143       212          10
    43      30         28          7          20       209          10
    44      18         25          7          21       235          10
    45      35         41          13          32       200          10
    46      7         28          7          125       209          10
    47      17         24          7          116       214          10
    48      28         31          10          41       214          10
    49      1         7          10          6       249          10
    50      25         19          15          46       239          10
