r56
VEHICLE
NUMBER     CAPACITY
  20         200

CUSTOMER
CUST NO.  XCOORD.   YCOORD.    DEMAND   READY TIME  DUE DATE   SERVICE   TIME

    0      25         25          0          0          250         0
    1      7         1          15          91       232          10
    2      20         10          5          93       229          10
    3      35         43          9          59       236          10
    4      28         39          7          126       213          10
    5      23         10          5          126       211          10
    6      19         44          5          35       211          10
    7      37         41          11          126       241          10
    8      7         0          11          132       205          10
    9      19         50          7          104       245          10
    10      7         16          6          95       239          10
    11      47         48          10          78       222          10
    12      9         45          13          134       250          10
    13      10         41          7          36       247          10
    14      40         11          7          16       204          10
    15      43         23          8          77       202          10
    16      19         48          9          51       222          10
    17      10         26          11          123       224          10
    18      40         1          15          3       221          10
    19      10         45          14          8       224          10
    20      5         6          10          146       239          10
    21      39         14          5          29       249          10
    22      9         45          8          47       247          10
    23      29         45          10          132       227          10
    24      43         39          5          8       232          10
    25      38         26          8          19       212          10
    26      40         20          11          124       223          10
    27      40         0          9          19       247          10
    28      16         29          10          88       202          10
    29      41         3          10          86       204          10
    30      26         31          8          62       213          10
    31      40         18          7          13       247          10
    32      41         28          9          3       248          10
    33      40         11          5          130       218          10
    34      12         22          14          35       227          10
    35      12         40          5          13       245          10
    36      29         13          6          90       244          10
    37      23         33          9          70       240          10
    38      48         15          11          129       232          10
    39      32         14          14          14       250          10
    40      34         24          15          46       218          10
    41      28         48          11          111       232          10
    42      44         13          13          63       243          10
    43      46         31          15          3       230          10
    44      48         5          9          75       207          10
    45      6         44          11          53       227          10
    46      12         1          9          80       229          10
    47      22         11          10          84       217          10
    48      27         1          10          61       203          10
    49      16         25          8          75       239          10
    50      13         26          8          106       226          10
