r57
VEHICLE
NUMBER     CAPACITY
  20         200

CUSTOMER
CUST NO.  XCOORD.   YCOORD.    DEMAND   READY TIME  DUE DATE   SERVICE   TIME

    0      25         25          0          0          250         0
    1      15         9          9          38       201          10
    2      50         23          7          7       246          10
    3      24         29          9          22       224          10
    4      41         7          6          56       224          10
    5      18         3          7          26       240          10
    6      41         17          12          44       218          10
    7      20         21          12          55       244          10
    8      21         26          5          72       238          10
    9      45         7          10          145       223          10
    10      44         32          5          145       244          10
    11      36         47          7          48       242          10
    12      25         28          5          107       227          10
    13      22         49          11          55       246          10
    14      5         2          6          24       215          10
    15      13         17          9          89       203          10
    16      22         46          15          65       208          10
    17      30         30          10          59       208          10
    18      30         5          10          49       212          10
    19      36         20          13          57       207          10
    20      35         1          14          93       219          10
    21      1         31          11          105       228          10
    22      36         4          6          27       201          10
    23      16         22          7          10       203          10
    24      33         22          11          117       239          10
    25      18         24          5          64       238          10
    26      17         26          10          46       233          10
    27      22         49          12          101       240          10
    28      25         2          14          69       224          10
    29      24         32          14          101       213          10
    30      1         0          8          87       222          10
    31      11         20          9          23       236          10
    32      39         40          14          82       206          10
    33      40         28          5          87       238          10
    34      23         6          13          12       204          10
    35      50         50          10          21       225          10
    36      12         36          9          148       224          10
    37      36         10          11          115       241          10
    38      41         18          12          37       210          10
    39      37         1          8          7       233          10
    40      48         34          14          123       213          10
    41      27         47          7          76       202          10
    42      31         18          13          137       217          10
    43      38         44          14          29       223          10
    44      0         46          15          106       218          10
    45      25         6          14          54       236          10
    46      38         27          14          97       207          10
    47      31         39          11          99       229          10
    48      0         18          5          83       235          10
    49      43         28          9          77       248          10
    50      26         10          10          87       211          10
