r58
VEHICLE
NUMBER     CAPACITY
  20         200

CUSTOMER
CUST NO.  XCOORD.   YCOORD.    DEMAND   READY TIME  DUE DATE   SERVICE   TIME

    0      25         25          0          0          250         0
    1      47         21          14          48       249          10
    2      38         43          6          27       220          10
    3      46         4          15          60       222          10
    4      7         3          12          18       201          10
    5      8         32          11          145       225          10
    6      23         12          6          64       205          10
    7      21         19          9          4       239          10
    8      47         15          12          79       215          10
    9      33         2          10          14       247          10
    10      39         35          12          149       241          10
    11      20         23          12          27       209          10
    12      23         7          5          147       218          10
    13      46         17          6          11       210          10
    14      25         48          11          71       210          10
    15      3         17          14          43       244          10
    16      5         11          6          108       225          10
    17      25         18          12          126       213          10
    18      46         30          10          67       234          10
    19      7         15          5          62       239          10
    20      21         15          6          42       246          10
    21      5         8          13          18       248          10
    22      14         8          12          150       235          10
    23      25         25          9          15       206          10
    24      18         43          9          127       211          10
    25      26         31          8          26       244          10
    26      42         13          8          8       211          10
    27      42         29          12          6       207          10
    28      15         1          14          14       227          10
    29      27         35          13          72       200          10
    30      11         9          12          18       230          10
    31      32         0          14          99       224          10
    32      27         45          11          18       207          10
    33      33         18          5          0       243          10
    34      28         6          5          108       211          10
    35      26         7          14          81       236          10
    36      49         32          13          147       203          10
    37      6         5          11          110       230          10
    38      26         21          14          141       210          10
    39      3         33          15          61       215          10
    40      19         22          5          24       220          10
    41      20         10          9          115       238          10
    42      49         39          10          114       238          10
    43      8         0          14          20       230          10
    44      19         11          11          35       245          10
    45      31         8          6          9       204          10
    46      40         15          8          21       243          10
    47      9         0          14          75       208          10
    48      49         18          6          103       223          10
    49      50         10          8          85       247          10
    50      35         15          11          142       208          10
