r59
VEHICLE
NUMBER     CAPACITY
  20         200

CUSTOMER
CUST NO.  XCOORD.   YCOORD.    DEMAND   READY TIME  DUE DATE   SERVICE   TIME

    0      25         25          0          0          250         0
    1      23         46          12          5       212          10
    2      35         43          6          44       210          10
    3      39         8          12          150       219          10
    4      27         43          10          34       234          10
    5      6         1          10          138       229          10
    6      12         11          11          106       248          10
    7      22         43          8          109       245          10
    8      25         36          14          50       223          10
    9      14         9          13          21       222          10
    10      32         0          5          128       204          10
    11      44         16          13          56       210          10
    12      24         29          11          149       248          10
    13      10         7          14          15       206          10
    14      25         48          10          72       221          10
    15      14         25          15          6       240          10
    16      25         35          12          10       221          10
    17      10         26          8          141       201          10
    18      13         37          8          79       221          10
    19      26         39          6          10       225          10
    20      47         29          15          102       210          10
    21      44         21          13          63       243          10
    22      11         40          11          1       244          10
    23      14         30          8          105       209          10
    24      41         16          10          44       228          10
    25      33         12          15          42       202          10
    26      16         37          11          147       213          10
    27      37         3          15          81       249          10
    28      4         25          12          71       244          10
    29      36         35          14          104       218          10
    30      28         26          14          106       211          10
    31      47         30          9          138       231          10
    32      33         3          12          56       203          10
    33      19         43          10          139       220          10
    34      22         16          12          63       248          10
    35      42         42          7          146       219          10
    36      47         38          9          35       219          10
    37      4         38          12          105       206          10
    38      35         41          15          148       210          10
    39      17         12          10          44       239          10
    40      12         43          13          88       234          10
    41      27         23          6          124       207          10
    42      0         26          14          10       240          10
    43      37         46          6          107       233          10
    44      34         7          13          113       236          10
    45      1         7          14          140       212          10
    46      13         38          9          66       231          10
    47      44         1          14          47       244          10
    48      11         44          11          27       213          10
    49      27         19          12          83       214          10
    50      34         17          6          40       241          10
