r6
VEHICLE
NUMBER     CAPACITY
  20         200

CUSTOMER
CUST NO.  XCOORD.   YCOORD.    DEMAND   READY TIME  DUE DATE   SERVICE   TIME

    0      25         25          0          0          250         0
    1      7         2          5          4       232          10
    2      1         20          7          112       216          10
    3      36         41          5          53       248          10
    4      13         35          11          144       200          10
    5      42         13          13          123       232          10
    6      1         22          6          50       234          10
    7      30         27          13          80       212          10
    8      28         5          9          29       202          10
    9      27         11          8          0       207          10
    10      17         9          11          121       218          10
    11      47         34          15          139       230          10
    12      32         1          13          10       230          10
    13      26         13          11          14       226          10
    14      19         5          7          13       210          10
    15      3         19          9          66       243          10
    16      18         13          8          144       250          10
    17      29         44          5          144       210          10
    18      12         37          11          101       245          10
    19      18         24          12          46       235          10
    20      14         40          5          49       219          10
    21      14         5          8          131       248          10
    22      39         21          14          20       202          10
    23      14         24          8          111       238          10
    24      36         37          10          100       231          10
    25      5         23          12          8       231          10
    26      32         29          14          116       214          10
    27      50         44          12          55       230          10
    28      33         12          5          133       217          10
    29      6         34          13          128       219          10
    30      41         33          14          41       220          10
    31      22         33          7          118       206          10
    32      34         17          9          112       244          10
    33      19         43          12          52       243          10
    34      6         0          13          61       244          10
    35      28         48          11          57       218          10
    36      50         49          7          18       248          10
    37      9         3          15          107       229          10
    38      5         6          13          43       219          10
    39      36         43          5          34       215          10
    40      45         20          9          94       228          10
    41      1         47          8          40       224          10
    42      39         17          6          2       201          10
    43      6         17          12          121       230          10
    44      18         2          7          119       204          10
    45      38         39          7          118       224          10
    46      20         3          8          149       224          10
    47      41         44          10          59       220          10
    48      26         42          8          26       247          10
    49      2         48          8          119       205          10
    50      5         19          9          57       211          10
