r60
VEHICLE
NUMBER     CAPACITY
  20         200

CUSTOMER
CUST NO.  XCOORD.   YCOORD.    DEMAND   READY TIME  DUE DATE   SERVICE   TIME

    0      25         25          0          0          250         0
    1      41         9          12          40       230          10
    2      34         44          6          134       220          10
    3      40         40          6          99       210          10
    4      25         31          8          24       233          10
    5      46         15          9          102       244          10
    6      17         24          7          52       235          10
    7      1         29          10          150       242          10
    8      22         32          7          129       205          10
    9      21         13          9          73       219          10
    10      49         20          7          123       232          10
    11      43         25          10          26       215          10
    12      7         11          8          112       246          10
    13      9         44          11          66       230          10
    14      0         18          15          12       205          10
    15      1         18          5          37       247          10
    16      46         9          10          118       243          10
    17      46         16          15          22       244          10
    18      24         42          13          128       228          10
    19      38         19          6          144       241          10
    20      16         27          5          72       227          10
    21      8         11          6          64       217          10
    22      1         34          6          93       219          10
    23      4         43          12          119       242          10
    24      25         41          12          89       221          10
    25      37         20          14          102       231          10
    26      48         3          7          128       248          10
    27      2         9          7          104       212          10
    28      50         30          12          124       217          10
    29      0         8          11          8       237          10
    30      4         8          14          149       211          10
    31      38         4          8          112       211          10
    32      2         48          6          42       234          10
    33      18         48          14          73       229          10
    34      46         5          6          30       212          10
    35      34         26          8          5       243          10
    36      27         1          14          54       249          10
    37      28         18          5          96       201          10
    38      41         47          12          120       237          10
    39      3         28          8          137       248          10
    40      35         8          7          146       224          10
    41      23         40          10          95       205          10
    42      43         19          5          25       241          10
    43      18         45          8          81       212          10
    44      45         36          9          125       250          10
    45      16         10          6          54       216          10
    46      38         16          12          55       216          10
    47      10         26          10          145       211          10
    48      34         49          12          109       220          10
    49      3         46          15          70       249          10
    50      31         34          12          107       249          10
