r61
VEHICLE
NUMBER     CAPACITY
  20         200

CUSTOMER
CUST NO.  XCOORD.   YCOORD.    DEMAND   READY TIME  DUE DATE   SERVICE   TIME

    0      25         25          0          0          250         0
    1      34         14          5          73       212          10
    2      24         31          8          93       223          10
    3      4         31          11          87       211          10
    4      0         13          14          25       231          10
    5      25         43          7          77       229          10
    6      22         44          13          71       247          10
    7      24         40          15          98       207          10
    8      15         13          5          3       238          10
    9      17         6          11          105       224          10
    10      17         41          15          49       204          10
    11      24         33          6          39       207          10
    12      46         22          5          131       223          10
    13      33         42          10          128       214          10
    14      20         46          12          12       244          10
    15      15         20          9          122       217          10
    16      13         11          10          13       222          10
    17      23         35          15          113       225          10
    18      21         34          12          64       226          10
    19      26         18          10          80       222          10
    20      49         22          12          106       208          10
    21      17         11          11          67       240          10
    22      34         9          15          93       246          10
    23      8         4          9          64       233          10
    24      2         17          13          138       241          10
    25      13         31          9          147       232          10
    26      20         33          12          137       211          10
    27      2         35          9          139       235          10
    28      38         15          11          14       212          10
    29      0         2          14          128       239          10
    30      0         39          10          124       220          10
    31      24         45          5          127       200          10
    32      34         25          15          65       239          10
    33      35         37          10          43       207          10
    34      28         36          10          112       215          10
    35      45         47          5          31       218          10
    36      11         45          10          136       209          10
    37      45         13          8          8       220          10
    38      32         24          8          5       240          10
    39      11         11          5          130       246          10
    40      29         10          11          49       206          10
    41      19         33          7          88       205          10
    42      8         30          5          49       216          10
    43      24         18          11          20       229          10
    44      46         27          11          86       239          10
    45      20         20          12          90       220          10
    46      22         1          14          114       222          10
    47      17         4          5          54       210          10
    48      18         38          8          86       203          10
    49      31         32          15          149       245          10
    50      7         45          10          145       209          10
