r62
VEHICLE
NUMBER     CAPACITY
  20         200

CUSTOMER
CUST NO.  XCOORD.   YCOORD.    DEMAND   READY TIME  DUE DATE   SERVICE   TIME

    0      25         25          0          0          250         0
    1      2         10          11          46       228          10
    2      34         17          11          79       219          10
    3      47         48          8          102       211          10
    4      17         17          15          5       205          10
    5      27         48          9          89       208          10
    6      33         43          6          75       241          10
    7      25         0          15          87       215          10
    8      26         13          7          57       205          10
    9      48         7          8          41       237          10
    10      10         18          5          23       224          10
    11      7         1          13          114       239          10
    12      21         7          7          19       225          10
    13      5         29          15          39       247          10
    14      11         8          12          81       234          10
    15      6         30          9          142       216          10
    16      36         19          10          85       232          10
    17      15         50          10          23       229          10
    18      14         17          5          20       239          10
    19      35         47          12          140       225          10
    20      16         40          12          38       244          10
    21      34         1          9          20       235          10
    22      24         35          15          95       200          10
    23      44         43          9          79       200          10
    24      29         27          7          91       243          10
    25      2         36          10          145       219          10
    26      9         27          5          78       248          10
    27      22         12          9          85       227          10
    28      12         50          5          57       209          10
    29      16         33          6          136       206          10
    30      9         31          11          124       212          10
    31      22         3          10          142       225          10
    32      48         15          15          46       239          10
    33      1         37          14          102       246          10
    34      49         32          13          66       202          10
    35      17         46          14          10       229          10
    36      5         19          5          77       216          10
    37      0         0          10          33       208          10
    38      40         30          14          42       240          10
    39      37         15          6          112       219          10
    40      25         37          11          114       209          10
    41      16         49          15          28       235          10
    42      18         13          6          65       226          10
    43      22         11          10          144       234          10
    44      7         0          10          38       214          10
    45      1         16          7          25       226          10
    46      5         50          14          96       215          10
    47      2         13          14          2       209          10
    48      23         1          15          45       212          10
    49      7         47          6          9       212          10
    50      48         44          11          15       229          10
