r63
VEHICLE
NUMBER     CAPACITY
  20         200

CUSTOMER
CUST NO.  XCOORD.   YCOORD.    DEMAND   READY TIME  DUE DATE   SERVICE   TIME

    0      25         25          0          0          250         0
    1      49         0          6          53       226          10
    2      26         19          11          19       212          10
    3      36         21          8          64       233          10
    4      23         21          10          134       232          10
    5      9         45          10          84       235          10
    6      47         30          15          135       214          10
    7      49         25          8          20       245          10
    8      13         3          8          110       249          10
    9      4         32          13          65       228          10
    10      10         31          9          21       246          10
    11      25         2          13          98       208          10
    12      15         34          9          124       246          10
    13      7         50          14          135       215          10
    14      20         34          7          138       223          10
    15      13         16          12          56       247          10
    16      23         9          8          1       236          10
    17      30         6          10          7       222          10
    18      27         17          5          29       214          10
    19      2         34          8          54       228          10
    20      6         43          10          53       200          10
    21      39         44          9          33       209          10
    22      49         32          5          87       218          10
    23      24         4          15          130       206          10
    24      42         42          11          131       219          10
    25      24         34          10          7       215          10
    26      37         24          15          28       203          10
    27      35         37          11          60       204          10
    28      14         22          13          47       211          10
    29      15         37          11          85       206          10
    30      1         35          12          87       238          10
    31      35         30          15          74       201          10
    32      35         4          9          99       231          10
    33      32         17          12          64       237          10
    34      18         5          13          125       210          10
    35      50         9          12          94       234          10
    36      34         32          15          90       240          10
    37      42         15          15          26       247          10
    38      19         4          11          36       222          10
    39      48         13          12          63       230          10
    40      48         19          15          82       247          10
    41      11         3          12          111       244          10
    42      32         31          10          121       241          10
    43      5         25          7          81       243          10
    44      12         36          9          53       238          10
    45      17         16          5          62       234          10
    46      28         16          5          107       212          10
    47      31         1          14          96       218          10
    48      34         20          7          11       231          10
    49      12         24          15          146       227          10
    50      5         8          11          23       236          10
