r64
VEHICLE
NUMBER     CAPACITY
  20         200

CUSTOMER
CUST NO.  XCOORD.   YCOORD.    DEMAND   READY TIME  DUE DATE   SERVICE   TIME

    0      25         25          0          0          250         0
    1      47         26          11          103       203          10
    2      2         6          13          146       235          10
    3      31         12          9          6       213          10
    4      2         38          8          7       211          10
    5      6         49          8          136       215          10
    6      7         43          15          135       227          10
    7      42         48          8          125       213          10
    8      42         3          6          138       211          10
    9      14         2          5          27       207          10
    10      28         14          12          116       230          10
    11      38         30          11          51       223          10
    12      7         43          6          63       249          10
    13      30         45          5          134       201          10
    14      24         27          10          96       240          10
    15      8         38          5          92       233          10
    16      34         27          5          149       219          10
    17      46         0          6          69       246          10
    18      50         21          9          78       225          10
    19      31         15          14          16       224          10
    20      39         39          13          48       210          10
    21      24         16          9          14       230          10
    22      47         6          8          67       225          10
    23      24         10          10          125       201          10
    24      26         21          5          89       203          10
    25      37         33          7          82       238          10
    26      34         47          10          39       200          10
    27      25         23          8          107       245          10
    28      12         32          12          85       246          10
    29      50         24          13          131       218          10
    30      13         4          10          109       217          10
    31      27         46          12          29       244          10
    32      15         6          11          42       250          10
    33      46         14          9          108       201          10
    34      33         12          5          41       247          10
    35      50         40          6          140       245          10
    36      48         35          8          79       243          10
    37      6         16          13          45       201          10
    38      5         8          9          67       234          10
    39      37         0          5          143       210          10
    40      13         50          11          54       232          10
    41      20         50          9          120       230          10
    42      41         0          12          149       220          10
    43      47         28          9          21       246          10
    44      46         20          5          81       246          10
    45      42         33          6          58       229          10
    46      5         1          13          113       209          10
    47      47         0          7          52       243          10
    48      4         38          13          7       227          10
    49      6         17          9          141       203          10
    50      19         21          6          79       211          10
