r65
VEHICLE
NUMBER     CAPACITY
  20         200

CUSTOMER
CUST NO.  XCOORD.   YCOORD.    DEMAND   READY TIME  DUE DATE   SERVICE   TIME

    0      25         25          0          0          250         0
    1      34         14          15          109       217          10
    2      15         27          8          116       239          10
    3      7         40          10          74       242          10
    4      5         24          15          29       239          10
    5      29         25          11          39       240          10
    6      15         27          14          148       210          10
    7      30         45          8          12       225          10
    8      35         35          5          116       231          10
    9      22         33          10          122       224          10
    10      35         45          9          30       207          10
    11      5         41          12          146       212          10
    12      6         40          10          76       242          10
    13      43         37          13          114       243          10
    14      34         17          14          22       244          10
    15      42         15          14          85       249          10
    16      17         14          12          63       200          10
    17      43         30          15          81       205          10
    18      48         45          13          3       209          10
    19      27         7          9          124       212          10
    20      13         5          7          105       202          10
    21      22         33          8          150       212          10
    22      28         10          8          62       244          10
    23      5         36          5          93       249          10
    24      38         34          15          123       244          10
    25      39         23          5          83       243          10
    26      37         9          12          72       234          10
    27      17         37          13          33       246          10
    28      29         44          14          23       247          10
    29      34         37          13          123       210          10
    30      23         38          11          127       244          10
    31      30         47          12          12       232          10
    32      33         47          10          49       224          10
    33      26         12          7          39       212          10
    34      34         13          15          64       235          10
    35      2         31          13          41       248          10
    36      7         18          10          92       220          10
    37      45         30          8          113       249          10
    38      29         32          5          145       244          10
    39      45         7          14          6       228          10
    40      32         32          12          21       238          10
    41      45         35          8          35       203          10
    42      6         5          5          123       209          10
    43      47         34          5          6       228          10
    44      12         18          10          37       238          10
    45      0         39          13          38       238          10
    46      36         31          14          135       240          10
    47      7         22          15          78       214          10
    48      36         38          13          100       248          10
    49      5         41          6          97       217          10
    50      21         42          6          34       226          10
