r66
VEHICLE
NUMBER     CAPACITY
  20         200

CUSTOMER
CUST NO.  XCOORD.   YCOORD.    DEMAND   READY TIME  DUE DATE   SERVICE   TIME

    0      25         25          0          0          250         0
    1      43         5          12          20       201          10
    2      9         13          5          42       208          10
    3      5         4          10          28       200          10
    4      30         12          5          60       244          10
    5      21         22          9          37       216          10
    6      24         4          9          23       219          10
    7      33         35          6          20       211          10
    8      21         41          13          28       214          10
    9      11         6          7          89       234          10
    10      35         43          14          92       242          10
    11      38         26          9          40       224          10
    12      35         22          7          104       231          10
    13      16         22          14          4       240          10
    14      35         39          5          149       217          10
    15      43         26          6          41       203          10
    16      47         47          12          121       213          10
    17      16         23          11          105       218          10
    18      5         32          15          60       215          10
    19      35         44          13          58       239          10
    20      14         33          9          113       202          10
    21      2         31          13          110       240          10
    22      2         30          7          68       243          10
    23      30         34          9          118       231          10
    24      16         19          8          69       201          10
    25      35         32          9          3       216          10
    26      49         11          10          111       233          10
    27      37         4          6          119       224          10
    28      1         48          10          128       211          10
    29      3         26          12          98       241          10
    30      11         18          14          53       229          10
    31      34         6          13          89       241          10
    32      14         0          8          81       221          10
    33      32         49          6          58       237          10
    34      46         5          5          112       231          10
    35      36         8          8          42       229          10
    36      7         21          8          71       243          10
    37      23         42          15          4       224          10
    38      33         30          9          125       221          10
    39      4         0          8          126       228          10
    40      31         4          9          59       217          10
    41      40         9          7          94       211          10
    42      25         14          14          1       212          10
    43      42         19          7          66       213          10
    44      40         16          10          43       245          10
    45      23         32          11          94       206          10
    46      2         13          7          144       210          10
    47      41         17          8          78       249          10
    48      31         43          15          50       244          10
    49      27         7          7          8       238          10
    50      17         24          6          27       237          10
