r67
VEHICLE
NUMBER     CAPACITY
  20         200

CUSTOMER
CUST NO.  XCOORD.   YCOORD.    DEMAND   READY TIME  DUE DATE   SERVICE   TIME

    0      25         25          0          0          250         0
    1      20         48          12          5       238          10
    2      5         40          7          145       200          10
    3      19         26          13          0       233          10
    4      36         46          6          70       239          10
    5      38         21          9          72       219          10
    6      5         9          14          49       214          10
    7      31         46          8          67       221          10
    8      43         26          9          46       200          10
    9      48         39          15          56       244          10
    10      35         46          10          45       226          10
    11      46         20          14          120       221          10
    12      37         28          12          31       201          10
    13      9         18          7          51       213          10
    14      48         43          7          109       235          10
    15      21         40          7          138       237          10
    16      14         11          11          96       203          10
    17      30         7          13          37       242          10
    18      37         4          5          25       216          10
    19      23         25          11          74       229          10
    20      47         31          12          130       232          10
    21      42         2          11          26       223          10
    22      7         28          13          16       238          10
    23      31         43          12          86       201          10
    24      34         29          14          137       233          10
    25      4         35          5          110       221          10
    26      25         2          8          83       209          10
    27      49         11          6          70       240          10
    28      7         15          8          144       205          10
    29      6         13          12          87       237          10
    30      8         35          15          5       220          10
    31      23         3          12          131       231          10
    32      21         41          10          81       230          10
    33      34         19          15          145       215          10
    34      29         9          5          47       219          10
    35      28         14          5          47       222          10
    36      47         12          10          80       241          10
    37      30         41          13          3       247          10
    38      30         45          8          22       221          10
    39      19         46          15          73       243          10
    40      7         29          15          32       250          10
    41      13         36          9          70       230          10
    42      3         7          9          108       217          10
    43      28         24          5          10       228          10
    44      49         48          11          1       216          10
    45      21         9          13          66       220          10
    46      14         22          11          101       237          10
    47      3         7          11          139       218          10
    48      3         35          8          55       207          10
    49      46         35          7          110       205          10
    50      23         39          10          142       240          10
