r68
VEHICLE
NUMBER     CAPACITY
  20         200

CUSTOMER
CUST NO.  XCOORD.   YCOORD.    DEMAND   READY TIME  DUE DATE   SERVICE   TIME

    0      25         25          0          0          250         0
    1      12         14          15          27       229          10
    2      23         11          15          98       222          10
    3      13         6          5          11       235          10
    4      12         40          12          68       214          10
    5      2         35          15          16       226          10
    6      27         18          12          88       203          10
    7      15         32          12          3       231          10
    8      36         12          12          41       240          10
    9      27         23          13          66       210          10
    10      11         46          13          133       224          10
    11      20         23          9          16       217          10
    12      22         20          7          81       210          10
    13      0         37          13          35       229          10
    14      9         16          11          131       212          10
    15      5         36          7          0       229          10
    16      21         34          12          13       217          10
    17      2         15          6          76       235          10
    18      13         5          5          73       241          10
    19      23         19          7          63       240          10
    20      41         6          14          54       220          10
    21      47         37          7          109       200          10
    22      35         17          12          119       233          10
    23      5         12          12          82       241          10
    24      3         36          13          108       212          10
    25      32         24          14          91       213          10
    26      43         16          13          102       221          10
    27      45         0          9          11       250          10
    28      20         23          5          80       250          10
    29      7         50          10          87       249          10
    30      15         27          7          19       235          10
    31      45         17          5          0       212          10
    32      42         38          13          130       242          10
    33      43         29          15          111       203          10
    34      44         19          9          113       236          10
    35      8         9          6          45       211          10
    36      38         24          8          121       231          10
    37      25         9          12          132       218          10
    38      43         3          13          28       235          10
    39      8         16          13          43       219          10
    40      30         25          14          126       226          10
    41      30         23          13          56       223          10
    42      4         33          5          28       243          10
    43      23         48          14          129       249          10
    44      16         39          15          42       224          10
    45      3         29          9          100       200          10
    46      23         6          15          131       226          10
    47      43         25          15          3       209          10
    48      14         30          6          22       227          10
    49      27         43          9          90       233          10
    50      28         7          11          38       200          10
