r69
VEHICLE
NUMBER     CAPACITY
  20         200

CUSTOMER
CUST NO.  XCOORD.   YCOORD.    DEMAND   READY TIME  DUE DATE   SERVICE   TIME

    0      25         25          0          0          250         0
    1      4         42          14          87       216          10
    2      31         50          6          96       207          10
    3      31         31          13          133       219          10
    4      14         27          11          63       203          10
    5      20         32          9          100       203          10
    6      34         33          14          73       218          10
    7      37         26          5          23       250          10
    8      30         25          14          77       246          10
    9      35         33          6          21       222          10
    10      33         21          12          24       203          10
    11      24         31          7          103       201          10
    12      16         30          8          43       211          10
    13      21         0          15          100       237          10
    14      20         25          10          1       249          10
    15      34         4          5          118       241          10
    16      38         9          14          50       226          10
    17      5         14          6          115       208          10
    18      49         20          14          59       226          10
    19      39         9          11          49       220          10
    20      38         34          9          85       243          10
    21      48         5          12          56       234          10
    22      3         3          11          53       212          10
    23      9         30          11          32       245          10
    24      12         47          12          51       234          10
    25      15         35          15          144       237          10
    26      5         19          11          88       205          10
    27      1         33          6          37       241          10
    28      11         39          7          3       206          10
    29      43         23          7          32       239          10
    30      11         12          6          121       229          10
    31      2         16          15          39       220          10
    32      15         48          11          49       217          10
    33      42         7          6          55       245          10
    34      3         43          13          105       205          10
    35      10         50          7          74       217          10
    36      13         32          12          72       247          10
    37      41         4          10          99       223          10
    38      22         22          5          56       226          10
    39      11         11          14          22       240          10
    40      28         41          7          36       239          10
    41      17         22          11          116       212          10
    42      40         23          13          129       210          10
    43      15         11          13          50       247          10
    44      44         1          15          65       205          10
    45      18         4          8          43       219          10
    46      50         28          14          81       218          10
    47      44         18          8          90       231          10
    48      31         47          15          107       205          10
    49      26         18          11          89       232          10
    50      12         50          6          48       201          10
