r7
VEHICLE
NUMBER     CAPACITY
  20         200

CUSTOMER
CUST NO.  XCOORD.   YCOORD.    DEMAND   READY TIME  DUE DATE   SERVICE   TIME

    0      25         25          0          0          250         0
    1      2         21          10          37       247          10
    2      49         2          10          104       214          10
    3      13         6          13          85       216          10
    4      46         50          7          85       222          10
    5      23         40          10          22       203          10
    6      7         31          6          53       237          10
    7      21         4          9          58       237          10
    8      7         23          13          147       200          10
    9      29         45          7          0       210          10
    10      27         17          6          2       219          10
    11      40         6          8          38       210          10
    12      12         9          6          82       209          10
    13      47         19          11          18       231          10
    14      28         14          15          144       227          10
    15      24         30          13          66       229          10
    16      39         14          14          16       206          10
    17      27         42          15          109       221          10
    18      8         38          7          113       213          10
    19      22         43          5          41       209          10
    20      37         20          10          149       207          10
    21      46         36          10          80       204          10
    22      45         42          11          56       221          10
    23      17         15          15          141       219          10
    24      3         43          8          12       212          10
    25      11         3          13          131       208          10
    26      48         39          8          54       202          10
    27      47         10          6          110       245          10
    28      27         27          12          38       238          10
    29      30         1          8          88       238          10
    30      46         20          14          83       237          10
    31      3         41          15          28       201          10
    32      3         47          6          40       246          10
    33      43         27          8          40       203          10
    34      33         10          15          51       223          10
    35      1         19          8          113       243          10
    36      21         32          9          44       247          10
    37      11         7          12          67       248          10
    38      27         49          5          103       206          10
    39      9         32          10          144       228          10
    40      50         25          9          33       235          10
    41      5         1          14          140       250          10
    42      40         44          13          125       217          10
    43      41         35          15          107       223          10
    44      10         2          6          16       201          10
    45      1         29          12          37       224          10
    46      29         11          7          89       230          10
    47      32         16          13          74       228          10
    48      36         4          9          131       213          10
    49      47         45          10          31       240          10
    50      4         15          11          137       214          10
