r70
VEHICLE
NUMBER     CAPACITY
  20         200

CUSTOMER
CUST NO.  XCOORD.   YCOORD.    DEMAND   READY TIME  DUE DATE   SERVICE   TIME

    0      25         25          0          0          250         0
    1      29         45          7          99       234          10
    2      36         26          14          84       233          10
    3      48         14          10          121       212          10
    4      28         19          15          69       209          10
    5      12         47          10          83       218          10
    6      43         9          11          16       218          10
    7      38         41          5          7       249          10
    8      29         40          8          41       231          10
    9      25         24          9          27       244          10
    10      1         24          14          12       230          10
    11      25         3          15          4       216          10
    12      2         28          5          36       250          10
    13      39         29          14          42       229          10
    14      45         13          7          138       201          10
    15      4         6          5          101       245          10
    16      19         15          9          32       227          10
    17      8         30          8          42       242          10
    18      37         26          13          57       239          10
    19      40         4          7          147       217          10
    20      41         1          5          108       234          10
    21      47         35          12          97       239          10
    22      43         39          6          27       224          10
    23      3         5          6          145       216          10
    24      10         21          10          59       201          10
    25      14         28          8          11       203          10
    26      23         25          11          10       220          10
    27      0         11          6          43       237          10
    28      31         43          15          125       234          10
    29      31         45          15          133       204          10
    30      30         35          10          142       227          10
    31      1         16          15          52       240          10
    32      33         34          10          93       229          10
    33      41         2          13          70       221          10
    34      38         28          15          48       215          10
    35      6         27          13          13       235          10
    36      13         3          11          77       244          10
    37      37         18          12          79       238          10
    38      6         28          7          135       213          10
    39      48         6          11          16       250          10
    40      41         37          13          74       248          10
    41      23         10          12          76       235          10
    42      20         18          14          98       230          10
    43      23         46          9          96       209          10
    44      24         1          15          116       245          10
    45      40         34          15          144       241          10
    46      40         33          12          44       220          10
    47      20         3          10          61       249          10
    48      12         27          13          77       240          10
    49      2         20          10          127       219          10
    50      1         50          10          91       202          10
