r71
VEHICLE
NUMBER     CAPACITY
  20         200

CUSTOMER
CUST NO.  XCOORD.   YCOORD.    DEMAND   READY TIME  DUE DATE   SERVICE   TIME

    0      25         25          0          0          250         0
    1      1         25          12          118       213          10
    2      29         25          10          57       245          10
    3      0         25          6          105       245          10
    4      42         18          5          43       213          10
    5      15         42          9          3       230          10
    6      2         45          13          150       214          10
    7      36         32          7          104       226          10
    8      28         8          8          132       209          10
    9      19         19          14          34       238          10
    10      30         1          15          113       207          10
    11      19         15          12          141       232          10
    12      20         17          6          120       212          10
    13      34         8          5          44       246          10
    14      29         20          12          122       213          10
    15      36         30          13          27       218          10
    16      14         41          12          145       211          10
    17      47         25          14          41       218          10
    18      29         50          8          50       214          10
    19      7         24          15          137       223          10
    20      0         44          13          14       218          10
    21      28         5          8          101       204          10
    22      33         18          12          149       237          10
    23      43         32          15          43       214          10
    24      43         15          10          14       245          10
    25      0         33          6          88       203          10
    26      20         18          9          12       248          10
    27      45         39          10          129       216          10
    28      44         4          15          100       211          10
    29      33         22          8          124       242          10
    30      9         17          12          143       244          10
    31      30         1          10          102       216          10
    32      27         34          5          45       216          10
    33      24         35          14          144       224          10
    34      1         23          14          14       206          10
    35      36         28          15          27       239          10
    36      6         48          11          29       207          10
    37      33         18          15          79       210          10
    38      23         30          12          102       244          10
    39      28         49          11          143       245          10
    40      0         41          5          14       236          10
    41      45         49          7          114       222          10
    42      0         38          14          73       220          10
    43      30         33          12          93       218          10
    44      12         1          13          2       239          10
    45      40         3          14          107       222          10
    46      28         7          11          44       239          10
    47      11         6          15          87       201          10
    48      41         3          12          33       238          10
    49      50         30          11          98       206          10
    50      39         30          7          99       227          10
