r72
VEHICLE
NUMBER     CAPACITY
  20         200

CUSTOMER
CUST NO.  XCOORD.   YCOORD.    DEMAND   READY TIME  DUE DATE   SERVICE   TIME

    0      25         25          0          0          250         0
    1      17         31          12          51       240          10
    2      23         26          6          4       200          10
    3      50         4          5          40       211          10
    4      8         10          14          38       204          10
    5      18         28          5          53       237          10
    6      6         38          13          76       215          10
    7      16         26          12          111       239          10
    8      47         30          9          99       202          10
    9      47         48          15          147       212          10
    10      38         43          15          97       243          10
    11      49         47          9          22       200          10
    12      5         9          9          80       222          10
    13      16         10          9          6       218          10
    14      12         1          10          85       230          10
    15      43         46          15          101       201          10
    16      20         25          9          107       217          10
    17      39         50          12          59       216          10
    18      20         1          13          90       220          10
    19      33         28          7          50       234          10
    20      38         5          11          123       211          10
    21      20         50          10          132       204          10
    22      26         47          10          22       233          10
    23      3         40          14          63       208          10
    24      28         10          12          30       207          10
    25      46         48          13          56       240          10
    26      32         30          15          4       217          10
    27      5         39          13          69       234          10
    28      28         20          9          146       237          10
    29      16         31          15          74       239          10
    30      13         37          11          21       246          10
    31      15         21          10          71       240          10
    32      16         7          5          33       236          10
    33      20         29          14          150       249          10
    34      20         11          6          11       211          10
    35      29         47          14          120       250          10
    36      8         37          14          86       240          10
    37      22         48          15          121       224          10
    38      50         32          10          118       225          10
    39      23         30          11          121       241          10
    40      19         42          12          146       204          10
    41      28         38          8          107       243          10
    42      22         35          8          113       229          10
    43      46         18          8          67       225          10
    44      27         45          14          74       211          10
    45      10         39          7          41       212          10
    46      6         16          7          49       225          10
    47      18         49          12          47       243          10
    48      29         3          15          125       234          10
    49      3         8          12          150       206          10
    50      37         3          15          145       236          10
