r73
VEHICLE
NUMBER     CAPACITY
  20         200

CUSTOMER
CUST NO.  XCOORD.   YCOORD.    DEMAND   READY TIME  DUE DATE   SERVICE   TIME

    0      25         25          0          0          250         0
    1      3         1          15          6       219          10
    2      36         41          6          80       231          10
    3      7         49          13          120       200          10
    4      42         4          10          52       247          10
    5      10         19          13          18       212          10
    6      11         36          8          143       203          10
    7      5         42          5          47       220          10
    8      13         18          6          114       227          10
    9      7         21          13          91       246          10
    10      3         20          9          77       236          10
    11      12         48          5          89       226          10
    12      2         19          6          139       226          10
    13      36         8          8          54       232          10
    14      33         11          11          104       208          10
    15      14         50          8          42       248          10
    16      16         18          13          69       201          10
    17      39         43          11          61       231          10
    18      3         18          13          70       249          10
    19      20         42          6          109       226          10
    20      7         22          13          131       211          10
    21      32         14          9          21       224          10
    22      38         22          13          22       208          10
    23      28         15          11          35       245          10
    24      15         42          11          64       223          10
    25      50         47          13          119       202          10
    26      28         45          6          67       219          10
    27      4         3          13          132       214          10
    28      27         2          6          91       217          10
    29      14         0          5          136       236          10
    30      46         1          6          54       217          10
    31      15         23          8          115       223          10
    32      14         34          14          102       221          10
    33      37         19          8          89       222          10
    34      46         23          14          42       217          10
    35      8         23          15          125       225          10
    36      20         46          11          148       240          10
    37      21         20          14          59       220          10
    38      0         31          13          39       246          10
    39      46         2          12          84       246          10
    40      30         27          11          96       246          10
    41      43         11          15          118       250          10
    42      38         12          14          131       207          10
    43      10         46          12          38       234          10
    44      9         18          13          62       241          10
    45      10         18          5          16       238          10
    46      34         28          11          56       237          10
    47      12         2          15          5       236          10
    48      34         17          9          56       219          10
    49      23         35          6          25       208          10
    50      0         29          14          31       237          10
