r74
VEHICLE
NUMBER     CAPACITY
  20         200

CUSTOMER
CUST NO.  XCOORD.   YCOORD.    DEMAND   READY TIME  DUE DATE   SERVICE   TIME

    0      25         25          0          0          250         0
    1      30         8          8          58       201          10
    2      19         32          9          85       227          10
    3      50         19          15          11       202          10
    4      5         11          10          114       201          10
    5      12         5          9          110       240          10
    6      15         1          14          25       204          10
    7      18         35          9          63       219          10
    8      42         36          8          13       205          10
    9      32         5          6          78       219          10
    10      47         10          11          118       210          10
    11      2         36          6          26       246          10
    12      12         5          9          125       206          10
    13      9         3          13          45       224          10
    14      11         47          6          49       216          10
    15      2         39          9          110       223          10
    16      24         45          10          53       202          10
    17      43         15          9          125       216          10
    18      23         30          9          144       214          10
    19      9         36          8          51       217          10
    20      7         13          10          113       215          10
    21      18         13          8          105       218          10
    22      18         31          15          2       245          10
    23      5         26          9          110       239          10
    24      16         28          8          91       242          10
    25      49         50          14          112       250          10
    26      28         18          14          139       238          10
    27      38         0          8          24       200          10
    28      48         38          5          110       224          10
    29      28         50          11          60       232          10
    30      7         21          10          28       211          10
    31      23         11          6          40       249          10
    32      7         10          15          119       226          10
    33      37         38          7          116       248          10
    34      21         48          13          99       240          10
    35      23         24          5          49       210          10
    36      31         24          13          123       235          10
    37      49         22          14          133       241          10
    38      45         19          14          63       235          10
    39      32         25          14          5       228          10
    40      26         14          6          39       226          10
    41      45         26          11          121       232          10
    42      4         13          10          113       232          10
    43      38         13          8          16       211          10
    44      49         31          10          148       249          10
    45      19         50          6          114       224          10
    46      37         14          10          127       209          10
    47      38         39          6          107       247          10
    48      34         38          8          8       239          10
    49      27         33          8          150       249          10
    50      35         9          6          49       226          10
