r75
VEHICLE
NUMBER     CAPACITY
  20         200

CUSTOMER
CUST NO.  XCOORD.   YCOORD.    DEMAND   READY TIME  DUE DATE   SERVICE   TIME

    0      25         25          0          0          250         0
    1      26         32          12          118       202          10
    2      47         38          11          12       241          10
    3      32         47          9          24       236          10
    4      25         0          10          74       200          10
    5      48         41          11          138       205          10
    6      16         29          5          113       239          10
    7      1         11          13          41       233          10
    8      34         42          9          137       213          10
    9      9         9          15          29       219          10
    10      29         14          6          55       236          10
    11      11         0          7          5       250          10
    12      41         23          12          43       233          10
    13      10         23          7          118       227          10
    14      3         40          13          39       220          10
    15      17         1          9          77       242          10
    16      40         27          5          10       206          10
    17      18         19          6          113       201          10
    18      18         1          9          56       211          10
    19      48         29          13          33       239          10
    20      43         15          14          75       211          10
    21      9         25          15          73       218          10
    22      35         37          12          2       242          10
    23      2         35          13          128       221          10
    24      37         22          6          132       221          10
    25      12         7          7          73       244          10
    26      50         30          14          137       213          10
    27      9         14          7          2       235          10
    28      50         5          13          86       241          10
    29      28         47          5          68       242          10
    30      45         9          13          124       201          10
    31      34         39          11          17       208          10
    32      9         7          12          128       250          10
    33      36         15          15          81       248          10
    34      7         45          14          84       226          10
    35      10         20          6          104       235          10
    36      0         31          10          58       219          10
    37      2         1          5          141       212          10
    38      6         32          5          33       240          10
    39      44         12          5          56       221          10
    40      34         30          11          89       202          10
    41      4         11          15          150       241          10
    42      24         14          9          78       232          10
    43      12         49          9          12       226          10
    44      49         15          9          150       224          10
    45      4         28          15          106       201          10
    46      39         13          14          75       231          10
    47      19         24          7          149       240          10
    48      17         25          5          78       222          10
    49      29         28          8          23       230          10
    50      41         38          6          134       204          10
