r76
VEHICLE
NUMBER     CAPACITY
  20         200

CUSTOMER
CUST NO.  XCOORD.   YCOORD.    DEMAND   READY TIME  DUE DATE   SERVICE   TIME

    0      25         25          0          0          250         0
    1      41         37          8          15       212          10
    2      25         23          6          0       220          10
    3      11         12          11          39       222          10
    4      10         30          11          78       232          10
    5      0         9          7          21       224          10
    6      13         40          6          37       221          10
    7      37         20          12          51       217          10
    8      14         20          10          63       222          10
    9      33         10          8          128       225          10
    10      16         42          9          28       225          10
    11      42         40          9          108       201          10
    12      6         32          10          6       220          10
    13      37         5          8          36       242          10
    14      15         29          7          19       213          10
    15      8         2          14          142       220          10
    16      30         3          14          128       213          10
    17      50         26          15          114       218          10
    18      47         34          13          132       212          10
    19      10         13          15          13       200          10
    20      0         40          10          89       244          10
    21      41         43          8          55       210          10
    22      48         11          11          133       202          10
    23      42         8          8          44       250          10
    24      31         36          14          63       249          10
    25      47         27          6          63       241          10
    26      37         38          9          145       227          10
    27      3         45          14          7       212          10
    28      47         19          7          104       248          10
    29      17         45          6          132       233          10
    30      50         11          5          131       200          10
    31      7         23          11          117       213          10
    32      32         13          12          96       209          10
    33      40         18          8          109       201          10
    34      41         0          14          138       231          10
    35      50         18          14          46       228          10
    36      31         31          9          63       217          10
    37      1         46          6          103       232          10
    38      36         25          9          90       240          10
    39      25         21          15          8       212          10
    40      9         48          12          57       221          10
    41      31         34          11          92       234          10
    42      20         5          15          23       244          10
    43      24         18          6          29       239          10
    44      25         5          9          54       236          10
    45      17         22          13          99       207          10
    46      24         37          6          120       204          10
    47      26         26          6          45       242          10
    48      35         36          9          99       230          10
    49      33         23          8          93       248          10
    50      35         25          11          120       246          10
