r77
VEHICLE
NUMBER     CAPACITY
  20         200

CUSTOMER
CUST NO.  XCOORD.   YCOORD.    DEMAND   READY TIME  DUE DATE   SERVICE   TIME

    0      25         25          0          0          250         0
    1      43         0          8          104       229          10
    2      6         12          10          47       204          10
    3      26         16          12          75       215          10
    4      42         8          14          63       230          10
    5      44         27          10          68       222          10
    6      3         21          10          147       244          10
    7      42         28          8          142       215          10
    8      35         48          9          143       224          10
    9      14         46          8          69       214          10
    10      45         33          8          79       236          10
    11      17         12          15          141       234          10
    12      30         21          11          109       235          10
    13      46         29          9          48       220          10
    14      13         26          13          104       210          10
    15      36         31          7          45       243          10
    16      42         36          14          76       245          10
    17      40         30          13          142       229          10
    18      20         25          13          35       214          10
    19      17         5          15          39       233          10
    20      33         10          9          101       211          10
    21      44         48          13          27       217          10
    22      40         41          9          141       202          10
    23      45         11          6          85       220          10
    24      8         44          9          73       204          10
    25      1         4          15          61       220          10
    26      39         38          6          79       237          10
    27      44         28          12          98       217          10
    28      41         40          14          82       247          10
    29      35         15          14          139       207          10
    30      17         19          12          3       226          10
    31      49         17          13          112       238          10
    32      31         30          6          19       203          10
    33      14         17          8          67       228          10
    34      21         48          6          69       201          10
    35      27         27          9          14       219          10
    36      28         24          14          22       240          10
    37      12         29          10          103       234          10
    38      7         23          13          4       202          10
    39      39         1          7          61       214          10
    40      32         13          8          35       245          10
    41      32         15          8          85       218          10
    42      37         29          15          62       201          10
    43      43         17          9          43       233          10
    44      34         2          7          145       242          10
    45      32         21          9          140       236          10
    46      7         47          9          59       234          10
    47      38         45          9          114       211          10
    48      34         28          6          30       236          10
    49      48         27          10          93       222          10
    50      7         4          8          109       232          10
