r78
VEHICLE
NUMBER     CAPACITY
  20         200

CUSTOMER
CUST NO.  XCOORD.   YCOORD.    DEMAND   READY TIME  DUE DATE   SERVICE   TIME

    0      25         25          0          0          250         0
    1      2         30          15          138       249          10
    2      5         26          12          54       221          10
    3      36         38          6          58       220          10
    4      28         37          14          136       236          10
    5      16         43          11          125       217          10
    6      21         27          9          138       216          10
    7      32         15          14          110       242          10
    8      32         28          6          41       246          10
    9      15         36          9          113       249          10
    10      29         44          12          126       248          10
    11      42         9          15          8       235          10
    12      31         10          15          27       226          10
    13      48         20          5          129       243          10
    14      19         44          14          129       247          10
    15      37         46          13          109       212          10
    16      17         28          15          27       238          10
    17      1         46          6          46       246          10
    18      44         15          11          133       243          10
    19      32         17          11          57       231          10
    20      36         45          8          5       219          10
    21      39         10          6          24       215          10
    22      35         45          11          41       248          10
    23      39         29          13          51       236          10
    24      6         35          15          60       238          10
    25      16         31          5          36       244          10
    26      36         12          9          81       244          10
    27      32         6          10          73       204          10
    28      33         35          14          109       206          10
    29      3         11          12          149       216          10
    30      47         38          5          108       209          10
    31      5         24          10          102       210          10
    32      30         24          13          65       234          10
    33      29         39          12          137       221          10
    34      5         42          6          35       228          10
    35      41         43          6          97       205          10
    36      29         28          6          68       215          10
    37      7         40          7          87       232          10
    38      7         4          10          136       219          10
    39      0         5          10          39       250          10
    40      6         45          10          119       235          10
    41      42         3          6          126       208          10
    42      45         20          7          127       203          10
    43      4         1          13          50       249          10
    44      26         46          15          21       217          10
    45      10         20          11          77       219          10
    46      35         33          13          144       244          10
    47      24         18          9          126       212          10
    48      26         33          11          6       237          10
    49      28         39          11          109       237          10
    50      26         24          9          130       249          10
