r79
VEHICLE
NUMBER     CAPACITY
  20         200

CUSTOMER
CUST NO.  XCOORD.   YCOORD.    DEMAND   READY TIME  DUE DATE   SERVICE   TIME

    0      25         25          0          0          250         0
    1      46         11          7          66       209          10
    2      29         1          14          49       206          10
    3      12         28          14          118       220          10
    4      40         2          7          16       214          10
    5      43         18          10          120       241          10
    6      2         3          7          3       249          10
    7      42         25          11          128       210          10
    8      2         49          13          39       232          10
    9      0         28          5          54       211          10
    10      21         2          9          2       231          10
    11      26         41          8          127       244          10
    12      3         31          13          126       224          10
    13      2         20          13          77       205          10
    14      12         32          11          36       207          10
    15      29         34          9          124       221          10
    16      18         11          11          69       205          10
    17      47         35          13          77       231          10
    18      39         3          10          81       229          10
    19      0         27          8          109       233          10
    20      10         36          14          37       226          10
    21      24         35          6          117       216          10
    22      12         16          14          147       222          10
    23      21         28          5          124       249          10
    24      27         31          9          95       203          10
    25      13         41          14          139       222          10
    26      37         43          14          84       241          10
    27      7         3          14          117       221          10
    28      1         9          12          40       205          10
    29      1         2          10          76       213          10
    30      4         13          12          119       225          10
    31      38         0          8          120       222          10
    32      34         37          11          82       245          10
    33      2         18          5          39       207          10
    34      49         19          12          102       215          10
    35      46         41          15          51       208          10
    36      24         16          8          147       210          10
    37      13         49          5          62       226          10
    38      48         18          11          70       211          10
    39      32         4          8          97       205          10
    40      14         12          7          28       229          10
    41      34         32          12          125       226          10
    42      20         3          12          30       239          10
    43      43         5          9          8       231          10
    44      14         39          11          99       250          10
    45      34         25          10          56       206          10
    46      25         18          14          131       242          10
    47      21         4          13          71       235          10
    48      48         40          6          48       217          10
    49      21         38          5          117       203          10
    50      8         16          8          35       236          10
