r8
VEHICLE
NUMBER     CAPACITY
  20         200

CUSTOMER
CUST NO.  XCOORD.   YCOORD.    DEMAND   READY TIME  DUE DATE   SERVICE   TIME

    0      25         25          0          0          250         0
    1      25         36          15          37       205          10
    2      30         6          9          81       228          10
    3      29         48          8          26       209          10
    4      23         32          14          97       237          10
    5      4         16          8          73       203          10
    6      11         25          14          140       223          10
    7      9         17          10          41       218          10
    8      0         14          5          70       249          10
    9      33         3          12          12       212          10
    10      40         10          11          6       214          10
    11      22         27          12          135       221          10
    12      33         28          9          5       221          10
    13      6         3          7          61       238          10
    14      0         25          8          13       236          10
    15      41         20          15          20       213          10
    16      26         27          5          124       204          10
    17      26         48          5          68       201          10
    18      26         18          12          125       233          10
    19      40         5          15          102       211          10
    20      30         35          7          139       239          10
    21      9         35          8          83       213          10
    22      48         4          9          81       228          10
    23      21         31          6          83       205          10
    24      8         6          12          38       240          10
    25      38         32          15          17       220          10
    26      46         7          15          17       215          10
    27      35         38          9          44       225          10
    28      48         12          11          104       229          10
    29      13         9          10          2       232          10
    30      24         8          9          131       232          10
    31      1         24          8          6       227          10
    32      3         19          10          1       247          10
    33      0         29          7          4       213          10
    34      13         14          6          142       239          10
    35      4         5          15          20       235          10
    36      12         13          9          35       226          10
    37      24         16          14          3       224          10
    38      46         43          8          20       245          10
    39      39         38          15          33       208          10
    40      21         49          11          72       205          10
    41      2         1          11          130       250          10
    42      18         41          6          75       219          10
    43      1         24          6          82       223          10
    44      46         33          6          46       248          10
    45      21         32          14          29       215          10
    46      47         12          7          124       209          10
    47      42         28          7          89       227          10
    48      3         32          6          74       216          10
    49      32         29          6          109       239          10
    50      10         2          15          150       232          10
