r80
VEHICLE
NUMBER     CAPACITY
  20         200

CUSTOMER
CUST NO.  XCOORD.   YCOORD.    DEMAND   READY TIME  DUE DATE   SERVICE   TIME

    0      25         25          0          0          250         0
    1      2         30          8          123       239          10
    2      0         15          10          126       245          10
    3      34         14          12          34       202          10
    4      30         49          14          80       237          10
    5      33         25          11          116       220          10
    6      20         27          14          136       217          10
    7      28         13          8          94       219          10
    8      20         30          13          150       229          10
    9      16         16          9          116       229          10
    10      30         37          7          120       227          10
    11      27         32          14          139       232          10
    12      26         22          14          139       204          10
    13      50         32          12          104       201          10
    14      8         28          14          71       240          10
    15      47         49          11          59       225          10
    16      0         9          14          7       211          10
    17      14         37          14          7       229          10
    18      16         17          11          15       233          10
    19      31         7          13          16       248          10
    20      43         17          14          60       239          10
    21      33         11          11          77       234          10
    22      13         45          8          89       221          10
    23      6         45          6          64       224          10
    24      43         10          13          67       238          10
    25      31         29          15          75       201          10
    26      22         28          6          87       222          10
    27      10         43          11          113       217          10
    28      5         36          9          72       222          10
    29      6         37          11          140       222          10
    30      35         11          12          23       200          10
    31      27         50          11          79       226          10
    32      10         11          5          63       231          10
    33      45         17          6          149       209          10
    34      11         11          5          127       233          10
    35      25         11          9          105       237          10
    36      23         15          13          104       206          10
    37      39         40          9          74       216          10
    38      43         40          10          29       228          10
    39      17         29          11          71       217          10
    40      17         36          13          57       241          10
    41      41         18          9          40       207          10
    42      44         48          9          142       243          10
    43      2         43          9          103       212          10
    44      37         3          9          112       232          10
    45      15         29          14          128       242          10
    46      13         37          7          90       231          10
    47      29         23          9          128       235          10
    48      6         8          10          114       202          10
    49      14         48          15          1       248          10
    50      25         12          7          56       222          10
