r81
VEHICLE
NUMBER     CAPACITY
  20         200

CUSTOMER
CUST NO.  XCOORD.   YCOORD.    DEMAND   READY TIME  DUE DATE   SERVICE   TIME

    0      25         25          0          0          250         0
    1      15         8          10          52       231          10
    2      21         36          7          16       208          10
    3      18         42          11          145       203          10
    4      42         5          10          121       225          10
    5      10         3          5          139       211          10
    6      1         40          5          54       210          10
    7      19         6          14          5       229          10
    8      19         37          10          146       240          10
    9      12         0          6          87       223          10
    10      42         38          12          31       221          10
    11      16         9          11          17       226          10
    12      49         9          8          105       204          10
    13      31         5          8          38       223          10
    14      46         37          12          146       214          10
    15      30         6          13          101       241          10
    16      27         0          5          90       234          10
    17      6         42          6          143       228          10
    18      16         28          14          55       207          10
    19      44         8          6          1       216          10
    20      13         16          10          134       201          10
    21      19         46          7          6       241          10
    22      33         37          5          121       233          10
    23      35         47          11          3       211          10
    24      4         44          6          44       211          10
    25      32         12          11          11       214          10
    26      49         43          15          145       241          10
    27      10         29          11          93       207          10
    28      21         24          11          85       204          10
    29      28         28          12          112       241          10
    30      29         32          10          91       219          10
    31      30         5          11          88       246          10
    32      5         12          6          84       244          10
    33      19         20          8          16       240          10
    34      5         22          5          72       248          10
    35      16         38          8          85       232          10
    36      28         8          12          143       241          10
    37      2         3          5          90       220          10
    38      19         19          13          39       232          10
    39      33         15          6          126       201          10
    40      2         34          6          77       248          10
    41      4         19          7          47       237          10
    42      35         18          11          3       250          10
    43      39         6          9          9       225          10
    44      41         12          11          144       224          10
    45      33         39          5          102       209          10
    46      38         3          5          45       211          10
    47      26         47          12          6       240          10
    48      2         3          8          112       200          10
    49      44         3          14          77       246          10
    50      27         11          8          121       206          10
