r82
VEHICLE
NUMBER     CAPACITY
  20         200

CUSTOMER
CUST NO.  XCOORD.   YCOORD.    DEMAND   READY TIME  DUE DATE   SERVICE   TIME

    0      25         25          0          0          250         0
    1      13         8          13          73       240          10
    2      42         37          7          114       218          10
    3      29         5          13          128       222          10
    4      7         5          6          95       211          10
    5      25         18          14          116       246          10
    6      2         49          13          48       214          10
    7      31         25          7          110       227          10
    8      13         23          12          132       241          10
    9      16         30          10          32       205          10
    10      3         31          15          91       218          10
    11      21         50          13          99       205          10
    12      7         35          10          105       200          10
    13      14         48          5          5       210          10
    14      30         48          10          145       217          10
    15      8         17          11          35       235          10
    16      27         43          7          106       232          10
    17      40         35          10          110       235          10
    18      23         35          7          16       240          10
    19      45         45          8          10       206          10
    20      28         47          5          68       206          10
    21      36         1          12          38       247          10
    22      6         1          7          114       212          10
    23      39         29          14          53       243          10
    24      41         25          13          137       213          10
    25      26         25          13          101       236          10
    26      9         34          6          143       200          10
    27      9         47          6          0       233          10
    28      45         10          14          75       238          10
    29      13         14          15          68       229          10
    30      13         30          5          76       220          10
    31      4         27          7          112       211          10
    32      42         27          10          55       244          10
    33      14         15          12          64       207          10
    34      19         37          15          105       238          10
    35      12         38          7          20       207          10
    36      16         47          7          88       213          10
    37      3         29          13          141       240          10
    38      31         10          14          91       249          10
    39      49         9          6          114       242          10
    40      7         9          15          40       235          10
    41      7         12          6          12       236          10
    42      6         16          11          63       235          10
    43      36         29          7          58       204          10
    44      17         29          15          111       233          10
    45      6         4          9          106       207          10
    46      49         27          12          52       219          10
    47      20         38          12          62       243          10
    48      48         26          5          10       233          10
    49      3         48          9          84       213          10
    50      28         40          14          145       239          10
