r83
VEHICLE
NUMBER     CAPACITY
  20         200

CUSTOMER
CUST NO.  XCOORD.   YCOORD.    DEMAND   READY TIME  DUE DATE   SERVICE   TIME

    0      25         25          0          0          250         0
    1      48         23          14          47       237          10
    2      50         44          8          111       217          10
    3      45         41          7          1       246          10
    4      19         13          14          16       209          10
    5      29         13          8          70       237          10
    6      23         41          12          120       209          10
    7      14         12          9          145       226          10
    8      45         40          14          91       212          10
    9      11         31          8          77       248          10
    10      40         12          7          108       203          10
    11      25         14          15          144       229          10
    12      42         18          7          134       202          10
    13      20         10          11          131       240          10
    14      26         4          7          13       229          10
    15      47         38          9          130       211          10
    16      1         18          10          48       220          10
    17      27         29          10          110       205          10
    18      28         41          9          12       228          10
    19      30         27          13          101       249          10
    20      34         47          14          106       248          10
    21      20         16          7          143       200          10
    22      3         24          11          50       232          10
    23      38         11          15          92       202          10
    24      42         5          10          40       215          10
    25      20         11          5          52       231          10
    26      28         17          8          24       206          10
    27      16         2          10          72       225          10
    28      5         1          7          149       210          10
    29      36         14          5          15       250          10
    30      24         48          13          2       223          10
    31      18         44          5          117       247          10
    32      46         25          12          51       215          10
    33      12         37          12          41       225          10
    34      21         19          5          1       233          10
    35      33         2          7          19       245          10
    36      47         2          14          3       228          10
    37      1         14          6          11       246          10
    38      20         38          10          0       231          10
    39      42         36          13          111       243          10
    40      44         39          7          59       242          10
    41      6         31          8          31       238          10
    42      23         23          15          138       248          10
    43      33         45          15          112       227          10
    44      9         10          14          47       201          10
    45      22         29          13          137       217          10
    46      12         50          10          102       226          10
    47      39         15          13          85       224          10
    48      0         7          11          106       226          10
    49      20         49          15          148       229          10
    50      4         23          5          113       249          10
