r84
VEHICLE
NUMBER     CAPACITY
  20         200

CUSTOMER
CUST NO.  XCOORD.   YCOORD.    DEMAND   READY TIME  DUE DATE   SERVICE   TIME

    0      25         25          0          0          250         0
    1      35         14          12          73       244          10
    2      26         41          12          109       225          10
    3      47         9          11          10       236          10
    4      46         37          15          78       209          10
    5      9         33          8          13       201          10
    6      10         50          12          81       247          10
    7      23         50          5          85       228          10
    8      22         44          8          148       207          10
    9      9         12          12          79       205          10
    10      0         39          13          108       230          10
    11      20         41          8          17       212          10
    12      15         8          14          22       202          10
    13      33         5          7          83       209          10
    14      8         10          10          69       210          10
    15      6         26          10          52       207          10
    16      25         43          15          8       223          10
    17      35         27          13          31       234          10
    18      14         44          8          62       212          10
    19      8         30          7          150       235          10
    20      32         47          12          82       209          10
    21      33         47          13          37       235          10
    22      17         23          9          130       213          10
    23      18         48          13          63       234          10
    24      45         29          6          131       247          10
    25      35         1          6          23       230          10
    26      32         37          15          101       226          10
    27      25         49          8          133       220          10
    28      6         31          12          19       203          10
    29      7         0          11          59       230          10
    30      34         47          7          81       249          10
    31      38         17          5          121       203          10
    32      28         13          9          127       239          10
    33      26         35          7          9       200          10
    34      32         31          6          115       241          10
    35      7         16          6          75       240          10
    36      45         13          5          48       227          10
    37      43         42          5          32       222          10
    38      9         10          10          83       212          10
    39      23         18          5          33       204          10
    40      10         17          7          108       207          10
    41      27         10          14          119       201          10
    42      50         10          15          15       202          10
    43      32         22          5          91       202          10
    44      33         33          15          48       220          10
    45      50         31          7          15       228          10
    46      42         41          6          15       237          10
    47      35         8          13          139       212          10
    48      47         50          14          59       213          10
    49      4         42          9          43       227          10
    50      23         6          6          116       248          10
