r85
VEHICLE
NUMBER     CAPACITY
  20         200

CUSTOMER
CUST NO.  XCOORD.   YCOORD.    DEMAND   READY TIME  DUE DATE   SERVICE   TIME

    0      25         25          0          0          250         0
    1      19         11          14          85       230          10
    2      10         9          7          16       241          10
    3      50         22          12          102       228          10
    4      39         50          12          18       222          10
    5      25         16          7          33       237          10
    6      17         33          10          26       216          10
    7      25         8          13          71       232          10
    8      36         15          6          134       249          10
    9      48         15          12          16       240          10
    10      19         26          11          74       209          10
    11      11         37          11          32       245          10
    12      13         41          8          43       250          10
    13      19         24          7          128       211          10
    14      39         13          12          25       214          10
    15      35         27          5          69       236          10
    16      24         1          5          69       213          10
    17      23         42          13          60       218          10
    18      30         8          8          64       247          10
    19      17         44          7          82       208          10
    20      30         12          13          70       232          10
    21      21         46          6          103       207          10
    22      31         3          5          96       221          10
    23      9         13          8          39       217          10
    24      35         9          13          78       237          10
    25      46         27          8          70       209          10
    26      30         38          8          145       227          10
    27      8         47          9          87       225          10
    28      14         16          15          28       242          10
    29      43         3          15          60       245          10
    30      14         28          5          30       232          10
    31      38         23          11          74       241          10
    32      3         15          11          97       210          10
    33      2         3          5          115       214          10
    34      27         34          13          12       223          10
    35      4         12          10          107       220          10
    36      15         36          12          147       247          10
    37      37         26          8          42       213          10
    38      39         9          9          25       208          10
    39      19         24          6          80       225          10
    40      7         25          13          36       242          10
    41      27         29          14          79       249          10
    42      36         7          13          85       227          10
    43      28         49          13          40       234          10
    44      45         45          7          112       222          10
    45      44         28          8          58       225          10
    46      42         30          6          134       248          10
    47      29         31          13          9       213          10
    48      13         15          9          35       231          10
    49      27         13          11          94       250          10
    50      35         23          10          103       221          10
