r86
VEHICLE
NUMBER     CAPACITY
  20         200

CUSTOMER
CUST NO.  XCOORD.   YCOORD.    DEMAND   READY TIME  DUE DATE   SERVICE   TIME

    0      25         25          0          0          250         0
    1      44         26          15          32       203          10
    2      7         26          7          88       241          10
    3      46         17          6          54       230          10
    4      24         37          7          137       214          10
    5      0         19          9          41       231          10
    6      7         47          15          20       230          10
    7      31         2          8          36       226          10
    8      17         18          9          77       228          10
    9      22         16          14          53       204          10
    10      27         19          7          124       229          10
    11      33         28          6          0       216          10
    12      50         30          11          53       213          10
    13      50         44          5          92       230          10
    14      6         23          11          62       232          10
    15      24         14          12          44       241          10
    16      45         38          13          70       238          10
    17      6         0          10          52       200          10
    18      7         46          5          36       214          10
    19      4         28          12          100       245          10
    20      27         4          11          83       244          10
    21      46         7          6          113       203          10
    22      46         48          13          71       239          10
    23      29         21          12          142       241          10
    24      39         6          9          56       201          10
    25      11         15          8          10       239          10
    26      6         49          11          81       216          10
    27      14         34          9          148       209          10
    28      1         14          9          40       242          10
    29      40         36          11          23       211          10
    30      25         4          13          32       216          10
    31      23         4          13          111       246          10
    32      39         32          15          132       228          10
    33      1         48          7          91       211          10
    34      38         50          7          112       213          10
    35      41         44          10          135       235          10
    36      32         34          9          113       220          10
    37      6         41          13          136       209          10
    38      44         9          14          7       242          10
    39      4         35          13          74       238          10
    40      43         10          11          100       212          10
    41      0         29          8          135       239          10
    42      29         11          12          117       207          10
    43      31         11          14          128       233          10
    44      41         39          5          95       228          10
    45      3         34          5          10       243          10
    46      7         49          7          34       231          10
    47      4         33          6          40       206          10
    48      2         20          14          82       204          10
    49      49         25          13          128       222          10
    50      11         3          9          89       244          10
