r87
VEHICLE
NUMBER     CAPACITY
  20         200

CUSTOMER
CUST NO.  XCOORD.   YCOORD.    DEMAND   READY TIME  DUE DATE   SERVICE   TIME

    0      25         25          0          0          250         0
    1      8         17          8          148       214          10
    2      9         8          13          105       211          10
    3      10         21          11          15       218          10
    4      46         50          11          70       243          10
    5      12         17          12          3       219          10
    6      11         32          10          105       247          10
    7      49         36          6          107       247          10
    8      0         47          9          126       216          10
    9      33         19          15          123       226          10
    10      45         32          9          68       227          10
    11      26         46          15          4       218          10
    12      6         20          9          66       233          10
    13      39         37          5          28       236          10
    14      50         23          15          116       224          10
    15      36         22          14          34       207          10
    16      27         50          7          73       239          10
    17      33         7          8          60       213          10
    18      15         0          6          84       226          10
    19      17         14          13          127       223          10
    20      31         49          13          109       239          10
    21      10         1          6          100       201          10
    22      34         13          10          144       231          10
    23      25         10          6          120       209          10
    24      34         44          13          4       239          10
    25      37         33          8          52       204          10
    26      14         31          10          147       229          10
    27      0         10          5          87       247          10
    28      13         33          7          19       237          10
    29      5         28          13          3       248          10
    30      24         25          5          135       223          10
    31      19         38          15          75       234          10
    32      48         0          8          95       246          10
    33      40         33          12          25       227          10
    34      15         30          6          46       207          10
    35      15         13          10          43       229          10
    36      20         21          7          145       246          10
    37      42         37          15          25       235          10
    38      42         38          7          138       238          10
    39      29         14          8          60       238          10
    40      49         8          13          16       236          10
    41      1         44          7          131       220          10
    42      13         31          6          11       239          10
    43      23         12          14          39       209          10
    44      25         46          13          34       200          10
    45      12         12          13          91       234          10
    46      13         35          11          3       212          10
    47      6         6          7          75       230          10
    48      45         22          6          6       204          10
    49      2         14          6          103       215          10
    50      13         2          15          101       238          10
