r88
VEHICLE
NUMBER     CAPACITY
  20         200

CUSTOMER
CUST NO.  XCOORD.   YCOORD.    DEMAND   READY TIME  DUE DATE   SERVICE   TIME

    0      25         25          0          0          250         0
    1      31         10          10          147       216          10
    2      50         48          7          11       240          10
    3      38         24          9          146       239          10
    4      26         3          13          90       212          10
    5      46         43          10          149       227          10
    6      10         13          13          67       242          10
    7      5         6          9          47       214          10
    8      42         20          15          72       248          10
    9      42         33          15          133       220          10
    10      12         4          13          106       230          10
    11      29         21          13          123       238          10
    12      20         25          7          76       217          10
    13      0         39          10          18       213          10
    14      1         46          13          53       225          10
    15      26         49          10          119       241          10
    16      26         7          13          15       226          10
    17      29         10          12          98       243          10
    18      0         3          11          42       215          10
    19      12         48          5          132       225          10
    20      2         38          5          23       225          10
    21      31         20          15          69       244          10
    22      5         31          13          71       216          10
    23      41         20          10          97       242          10
    24      3         6          5          51       200          10
    25      14         15          5          110       200          10
    26      27         20          8          3       213          10
    27      23         22          5          50       242          10
    28      2         38          9          0       233          10
    29      34         8          8          42       212          10
    30      34         25          12          114       242          10
    31      30         13          14          12       200          10
    32      32         5          6          10       214          10
    33      48         44          14          63       201          10
    34      36         31          8          118       247          10
    35      50         36          6          96       219          10
    36      40         12          14          103       235          10
    37      11         27          11          129       226          10
    38      7         41          13          130       230          10
    39      25         33          13          100       236          10
    40      32         48          10          68       231          10
    41      0         37          5          114       216          10
    42      33         17          13          77       223          10
    43      47         25          15          91       206          10
    44      1         40          8          115       226          10
    45      6         35          5          89       201          10
    46      18         17          14          10       234          10
    47      36         40          13          5       250          10
    48      45         3          8          9       244          10
    49      46         35          14          56       243          10
    50      46         26          13          25       233          10
