r89
VEHICLE
NUMBER     CAPACITY
  20         200

CUSTOMER
CUST NO.  XCOORD.   YCOORD.    DEMAND   READY TIME  DUE DATE   SERVICE   TIME

    0      25         25          0          0          250         0
    1      0         32          9          108       236          10
    2      45         7          13          93       208          10
    3      9         30          14          122       221          10
    4      22         10          11          92       226          10
    5      48         45          7          30       228          10
    6      9         31          15          8       233          10
    7      24         9          5          63       241          10
    8      4         5          10          104       236          10
    9      47         7          10          40       202          10
    10      41         27          8          11       227          10
    11      11         10          6          84       230          10
    12      22         13          13          8       209          10
    13      15         17          13          56       205          10
    14      7         32          15          51       246          10
    15      50         1          7          136       244          10
    16      7         13          10          64       211          10
    17      7         31          7          87       213          10
    18      38         1          6          83       203          10
    19      28         17          5          84       216          10
    20      36         33          14          7       240          10
    21      39         43          9          10       201          10
    22      49         11          10          73       221          10
    23      44         38          5          46       245          10
    24      8         21          13          42       216          10
    25      20         35          6          11       214          10
    26      40         18          5          110       225          10
    27      36         6          9          19       208          10
    28      23         3          6          46       239          10
    29      9         31          13          17       218          10
    30      15         35          8          61       218          10
    31      7         37          7          13       240          10
    32      27         20          10          97       216          10
    33      10         17          6          1       213          10
    34      19         0          11          26       235          10
    35      2         30          10          22       229          10
    36      30         14          6          15       224          10
    37      10         37          5          74       213          10
    38      3         32          6          10       237          10
    39      41         42          6          101       231          10
    40      8         17          6          80       244          10
    41      9         34          6          20       241          10
    42      7         46          10          120       238          10
    43      8         43          13          58       214          10
    44      13         38          7          41       239          10
    45      30         13          14          80       206          10
    46      39         16          5          42       204          10
    47      12         29          13          85       231          10
    48      49         14          7          35       240          10
    49      15         6          12          85       224          10
    50      35         21          13          46       214          10
