r9
VEHICLE
NUMBER     CAPACITY
  20         200

CUSTOMER
CUST NO.  XCOORD.   YCOORD.    DEMAND   READY TIME  DUE DATE   SERVICE   TIME

    0      25         25          0          0          250         0
    1      42         47          7          150       238          10
    2      7         27          14          104       209          10
    3      27         6          12          21       217          10
    4      1         16          12          102       201          10
    5      14         2          5          144       227          10
    6      49         44          5          92       224          10
    7      4         14          10          47       219          10
    8      23         36          15          41       233          10
    9      3         33          8          149       246          10
    10      39         7          11          92       235          10
    11      47         23          5          138       205          10
    12      50         18          10          116       247          10
    13      27         18          12          99       217          10
    14      35         41          7          25       227          10
    15      25         12          5          143       225          10
    16      40         14          12          103       216          10
    17      2         21          13          25       237          10
    18      5         42          10          27       241          10
    19      8         2          15          143       204          10
    20      1         0          8          126       222          10
    21      9         29          8          130       208          10
    22      24         43          6          86       218          10
    23      41         48          12          78       200          10
    24      37         46          10          130       234          10
    25      6         6          9          141       217          10
    26      5         21          6          4       239          10
    27      21         26          8          111       212          10
    28      46         2          9          58       221          10
    29      23         24          7          36       235          10
    30      40         7          15          67       200          10
    31      37         2          14          31       201          10
    32      19         47          15          13       222          10
    33      39         28          10          95       242          10
    34      43         48          14          144       238          10
    35      40         39          5          118       243          10
    36      46         27          14          1       203          10
    37      48         15          12          34       250          10
    38      20         47          15          6       227          10
    39      21         30          6          67       224          10
    40      39         43          14          107       237          10
    41      2         15          6          83       223          10
    42      35         24          8          123       234          10
    43      3         50          12          129       225          10
    44      43         42          6          39       225          10
    45      24         4          9          139       221          10
    46      29         47          8          92       249          10
    47      23         22          8          107       227          10
    48      15         34          13          74       220          10
    49      37         8          6          68       241          10
    50      49         43          8          101       228          10
