r90
VEHICLE
NUMBER     CAPACITY
  20         200

CUSTOMER
CUST NO.  XCOORD.   YCOORD.    DEMAND   READY TIME  DUE DATE   SERVICE   TIME

    0      25         25          0          0          250         0
    1      38         7          6          4       244          10
    2      48         9          11          5       224          10
    3      5         15          11          62       237          10
    4      43         17          15          7       247          10
    5      47         3          15          107       243          10
    6      41         32          13          40       242          10
    7      12         19          8          45       210          10
    8      17         19          11          40       240          10
    9      7         9          5          116       250          10
    10      23         17          7          98       234          10
    11      12         6          5          21       203          10
    12      0         1          11          2       227          10
    13      21         45          10          113       248          10
    14      32         49          15          70       249          10
    15      38         4          10          140       217          10
    16      27         5          12          15       237          10
    17      38         47          7          38       229          10
    18      8         41          8          100       233          10
    19      1         6          15          80       219          10
    20      12         5          11          51       223          10
    21      50         5          14          89       203          10
    22      6         12          7          134       225          10
    23      34         12          14          118       213          10
    24      10         32          15          144       210          10
    25      24         39          15          2       224          10
    26      34         49          14          72       214          10
    27      4         36          12          29       225          10
    28      41         35          6          139       247          10
    29      20         12          14          145       203          10
    30      49         2          8          43       217          10
    31      30         49          5          57       250          10
    32      16         42          9          61       206          10
    33      33         25          15          84       232          10
    34      45         6          9          34       203          10
    35      2         26          9          90       222          10
    36      6         26          6          102       246          10
    37      38         31          12          87       219          10
    38      4         15          9          124       245          10
    39      9         21          14          139       217          10
    40      38         13          10          62       215          10
    41      13         22          12          108       244          10
    42      44         19          10          69       216          10
    43      43         6          12          135       210          10
    44      4         20          11          13       223          10
    45      39         45          7          39       221          10
    46      24         17          14          97       228          10
    47      39         47          5          4       214          10
    48      40         39          15          150       218          10
    49      42         16          7          117       228          10
    50      0         49          15          36       222          10
