r91
VEHICLE
NUMBER     CAPACITY
  20         200

CUSTOMER
CUST NO.  XCOORD.   YCOORD.    DEMAND   READY TIME  DUE DATE   SERVICE   TIME

    0      25         25          0          0          250         0
    1      12         15          10          93       247          10
    2      19         46          9          31       202          10
    3      3         6          11          11       209          10
    4      31         0          13          2       235          10
    5      45         25          10          20       205          10
    6      13         13          9          127       245          10
    7      21         15          8          48       206          10
    8      9         42          11          1       228          10
    9      6         6          11          132       228          10
    10      2         33          11          146       223          10
    11      45         16          12          54       200          10
    12      40         12          6          2       203          10
    13      38         44          7          59       204          10
    14      8         34          14          61       221          10
    15      3         9          8          119       217          10
    16      9         20          10          39       232          10
    17      13         5          14          5       203          10
    18      4         8          8          7       229          10
    19      34         46          12          14       204          10
    20      29         44          6          69       227          10
    21      29         39          11          72       209          10
    22      27         0          10          38       248          10
    23      23         20          10          86       229          10
    24      33         25          11          95       248          10
    25      32         39          7          62       211          10
    26      17         48          11          18       221          10
    27      19         13          5          53       230          10
    28      5         46          12          45       231          10
    29      35         2          11          138       201          10
    30      31         20          15          127       204          10
    31      33         45          14          42       241          10
    32      1         21          6          32       228          10
    33      0         11          7          64       224          10
    34      16         38          6          44       208          10
    35      5         7          9          81       250          10
    36      46         1          7          26       230          10
    37      6         20          13          30       212          10
    38      41         12          11          71       202          10
    39      19         18          10          2       201          10
    40      50         27          10          30       220          10
    41      35         47          12          52       242          10
    42      29         31          13          11       222          10
    43      37         40          9          54       230          10
    44      46         4          8          26       212          10
    45      14         8          11          60       233          10
    46      20         35          11          109       204          10
    47      40         45          10          15       249          10
    48      2         15          10          104       203          10
    49      39         0          12          78       219          10
    50      17         48          15          125       237          10
