r92
VEHICLE
NUMBER     CAPACITY
  20         200

CUSTOMER
CUST NO.  XCOORD.   YCOORD.    DEMAND   READY TIME  DUE DATE   SERVICE   TIME

    0      25         25          0          0          250         0
    1      5         32          5          125       233          10
    2      6         16          12          102       234          10
    3      27         9          7          49       228          10
    4      34         40          11          100       250          10
    5      18         10          14          99       209          10
    6      0         29          14          95       213          10
    7      39         40          13          22       240          10
    8      43         19          15          32       223          10
    9      43         2          12          3       234          10
    10      32         9          14          139       227          10
    11      40         48          9          10       225          10
    12      9         15          8          45       217          10
    13      26         34          7          86       210          10
    14      37         42          6          107       246          10
    15      34         47          8          36       214          10
    16      16         24          11          142       214          10
    17      6         13          13          93       233          10
    18      23         43          10          26       235          10
    19      22         12          8          49       207          10
    20      18         10          6          2       226          10
    21      44         39          7          47       249          10
    22      24         40          10          143       226          10
    23      29         24          13          10       237          10
    24      4         9          7          40       207          10
    25      18         33          15          125       231          10
    26      9         34          12          92       213          10
    27      35         17          6          54       246          10
    28      24         35          5          51       226          10
    29      38         47          15          16       245          10
    30      32         12          14          23       209          10
    31      11         17          15          119       227          10
    32      16         2          5          96       207          10
    33      10         42          11          15       244          10
    34      6         50          13          43       209          10
    35      4         0          7          120       243          10
    36      20         27          11          109       206          10
    37      31         46          11          27       229          10
    38      22         23          5          120       222          10
    39      3         24          10          118       237          10
    40      10         38          14          11       229          10
    41      49         36          13          3       224          10
    42      23         44          10          137       227          10
    43      49         5          14          128       220          10
    44      14         11          5          46       211          10
    45      9         10          10          86       208          10
    46      34         36          11          140       232          10
    47      5         19          8          99       208          10
    48      7         18          9          135       228          10
    49      16         11          8          89       206          10
    50      36         35          13          23       227          10
