r93
VEHICLE
NUMBER     CAPACITY
  20         200

CUSTOMER
CUST NO.  XCOORD.   YCOORD.    DEMAND   READY TIME  DUE DATE   SERVICE   TIME

    0      25         25          0          0          250         0
    1      46         45          13          42       221          10
    2      28         31          6          28       207          10
    3      38         18          6          120       247          10
    4      8         25          12          48       250          10
    5      36         33          9          118       250          10
    6      20         6          13          149       214          10
    7      32         49          8          103       215          10
    8      14         38          12          119       241          10
    9      30         27          5          64       220          10
    10      0         25          12          99       229          10
    11      14         30          15          101       209          10
    12      35         49          8          86       242          10
    13      33         48          7          148       232          10
    14      28         28          10          105       240          10
    15      6         40          7          138       207          10
    16      38         49          7          89       215          10
    17      10         48          7          18       238          10
    18      41         37          8          11       207          10
    19      36         31          11          26       235          10
    20      35         33          5          143       241          10
    21      24         35          7          103       247          10
    22      11         9          8          61       236          10
    23      31         44          8          11       208          10
    24      15         16          5          101       228          10
    25      26         37          10          90       208          10
    26      24         0          9          125       210          10
    27      29         40          10          72       222          10
    28      0         30          9          92       235          10
    29      4         5          5          105       236          10
    30      15         18          5          136       223          10
    31      22         13          14          79       231          10
    32      27         44          14          99       209          10
    33      48         5          13          71       224          10
    34      15         37          6          130       222          10
    35      28         20          8          118       223          10
    36      20         48          12          97       235          10
    37      25         31          15          88       229          10
    38      39         2          5          52       214          10
    39      29         15          13          17       219          10
    40      50         37          9          23       219          10
    41      0         33          11          129       213          10
    42      3         28          7          114       232          10
    43      4         20          14          28       234          10
    44      33         8          11          45       226          10
    45      2         48          7          29       203          10
    46      5         45          12          18       215          10
    47      5         21          12          17       246          10
    48      23         45          12          76       228          10
    49      36         39          5          0       203          10
    50      26         42          12          53       240          10
