r94
VEHICLE
NUMBER     CAPACITY
  20         200

CUSTOMER
CUST NO.  XCOORD.   YCOORD.    DEMAND   READY TIME  DUE DATE   SERVICE   TIME

    0      25         25          0          0          250         0
    1      7         21          5          49       224          10
    2      8         38          11          45       220          10
    3      22         6          13          135       222          10
    4      25         8          7          84       200          10
    5      13         5          15          2       213          10
    6      23         3          13          81       243          10
    7      39         28          14          94       224          10
    8      2         46          8          112       201          10
    9      19         39          12          60       209          10
    10      3         42          8          83       212          10
    11      25         44          9          66       208          10
    12      38         38          10          113       219          10
    13      13         41          9          47       236          10
    14      8         35          15          71       250          10
    15      14         4          7          34       203          10
    16      33         10          12          20       243          10
    17      11         33          7          5       235          10
    18      38         30          7          65       202          10
    19      13         22          13          89       228          10
    20      48         21          14          88       218          10
    21      30         5          13          77       204          10
    22      18         49          10          39       241          10
    23      46         11          9          76       218          10
    24      38         42          5          40       241          10
    25      13         49          9          93       233          10
    26      5         30          13          123       244          10
    27      27         43          6          34       215          10
    28      4         9          8          63       247          10
    29      31         47          15          17       240          10
    30      5         18          10          68       230          10
    31      26         4          14          125       220          10
    32      16         31          12          15       241          10
    33      11         27          12          3       241          10
    34      17         49          6          94       250          10
    35      22         46          9          126       232          10
    36      42         31          7          118       222          10
    37      8         6          5          100       245          10
    38      41         1          6          84       240          10
    39      39         43          15          57       230          10
    40      14         17          11          120       223          10
    41      35         14          15          26       208          10
    42      1         22          10          108       229          10
    43      17         2          11          30       243          10
    44      44         42          12          59       212          10
    45      43         34          7          29       242          10
    46      6         36          10          145       201          10
    47      13         16          8          92       243          10
    48      49         31          8          49       236          10
    49      20         18          9          62       214          10
    50      33         30          7          113       219          10
