r95
VEHICLE
NUMBER     CAPACITY
  20         200

CUSTOMER
CUST NO.  XCOORD.   YCOORD.    DEMAND   READY TIME  DUE DATE   SERVICE   TIME

    0      25         25          0          0          250         0
    1      12         36          10          58       247          10
    2      24         9          15          109       200          10
    3      34         15          9          140       202          10
    4      20         30          7          106       235          10
    5      20         31          9          21       207          10
    6      19         16          13          45       201          10
    7      47         8          11          8       234          10
    8      32         1          9          49       216          10
    9      16         32          11          83       245          10
    10      35         43          14          54       211          10
    11      12         7          11          52       201          10
    12      11         31          6          8       202          10
    13      18         46          5          78       213          10
    14      16         17          7          20       214          10
    15      35         37          6          126       224          10
    16      44         0          6          43       206          10
    17      19         42          13          89       246          10
    18      36         30          9          53       202          10
    19      46         31          7          71       237          10
    20      32         44          7          111       243          10
    21      20         21          12          117       210          10
    22      3         8          7          27       242          10
    23      9         21          5          18       214          10
    24      14         31          7          134       220          10
    25      19         44          14          144       207          10
    26      1         25          9          18       210          10
    27      47         10          7          64       234          10
    28      20         24          11          47       245          10
    29      40         26          15          93       209          10
    30      29         39          11          56       248          10
    31      29         21          9          73       233          10
    32      34         34          10          41       225          10
    33      43         2          7          150       238          10
    34      31         30          14          9       213          10
    35      42         19          8          10       240          10
    36      13         41          12          80       241          10
    37      1         50          12          75       247          10
    38      2         41          11          104       214          10
    39      5         17          13          125       230          10
    40      23         3          8          87       246          10
    41      9         37          9          3       220          10
    42      44         49          5          120       215          10
    43      32         46          9          40       211          10
    44      9         7          7          111       239          10
    45      7         1          11          111       248          10
    46      3         47          5          46       227          10
    47      35         37          15          31       237          10
    48      36         42          5          91       247          10
    49      33         41          10          127       236          10
    50      5         22          6          49       237          10
