r96
VEHICLE
NUMBER     CAPACITY
  20         200

CUSTOMER
CUST NO.  XCOORD.   YCOORD.    DEMAND   READY TIME  DUE DATE   SERVICE   TIME

    0      25         25          0          0          250         0
    1      1         28          7          79       201          10
    2      8         16          14          147       246          10
    3      34         39          7          71       213          10
    4      49         36          10          60       229          10
    5      36         0          13          48       205          10
    6      8         18          8          60       202          10
    7      34         29          13          62       209          10
    8      0         14          14          125       237          10
    9      11         50          5          19       236          10
    10      37         26          6          142       201          10
    11      27         24          6          43       209          10
    12      40         6          8          49       219          10
    13      8         18          7          100       230          10
    14      0         23          9          31       217          10
    15      5         15          8          19       200          10
    16      40         34          5          45       208          10
    17      42         27          5          114       217          10
    18      19         49          10          25       213          10
    19      43         21          11          27       234          10
    20      17         1          12          26       203          10
    21      43         3          9          120       222          10
    22      41         27          7          12       250          10
    23      14         34          7          148       243          10
    24      35         15          10          3       241          10
    25      35         5          12          104       219          10
    26      42         48          5          110       249          10
    27      0         25          5          43       231          10
    28      50         32          15          6       228          10
    29      14         33          5          76       244          10
    30      0         43          5          64       224          10
    31      17         5          15          132       231          10
    32      6         12          9          125       244          10
    33      45         28          6          136       203          10
    34      9         25          5          57       232          10
    35      24         50          13          90       226          10
    36      43         19          9          71       217          10
    37      13         22          12          104       228          10
    38      29         25          11          6       242          10
    39      46         11          11          67       206          10
    40      10         48          8          60       201          10
    41      33         30          7          108       228          10
    42      11         12          7          19       239          10
    43      33         35          5          99       248          10
    44      21         25          10          4       241          10
    45      38         7          14          42       204          10
    46      42         22          9          60       226          10
    47      39         19          14          105       233          10
    48      2         48          10          48       227          10
    49      37         38          13          109       206          10
    50      4         5          5          23       207          10
