r97
VEHICLE
NUMBER     CAPACITY
  20         200

CUSTOMER
CUST NO.  XCOORD.   YCOORD.    DEMAND   READY TIME  DUE DATE   SERVICE   TIME

    0      25         25          0          0          250         0
    1      13         28          15          111       231          10
    2      37         44          11          31       220          10
    3      9         18          10          39       201          10
    4      15         37          6          54       200          10
    5      24         44          15          146       217          10
    6      26         38          8          22       219          10
    7      18         17          6          62       209          10
    8      29         5          12          30       232          10
    9      23         40          8          19       250          10
    10      28         16          10          89       234          10
    11      21         16          6          35       241          10
    12      9         6          15          99       245          10
    13      15         27          9          67       218          10
    14      40         1          12          89       234          10
    15      50         18          8          137       232          10
    16      35         6          12          138       204          10
    17      24         10          8          86       236          10
    18      17         15          8          18       227          10
    19      1         7          7          103       212          10
    20      24         29          15          122       246          10
    21      39         33          9          2       228          10
    22      1         6          7          107       249          10
    23      12         4          10          149       218          10
    24      42         42          13          83       232          10
    25      6         29          6          76       247          10
    26      27         0          5          26       221          10
    27      45         43          6          82       223          10
    28      11         7          9          62       200          10
    29      27         20          15          116       245          10
    30      35         43          9          15       223          10
    31      19         11          6          140       249          10
    32      3         30          5          62       235          10
    33      32         23          10          94       240          10
    34      36         30          5          87       219          10
    35      8         9          6          29       242          10
    36      15         38          10          112       204          10
    37      40         12          15          108       246          10
    38      38         24          5          53       213          10
    39      40         28          14          2       221          10
    40      47         28          13          34       214          10
    41      45         16          9          91       212          10
    42      26         33          7          150       221          10
    43      41         13          14          14       212          10
    44      45         25          10          103       208          10
    45      6         47          13          59       208          10
    46      49         12          12          138       250          10
    47      45         4          8          102       228          10
    48      45         40          8          98       224          10
    49      28         9          8          55       211          10
    50      26         49          6          105       210          10
