r98
VEHICLE
NUMBER     CAPACITY
  20         200

CUSTOMER
CUST NO.  XCOORD.   YCOORD.    DEMAND   READY TIME  DUE DATE   SERVICE   TIME

    0      25         25          0          0          250         0
    1      11         11          9          32       242          10
    2      23         25          10          135       200          10
    3      41         26          15          9       224          10
    4      17         25          7          96       242          10
    5      45         12          8          60       220          10
    6      22         6          7          37       247          10
    7      0         35          10          18       230          10
    8      22         14          13          20       209          10
    9      5         37          12          149       201          10
    10      11         16          7          109       204          10
    11      7         18          7          48       202          10
    12      26         22          8          24       245          10
    13      24         15          8          28       237          10
    14      26         39          5          135       247          10
    15      21         10          14          27       218          10
    16      47         3          8          78       220          10
    17      26         1          5          3       231          10
    18      39         7          9          24       244          10
    19      11         29          5          113       214          10
    20      12         38          15          78       213          10
    21      49         29          14          69       224          10
    22      9         21          13          110       223          10
    23      32         6          10          58       205          10
    24      1         43          14          33       220          10
    25      31         40          7          88       246          10
    26      13         4          9          29       217          10
    27      48         10          6          144       213          10
    28      8         2          12          53       207          10
    29      11         41          12          75       244          10
    30      8         30          8          25       202          10
    31      31         17          11          97       200          10
    32      5         36          13          35       242          10
    33      13         29          12          146       212          10
    34      49         23          8          62       204          10
    35      28         4          15          127       240          10
    36      33         26          15          100       242          10
    37      31         19          13          1       226          10
    38      48         49          6          34       215          10
    39      40         34          7          93       216          10
    40      18         21          11          142       231          10
    41      15         2          10          72       220          10
    42      35         47          9          143       241          10
    43      50         14          15          72       207          10
    44      6         17          11          51       210          10
    45      21         7          5          46       216          10
    46      36         20          9          135       249          10
    47      34         6          10          47       203          10
    48      22         15          8          138       239          10
    49      32         50          15          108       246          10
    50      29         31          11          104       234          10
