r99
VEHICLE
NUMBER     CAPACITY
  20         200

CUSTOMER
CUST NO.  XCOORD.   YCOORD.    DEMAND   READY TIME  DUE DATE   SERVICE   TIME

    0      25         25          0          0          250         0
    1      18         48          5          0       231          10
    2      30         35          15          85       222          10
    3      45         4          9          54       219          10
    4      1         5          14          67       221          10
    5      7         25          12          69       205          10
    6      12         25          7          35       233          10
    7      5         41          9          44       242          10
    8      47         46          14          103       243          10
    9      27         20          6          111       244          10
    10      39         10          10          133       228          10
    11      36         19          8          38       202          10
    12      45         48          12          134       229          10
    13      3         1          7          43       201          10
    14      15         19          7          45       225          10
    15      26         0          14          96       233          10
    16      44         39          12          117       214          10
    17      5         15          14          11       243          10
    18      8         10          10          58       242          10
    19      46         37          8          81       244          10
    20      36         46          6          40       238          10
    21      10         0          14          20       231          10
    22      24         25          7          45       203          10
    23      49         13          7          150       216          10
    24      44         15          14          150       238          10
    25      6         33          13          88       211          10
    26      47         4          6          126       207          10
    27      10         49          7          137       225          10
    28      21         1          7          126       235          10
    29      13         42          12          65       211          10
    30      13         3          5          137       218          10
    31      21         15          11          52       210          10
    32      49         11          12          125       241          10
    33      22         22          11          121       239          10
    34      48         28          6          101       212          10
    35      9         37          6          28       224          10
    36      26         19          6          49       228          10
    37      10         49          8          107       225          10
    38      1         32          10          143       250          10
    39      11         13          5          141       239          10
    40      36         32          5          6       221          10
    41      8         30          11          119       217          10
    42      49         10          14          16       224          10
    43      34         41          11          69       232          10
    44      24         49          10          119       230          10
    45      19         18          9          46       249          10
    46      11         17          9          3       246          10
    47      22         9          11          44       224          10
    48      36         27          9          35       217          10
    49      37         12          9          59       211          10
    50      23         19          8          22       245          10
