r100
VEHICLE
NUMBER     CAPACITY
  10         100

CUSTOMER
CUST NO.  XCOORD.   YCOORD.    DEMAND   READY TIME  DUE DATE   SERVICE   TIME

    0      25         25          0          0          250         0
    1      15         11          5          73       222          10
    2      36         44          5          86       210          10
    3      16         14          8          44       249          10
    4      4         9          6          95       249          10
    5      43         35          5          10       204          10
    6      10         43          10          55       213          10
    7      5         19          10          51       243          10
    8      33         11          7          86       243          10
    9      46         6          5          84       216          10
    10      34         17          6          4       240          10
    11      1         40          9          102       211          10
    12      20         18          7          50       235          10
    13      45         17          9          55       213          10
    14      32         14          7          51       223          10
    15      26         40          10          70       202          10
    16      28         26          10          55       222          10
    17      18         38          9          116       201          10
    18      28         22          10          22       216          10
    19      39         14          9          55       220          10
    20      10         28          5          36       203          10
    21      16         8          10          51       218          10
    22      40         14          6          42       232          10
    23      36         7          5          120       226          10
    24      48         39          6          68       202          10
    25      12         43          8          107       239          10
