r104
VEHICLE
NUMBER     CAPACITY
  10         100

CUSTOMER
CUST NO.  XCOORD.   YCOORD.    DEMAND   READY TIME  DUE DATE   SERVICE   TIME

    0      25         25          0          0          250         0
    1      34         5          6          86       202          10
    2      19         13          10          81       232          10
    3      29         42          6          79       226          10
    4      13         34          7          79       216          10
    5      17         16          10          88       219          10
    6      4         34          5          20       233          10
    7      9         24          10          17       246          10
    8      45         48          7          51       205          10
    9      1         21          5          87       223          10
    10      18         30          7          116       225          10
    11      47         2          10          10       203          10
    12      14         24          6          9       230          10
    13      0         42          6          72       231          10
    14      44         21          9          118       230          10
    15      46         19          6          57       241          10
    16      43         40          10          57       239          10
    17      40         37          8          11       229          10
    18      16         2          5          52       246          10
    19      24         15          7          89       238          10
    20      37         21          7          56       200          10
    21      46         50          8          27       201          10
    22      20         21          8          43       240          10
    23      46         6          6          77       206          10
    24      2         45          9          95       239          10
    25      20         33          9          75       225          10
