r105
VEHICLE
NUMBER     CAPACITY
  10         100

CUSTOMER
CUST NO.  XCOORD.   YCOORD.    DEMAND   READY TIME  DUE DATE   SERVICE   TIME

    0      25         25          0          0          250         0
    1      13         9          7          70       238          10
    2      42         7          7          86       244          10
    3      17         22          5          100       241          10
    4      42         15          6          12       237          10
    5      2         22          6          67       227          10
    6      14         43          9          29       218          10
    7      26         25          5          33       238          10
    8      34         26          10          8       218          10
    9      35         35          8          120       222          10
    10      19         33          7          57       210          10
    11      26         12          10          35       230          10
    12      31         0          9          24       237          10
    13      41         29          5          94       217          10
    14      22         5          9          93       211          10
    15      14         6          9          25       204          10
    16      50         15          6          12       213          10
    17      22         22          9          63       218          10
    18      15         18          10          38       205          10
    19      47         21          8          79       211          10
    20      44         38          5          58       236          10
    21      34         9          8          40       246          10
    22      29         45          5          59       233          10
    23      14         20          6          49       232          10
    24      32         35          7          35       250          10
    25      47         9          7          111       226          10
