r106
VEHICLE
NUMBER     CAPACITY
  10         100

CUSTOMER
CUST NO.  XCOORD.   YCOORD.    DEMAND   READY TIME  DUE DATE   SERVICE   TIME

    0      25         25          0          0          250         0
    1      42         11          10          41       216          10
    2      27         39          9          8       219          10
    3      31         9          9          93       224          10
    4      13         23          6          21       201          10
    5      22         48          10          105       201          10
    6      44         2          10          9       225          10
    7      46         16          8          25       206          10
    8      20         22          7          22       243          10
    9      50         46          7          34       218          10
    10      13         46          8          76       205          10
    11      44         43          6          97       225          10
    12      23         10          9          82       204          10
    13      16         8          9          42       213          10
    14      20         17          6          72       233          10
    15      43         23          5          27       201          10
    16      9         17          7          108       200          10
    17      26         35          8          57       239          10
    18      13         27          5          55       208          10
    19      1         30          9          113       243          10
    20      36         5          9          24       246          10
    21      39         9          5          78       222          10
    22      11         39          5          80       222          10
    23      29         35          10          12       234          10
    24      48         13          10          51       249          10
    25      33         30          10          112       207          10
