r108
VEHICLE
NUMBER     CAPACITY
  10         100

CUSTOMER
CUST NO.  XCOORD.   YCOORD.    DEMAND   READY TIME  DUE DATE   SERVICE   TIME

    0      25         25          0          0          250         0
    1      34         32          9          2       239          10
    2      9         11          10          41       212          10
    3      22         36          9          38       223          10
    4      1         40          5          112       221          10
    5      13         27          6          15       200          10
    6      45         35          5          12       213          10
    7      36         35          9          52       204          10
    8      27         43          5          108       236          10
    9      0         16          6          35       208          10
    10      45         8          7          97       213          10
    11      10         13          10          87       249          10
    12      9         2          8          31       241          10
    13      50         9          8          88       248          10
    14      25         5          9          53       245          10
    15      28         6          9          87       218          10
    16      16         15          7          21       241          10
    17      27         25          7          66       200          10
    18      49         43          8          56       238          10
    19      38         44          5          28       215          10
    20      40         2          8          77       224          10
    21      1         36          6          79       244          10
    22      3         47          10          48       245          10
    23      37         28          8          66       218          10
    24      11         45          7          118       219          10
    25      29         29          5          63       224          10
