r110
VEHICLE
NUMBER     CAPACITY
  10         100

CUSTOMER
CUST NO.  XCOORD.   YCOORD.    DEMAND   READY TIME  DUE DATE   SERVICE   TIME

    0      25         25          0          0          250         0
    1      46         12          6          74       235          10
    2      36         35          5          6       226          10
    3      17         16          7          2       230          10
    4      29         7          6          103       232          10
    5      13         42          5          79       227          10
    6      40         41          10          7       211          10
    7      38         23          7          100       236          10
    8      21         10          8          35       216          10
    9      11         13          7          120       240          10
    10      47         36          5          0       220          10
    11      22         37          7          23       247          10
    12      17         28          9          93       243          10
    13      3         27          8          44       246          10
    14      40         25          6          111       249          10
    15      6         44          9          15       228          10
    16      9         1          9          58       249          10
    17      5         18          8          73       208          10
    18      38         38          5          21       208          10
    19      0         35          10          20       231          10
    20      10         27          8          20       240          10
    21      25         3          9          40       236          10
    22      27         35          10          24       219          10
    23      29         26          6          49       206          10
    24      30         23          6          39       213          10
    25      12         20          10          36       234          10
