r111
VEHICLE
NUMBER     CAPACITY
  10         100

CUSTOMER
CUST NO.  XCOORD.   YCOORD.    DEMAND   READY TIME  DUE DATE   SERVICE   TIME

    0      25         25          0          0          250         0
    1      26         18          5          83       242          10
    2      22         28          6          72       225          10
    3      19         47          6          0       212          10
    4      38         32          10          105       246          10
    5      19         16          10          46       224          10
    6      5         15          6          95       237          10
    7      3         30          6          107       235          10
    8      17         31          5          78       216          10
    9      20         41          5          16       200          10
    10      42         7          5          65       241          10
    11      31         31          7          53       212          10
    12      15         27          6          62       232          10
    13      36         7          6          92       241          10
    14      5         17          5          5       222          10
    15      18         1          6          79       244          10
    16      25         5          8          116       245          10
    17      23         36          7          71       235          10
    18      10         40          8          53       230          10
    19      38         9          6          107       206          10
    20      28         3          8          10       250          10
    21      27         3          6          13       207          10
    22      9         50          8          52       231          10
    23      31         7          10          69       248          10
    24      3         27          8          108       210          10
    25      26         17          6          18       232          10
