r114
VEHICLE
NUMBER     CAPACITY
  10         100

CUSTOMER
CUST NO.  XCOORD.   YCOORD.    DEMAND   READY TIME  DUE DATE   SERVICE   TIME

    0      25         25          0          0          250         0
    1      49         46          8          84       204          10
    2      44         12          5          25       210          10
    3      8         32          8          7       213          10
    4      43         6          8          111       217          10
    5      20         27          10          88       204          10
    6      36         2          6          24       215          10
    7      23         15          10          92       207          10
    8      21         44          6          17       226          10
    9      5         8          5          99       218          10
    10      32         43          8          35       210          10
    11      33         49          7          117       221          10
    12      29         4          8          70       226          10
    13      49         15          9          12       212          10
    14      5         32          7          32       240          10
    15      17         48          7          60       240          10
    16      41         44          5          65       232          10
    17      23         4          9          77       223          10
    18      5         29          8          76       238          10
    19      16         24          8          111       201          10
    20      42         4          5          82       233          10
    21      48         2          8          86       243          10
    22      15         48          10          113       221          10
    23      50         22          9          42       215          10
    24      50         47          8          42       210          10
    25      25         22          9          49       236          10
