r115
VEHICLE
NUMBER     CAPACITY
  10         100

CUSTOMER
CUST NO.  XCOORD.   YCOORD.    DEMAND   READY TIME  DUE DATE   SERVICE   TIME

    0      25         25          0          0          250         0
    1      16         25          8          52       234          10
    2      19         2          6          78       223          10
    3      43         25          6          21       225          10
    4      38         1          7          31       231          10
    5      42         43          10          105       221          10
    6      10         47          6          7       202          10
    7      50         5          9          3       217          10
    8      27         40          7          23       247          10
    9      33         23          8          119       225          10
    10      2         33          8          1       241          10
    11      15         39          6          40       207          10
    12      49         7          7          46       218          10
    13      1         44          7          97       203          10
    14      45         13          10          29       246          10
    15      19         26          9          103       244          10
    16      46         41          9          30       205          10
    17      10         7          10          7       234          10
    18      14         47          10          117       243          10
    19      39         14          7          43       219          10
    20      24         50          7          58       210          10
    21      40         21          9          47       246          10
    22      9         41          5          5       241          10
    23      8         28          9          55       229          10
    24      33         34          8          47       234          10
    25      43         17          6          110       202          10
