r118
VEHICLE
NUMBER     CAPACITY
  10         100

CUSTOMER
CUST NO.  XCOORD.   YCOORD.    DEMAND   READY TIME  DUE DATE   SERVICE   TIME

    0      25         25          0          0          250         0
    1      34         44          7          107       240          10
    2      45         33          7          26       246          10
    3      4         49          6          27       216          10
    4      16         38          6          40       230          10
    5      8         4          7          93       236          10
    6      22         21          10          61       245          10
    7      15         13          7          47       210          10
    8      23         16          10          94       210          10
    9      39         48          10          33       224          10
    10      10         49          5          2       237          10
    11      19         23          6          43       241          10
    12      6         26          9          34       222          10
    13      34         35          6          107       214          10
    14      5         16          5          105       235          10
    15      48         4          6          81       249          10
    16      26         38          6          26       224          10
    17      17         0          10          95       214          10
    18      33         25          5          32       206          10
    19      28         21          6          7       232          10
    20      20         20          9          87       213          10
    21      48         30          8          31       225          10
    22      14         20          7          7       212          10
    23      1         46          7          9       201          10
    24      1         26          7          110       232          10
    25      4         29          5          40       216          10
