r120
VEHICLE
NUMBER     CAPACITY
  10         100

CUSTOMER
CUST NO.  XCOORD.   YCOORD.    DEMAND   READY TIME  DUE DATE   SERVICE   TIME

    0      25         25          0          0          250         0
    1      9         26          10          53       226          10
    2      30         47          6          34       222          10
    3      31         41          10          20       205          10
    4      34         37          9          25       218          10
    5      16         19          6          22       209          10
    6      6         41          10          116       222          10
    7      20         9          5          93       247          10
    8      41         21          5          95       204          10
    9      27         5          8          58       249          10
    10      31         32          10          101       206          10
    11      29         18          10          77       244          10
    12      33         16          7          15       208          10
    13      40         18          7          120       230          10
    14      8         13          5          35       237          10
    15      37         18          6          88       234          10
    16      19         48          10          54       202          10
    17      39         34          7          5       223          10
    18      2         49          9          60       221          10
    19      0         50          8          28       238          10
    20      40         20          10          73       228          10
    21      8         30          5          31       250          10
    22      44         10          5          41       224          10
    23      17         5          5          51       250          10
    24      6         25          10          17       237          10
    25      0         30          7          73       228          10
