r122
VEHICLE
NUMBER     CAPACITY
  10         100

CUSTOMER
CUST NO.  XCOORD.   YCOORD.    DEMAND   READY TIME  DUE DATE   SERVICE   TIME

    0      25         25          0          0          250         0
    1      34         26          5          119       221          10
    2      5         16          7          3       216          10
    3      11         6          6          59       225          10
    4      20         49          10          57       242          10
    5      37         18          10          5       226          10
    6      25         22          7          37       213          10
    7      24         32          6          33       208          10
    8      3         22          9          45       246          10
    9      48         46          6          79       218          10
    10      1         18          10          39       215          10
    11      10         22          5          100       223          10
    12      10         27          6          39       234          10
    13      24         15          10          28       243          10
    14      29         4          9          76       227          10
    15      30         38          7          18       237          10
    16      23         40          7          0       239          10
    17      47         47          10          55       224          10
    18      4         39          10          43       201          10
    19      20         2          10          56       224          10
    20      12         34          7          14       202          10
    21      32         49          6          105       241          10
    22      46         4          6          5       218          10
    23      44         6          5          110       244          10
    24      21         38          6          115       220          10
    25      13         15          9          46       219          10
