r123
VEHICLE
NUMBER     CAPACITY
  10         100

CUSTOMER
CUST NO.  XCOORD.   YCOORD.    DEMAND   READY TIME  DUE DATE   SERVICE   TIME

    0      25         25          0          0          250         0
    1      6         15          9          86       204          10
    2      33         7          10          35       207          10
    3      18         11          8          95       223          10
    4      39         18          5          65       229          10
    5      16         16          9          114       202          10
    6      49         5          7          65       213          10
    7      24         4          6          10       204          10
    8      33         22          10          86       206          10
    9      23         13          7          54       212          10
    10      31         36          7          27       249          10
    11      12         40          7          33       214          10
    12      12         30          6          74       232          10
    13      31         46          6          34       202          10
    14      8         3          7          18       249          10
    15      31         29          6          31       204          10
    16      46         24          6          15       206          10
    17      11         37          7          27       235          10
    18      36         50          9          57       244          10
    19      21         0          6          120       231          10
    20      10         3          10          68       200          10
    21      30         41          6          25       246          10
    22      7         6          6          67       205          10
    23      25         26          9          34       219          10
    24      47         38          5          114       242          10
    25      43         3          5          31       237          10
