r124
VEHICLE
NUMBER     CAPACITY
  10         100

CUSTOMER
CUST NO.  XCOORD.   YCOORD.    DEMAND   READY TIME  DUE DATE   SERVICE   TIME

    0      25         25          0          0          250         0
    1      8         41          6          40       207          10
    2      38         33          9          3       250          10
    3      25         47          9          43       240          10
    4      4         4          10          4       213          10
    5      32         35          5          25       221          10
    6      33         43          8          18       248          10
    7      35         8          5          115       211          10
    8      10         44          7          84       226          10
    9      22         27          6          36       237          10
    10      23         49          6          115       241          10
    11      25         9          5          110       237          10
    12      41         1          10          60       247          10
    13      28         24          6          5       214          10
    14      11         5          9          86       246          10
    15      16         27          5          74       209          10
    16      2         0          10          105       242          10
    17      33         25          6          49       201          10
    18      14         29          8          26       234          10
    19      16         43          7          31       213          10
    20      19         41          10          6       230          10
    21      40         44          6          51       209          10
    22      49         38          6          45       222          10
    23      39         44          9          22       231          10
    24      48         9          7          75       205          10
    25      18         30          9          25       235          10
