r127
VEHICLE
NUMBER     CAPACITY
  10         100

CUSTOMER
CUST NO.  XCOORD.   YCOORD.    DEMAND   READY TIME  DUE DATE   SERVICE   TIME

    0      25         25          0          0          250         0
    1      6         36          7          115       206          10
    2      17         33          5          69       224          10
    3      37         37          7          81       241          10
    4      28         30          7          93       250          10
    5      30         30          5          75       241          10
    6      11         19          10          12       234          10
    7      26         17          5          3       212          10
    8      34         6          8          51       246          10
    9      20         38          7          71       200          10
    10      44         30          7          10       219          10
    11      44         44          9          46       215          10
    12      22         20          10          80       219          10
    13      30         26          5          42       221          10
    14      27         0          9          62       219          10
    15      25         21          8          81       247          10
    16      48         3          7          36       204          10
    17      50         39          6          118       204          10
    18      46         25          6          5       222          10
    19      7         11          6          39       239          10
    20      28         17          8          66       237          10
    21      45         25          7          18       250          10
    22      41         26          5          50       247          10
    23      25         3          10          16       232          10
    24      43         22          5          81       227          10
    25      20         31          5          39       213          10
