r130
VEHICLE
NUMBER     CAPACITY
  10         100

CUSTOMER
CUST NO.  XCOORD.   YCOORD.    DEMAND   READY TIME  DUE DATE   SERVICE   TIME

    0      25         25          0          0          250         0
    1      5         24          10          77       247          10
    2      16         14          5          11       246          10
    3      17         13          9          120       236          10
    4      46         40          5          21       236          10
    5      49         46          9          76       232          10
    6      17         29          9          51       211          10
    7      37         25          5          113       215          10
    8      37         19          10          21       230          10
    9      28         24          8          109       221          10
    10      50         23          5          38       211          10
    11      23         37          10          6       246          10
    12      20         24          10          76       233          10
    13      10         6          10          109       234          10
    14      34         13          6          12       225          10
    15      17         41          10          72       237          10
    16      11         1          8          86       249          10
    17      47         41          10          11       206          10
    18      5         29          5          40       245          10
    19      5         26          10          12       226          10
    20      8         38          5          40       209          10
    21      6         37          5          16       249          10
    22      22         2          8          66       224          10
    23      8         44          6          109       222          10
    24      36         28          5          0       218          10
    25      6         18          10          2       206          10
