r131
VEHICLE
NUMBER     CAPACITY
  10         100

CUSTOMER
CUST NO.  XCOORD.   YCOORD.    DEMAND   READY TIME  DUE DATE   SERVICE   TIME

    0      25         25          0          0          250         0
    1      45         46          8          31       229          10
    2      12         49          9          83       208          10
    3      35         37          9          76       233          10
    4      50         5          9          24       200          10
    5      17         34          5          112       226          10
    6      29         34          7          100       212          10
    7      16         42          5          53       247          10
    8      43         47          10          11       226          10
    9      5         37          5          52       213          10
    10      33         32          9          103       220          10
    11      31         34          8          83       204          10
    12      1         26          9          107       244          10
    13      34         3          5          113       201          10
    14      39         8          7          93       227          10
    15      24         5          5          60       248          10
    16      44         49          7          13       214          10
    17      33         24          5          82       203          10
    18      17         23          7          70       200          10
    19      11         49          7          23       222          10
    20      22         36          5          110       230          10
    21      40         49          7          47       228          10
    22      6         14          6          21       206          10
    23      11         22          8          93       225          10
    24      21         4          5          28       235          10
    25      45         13          8          117       235          10
