r138
VEHICLE
NUMBER     CAPACITY
  10         100

CUSTOMER
CUST NO.  XCOORD.   YCOORD.    DEMAND   READY TIME  DUE DATE   SERVICE   TIME

    0      25         25          0          0          250         0
    1      7         47          8          52       215          10
    2      15         27          5          45       234          10
    3      31         20          6          60       236          10
    4      5         40          8          86       211          10
    5      26         5          5          38       204          10
    6      5         36          9          38       239          10
    7      7         11          9          82       238          10
    8      46         4          8          23       238          10
    9      18         6          8          53       247          10
    10      36         39          6          104       229          10
    11      37         0          6          32       217          10
    12      7         35          6          3       205          10
    13      49         39          8          56       236          10
    14      22         18          8          75       232          10
    15      5         27          10          108       201          10
    16      38         49          6          95       238          10
    17      5         32          10          92       250          10
    18      10         9          6          47       224          10
    19      39         37          7          107       206          10
    20      42         48          5          54       239          10
    21      13         46          8          75       218          10
    22      4         32          6          50       205          10
    23      13         31          6          112       206          10
    24      1         6          8          89       226          10
    25      7         6          7          103       218          10
