r139
VEHICLE
NUMBER     CAPACITY
  10         100

CUSTOMER
CUST NO.  XCOORD.   YCOORD.    DEMAND   READY TIME  DUE DATE   SERVICE   TIME

    0      25         25          0          0          250         0
    1      48         21          5          88       249          10
    2      50         1          10          98       208          10
    3      21         10          10          58       208          10
    4      31         10          5          97       204          10
    5      29         25          8          14       238          10
    6      20         29          6          93       246          10
    7      27         35          7          53       240          10
    8      24         24          10          64       230          10
    9      2         18          5          66       212          10
    10      43         19          5          45       246          10
    11      40         40          6          36       204          10
    12      21         36          7          14       240          10
    13      23         45          5          106       205          10
    14      36         25          10          107       233          10
    15      46         32          8          119       209          10
    16      29         50          8          25       221          10
    17      1         15          7          45       236          10
    18      2         37          10          68       237          10
    19      9         8          10          92       200          10
    20      45         50          9          114       206          10
    21      18         29          6          8       200          10
    22      46         2          5          53       217          10
    23      42         3          7          85       240          10
    24      33         34          8          107       234          10
    25      37         45          8          16       209          10
