r140
VEHICLE
NUMBER     CAPACITY
  10         100

CUSTOMER
CUST NO.  XCOORD.   YCOORD.    DEMAND   READY TIME  DUE DATE   SERVICE   TIME

    0      25         25          0          0          250         0
    1      44         18          8          95       243          10
    2      15         46          7          91       226          10
    3      14         39          9          104       214          10
    4      4         19          5          14       214          10
    5      16         25          6          98       220          10
    6      12         1          7          36       205          10
    7      7         38          5          29       222          10
    8      31         10          6          105       208          10
    9      12         38          7          96       243          10
    10      40         40          6          105       226          10
    11      11         43          8          111       213          10
    12      41         25          8          106       222          10
    13      15         38          6          73       201          10
    14      44         37          6          6       226          10
    15      20         28          8          114       202          10
    16      27         9          10          41       213          10
    17      13         23          6          9       223          10
    18      7         17          5          91       243          10
    19      45         6          6          100       228          10
    20      31         32          6          63       214          10
    21      30         24          6          37       232          10
    22      38         14          6          28       216          10
    23      47         26          9          110       244          10
    24      22         47          6          116       248          10
    25      47         46          5          1       237          10
