r142
VEHICLE
NUMBER     CAPACITY
  10         100

CUSTOMER
CUST NO.  XCOORD.   YCOORD.    DEMAND   READY TIME  DUE DATE   SERVICE   TIME

    0      25         25          0          0          250         0
    1      14         12          8          53       204          10
    2      6         12          6          72       209          10
    3      21         47          6          39       221          10
    4      15         3          10          107       216          10
    5      36         11          10          51       215          10
    6      18         19          9          84       240          10
    7      16         48          7          15       203          10
    8      4         48          10          76       248          10
    9      22         23          8          73       237          10
    10      39         21          8          23       226          10
    11      40         18          6          95       245          10
    12      41         30          8          1       247          10
    13      19         22          9          31       202          10
    14      35         40          8          50       204          10
    15      22         41          8          63       243          10
    16      26         22          5          98       217          10
    17      34         46          8          50       236          10
    18      15         24          10          24       202          10
    19      34         49          6          40       208          10
    20      48         32          7          68       232          10
    21      14         34          10          46       241          10
    22      17         15          6          24       224          10
    23      23         22          6          55       217          10
    24      9         18          8          119       209          10
    25      21         46          10          113       215          10
