r143
VEHICLE
NUMBER     CAPACITY
  10         100

CUSTOMER
CUST NO.  XCOORD.   YCOORD.    DEMAND   READY TIME  DUE DATE   SERVICE   TIME

    0      25         25          0          0          250         0
    1      48         1          6          94       207          10
    2      44         27          6          89       228          10
    3      3         21          9          53       223          10
    4      12         14          6          48       211          10
    5      32         18          6          55       246          10
    6      0         7          5          113       227          10
    7      40         27          6          104       212          10
    8      36         29          10          69       222          10
    9      39         41          10          75       223          10
    10      22         44          6          109       237          10
    11      30         1          6          60       203          10
    12      40         38          6          46       220          10
    13      44         36          7          96       241          10
    14      8         13          8          56       227          10
    15      15         37          10          92       222          10
    16      1         28          6          36       244          10
    17      45         49          8          105       211          10
    18      40         41          8          8       245          10
    19      1         28          5          90       223          10
    20      26         4          7          38       240          10
    21      50         39          6          66       230          10
    22      46         49          7          7       238          10
    23      38         41          6          32       246          10
    24      2         2          7          44       242          10
    25      37         23          10          38       219          10
