r147
VEHICLE
NUMBER     CAPACITY
  10         100

CUSTOMER
CUST NO.  XCOORD.   YCOORD.    DEMAND   READY TIME  DUE DATE   SERVICE   TIME

    0      25         25          0          0          250         0
    1      39         43          5          42       219          10
    2      35         20          8          65       229          10
    3      48         5          10          24       223          10
    4      7         42          10          49       214          10
    5      8         28          7          86       214          10
    6      30         30          7          1       210          10
    7      36         11          6          37       218          10
    8      12         40          7          25       213          10
    9      9         0          9          118       216          10
    10      30         37          5          108       215          10
    11      14         45          8          111       213          10
    12      38         0          10          98       202          10
    13      2         17          7          26       206          10
    14      39         22          5          22       223          10
    15      10         38          7          39       206          10
    16      47         13          9          72       250          10
    17      46         15          10          92       245          10
    18      1         5          9          18       239          10
    19      44         20          9          8       236          10
    20      14         49          9          53       234          10
    21      16         25          6          117       231          10
    22      18         43          10          10       219          10
    23      25         14          10          2       203          10
    24      14         1          7          100       226          10
    25      50         35          5          53       217          10
