r149
VEHICLE
NUMBER     CAPACITY
  10         100

CUSTOMER
CUST NO.  XCOORD.   YCOORD.    DEMAND   READY TIME  DUE DATE   SERVICE   TIME

    0      25         25          0          0          250         0
    1      39         19          5          115       224          10
    2      40         25          5          47       241          10
    3      7         0          8          35       248          10
    4      14         19          7          22       236          10
    5      16         15          8          9       238          10
    6      46         44          9          50       200          10
    7      48         1          7          5       228          10
    8      38         2          8          30       201          10
    9      43         30          6          29       222          10
    10      18         7          5          95       202          10
    11      43         18          10          75       224          10
    12      34         20          6          108       224          10
    13      39         50          9          91       214          10
    14      14         1          9          104       234          10
    15      31         14          7          8       246          10
    16      15         18          5          82       236          10
    17      6         38          6          96       203          10
    18      22         39          5          66       216          10
    19      16         49          7          106       243          10
    20      39         29          10          69       238          10
    21      2         10          5          69       247          10
    22      22         35          6          4       248          10
    23      1         30          6          5       222          10
    24      49         6          8          13       215          10
    25      30         48          7          97       215          10
