r150
VEHICLE
NUMBER     CAPACITY
  10         100

CUSTOMER
CUST NO.  XCOORD.   YCOORD.    DEMAND   READY TIME  DUE DATE   SERVICE   TIME

    0      25         25          0          0          250         0
    1      39         0          6          51       205          10
    2      21         3          5          81       210          10
    3      19         17          8          106       220          10
    4      42         45          8          91       230          10
    5      17         20          10          62       213          10
    6      1         1          10          40       241          10
    7      36         46          9          12       203          10
    8      26         31          6          44       250          10
    9      43         15          6          90       207          10
    10      23         32          7          16       236          10
    11      13         44          8          49       239          10
    12      20         18          10          58       217          10
    13      7         36          5          61       238          10
    14      48         6          7          89       210          10
    15      21         20          5          25       216          10
    16      0         23          5          43       202          10
    17      0         13          9          113       211          10
    18      2         48          9          84       248          10
    19      37         32          5          67       224          10
    20      3         11          6          22       246          10
    21      33         10          6          19       216          10
    22      41         18          9          117       244          10
    23      9         7          8          88       232          10
    24      41         18          7          119       205          10
    25      9         17          10          93       204          10
