r151
VEHICLE
NUMBER     CAPACITY
  10         100

CUSTOMER
CUST NO.  XCOORD.   YCOORD.    DEMAND   READY TIME  DUE DATE   SERVICE   TIME

    0      25         25          0          0          250         0
    1      25         5          8          99       248          10
    2      18         35          10          35       217          10
    3      44         3          6          89       219          10
    4      33         26          8          114       243          10
    5      45         35          10          36       200          10
    6      19         31          6          99       213          10
    7      16         36          6          104       248          10
    8      6         8          7          67       204          10
    9      40         29          8          116       240          10
    10      11         34          6          39       242          10
    11      24         13          8          108       232          10
    12      16         26          10          19       218          10
    13      47         16          10          68       233          10
    14      39         0          7          65       218          10
    15      22         11          5          36       206          10
    16      16         9          10          15       208          10
    17      14         19          8          96       228          10
    18      0         12          9          47       217          10
    19      29         42          7          89       208          10
    20      50         40          6          24       207          10
    21      21         50          5          20       240          10
    22      21         42          7          15       249          10
    23      20         26          9          18       222          10
    24      48         37          7          108       242          10
    25      46         3          6          64       213          10
