r152
VEHICLE
NUMBER     CAPACITY
  10         100

CUSTOMER
CUST NO.  XCOORD.   YCOORD.    DEMAND   READY TIME  DUE DATE   SERVICE   TIME

    0      25         25          0          0          250         0
    1      34         4          10          55       243          10
    2      29         35          9          91       206          10
    3      25         27          9          97       226          10
    4      34         25          5          85       238          10
    5      45         44          6          17       244          10
    6      1         13          9          44       238          10
    7      45         7          9          106       241          10
    8      46         41          8          74       211          10
    9      28         28          5          38       243          10
    10      35         42          9          107       218          10
    11      47         38          5          34       216          10
    12      7         16          6          118       220          10
    13      5         20          8          64       240          10
    14      7         1          8          12       218          10
    15      41         31          6          23       219          10
    16      17         7          9          72       214          10
    17      4         27          7          24       232          10
    18      35         24          9          58       211          10
    19      20         29          10          80       205          10
    20      11         27          7          31       224          10
    21      14         32          9          108       232          10
    22      13         25          6          82       220          10
    23      40         17          5          9       200          10
    24      44         48          9          13       232          10
    25      35         42          9          60       208          10
