r153
VEHICLE
NUMBER     CAPACITY
  10         100

CUSTOMER
CUST NO.  XCOORD.   YCOORD.    DEMAND   READY TIME  DUE DATE   SERVICE   TIME

    0      25         25          0          0          250         0
    1      14         10          7          96       213          10
    2      38         20          10          98       232          10
    3      15         12          5          92       227          10
    4      14         45          10          69       215          10
    5      39         23          5          16       208          10
    6      26         2          6          8       229          10
    7      14         26          8          120       200          10
    8      26         30          9          89       241          10
    9      8         49          5          51       247          10
    10      5         25          7          100       241          10
    11      7         2          8          87       220          10
    12      8         7          10          89       220          10
    13      26         47          8          10       233          10
    14      32         27          5          40       229          10
    15      42         30          6          41       248          10
    16      35         9          5          68       213          10
    17      20         28          7          43       211          10
    18      49         3          9          71       205          10
    19      18         30          8          66       200          10
    20      14         3          9          91       220          10
    21      34         50          7          56       247          10
    22      1         49          7          8       206          10
    23      40         10          6          103       213          10
    24      40         25          5          39       247          10
    25      19         15          8          72       235          10
