r154
VEHICLE
NUMBER     CAPACITY
  10         100

CUSTOMER
CUST NO.  XCOORD.   YCOORD.    DEMAND   READY TIME  DUE DATE   SERVICE   TIME

    0      25         25          0          0          250         0
    1      25         24          6          19       203          10
    2      39         14          5          97       248          10
    3      2         18          5          110       249          10
    4      38         38          8          80       213          10
    5      14         31          7          54       232          10
    6      21         4          6          14       219          10
    7      7         26          7          35       233          10
    8      26         23          5          26       241          10
    9      27         8          6          91       211          10
    10      9         19          7          83       248          10
    11      5         35          7          92       226          10
    12      20         20          6          90       210          10
    13      21         45          10          74       210          10
    14      38         36          6          80       235          10
    15      16         5          8          45       228          10
    16      14         47          6          94       246          10
    17      12         33          10          98       217          10
    18      4         34          5          102       202          10
    19      11         15          7          111       203          10
    20      46         23          8          89       233          10
    21      48         41          8          17       214          10
    22      2         18          6          32       201          10
    23      21         28          8          77       234          10
    24      47         27          6          20       242          10
    25      5         29          9          82       211          10
