r157
VEHICLE
NUMBER     CAPACITY
  10         100

CUSTOMER
CUST NO.  XCOORD.   YCOORD.    DEMAND   READY TIME  DUE DATE   SERVICE   TIME

    0      25         25          0          0          250         0
    1      21         25          9          119       200          10
    2      4         11          8          1       247          10
    3      33         28          5          88       213          10
    4      19         22          10          2       200          10
    5      14         46          8          119       204          10
    6      0         15          9          102       215          10
    7      12         1          9          34       213          10
    8      49         38          7          23       236          10
    9      38         5          6          117       233          10
    10      24         15          8          39       229          10
    11      1         13          9          56       228          10
    12      33         29          5          64       226          10
    13      42         7          7          38       208          10
    14      31         23          10          41       209          10
    15      25         39          5          26       242          10
    16      50         50          6          54       232          10
    17      49         3          7          115       202          10
    18      49         46          9          19       216          10
    19      12         27          9          18       232          10
    20      16         15          5          27       225          10
    21      40         37          9          6       221          10
    22      34         3          5          115       224          10
    23      17         16          7          72       225          10
    24      26         40          8          38       241          10
    25      20         29          7          9       213          10
