r158
VEHICLE
NUMBER     CAPACITY
  10         100

CUSTOMER
CUST NO.  XCOORD.   YCOORD.    DEMAND   READY TIME  DUE DATE   SERVICE   TIME

    0      25         25          0          0          250         0
    1      20         7          10          99       245          10
    2      4         13          7          85       249          10
    3      41         25          7          7       245          10
    4      20         49          7          47       209          10
    5      34         11          10          9       249          10
    6      9         35          8          93       241          10
    7      13         32          9          56       217          10
    8      7         21          5          38       217          10
    9      31         48          5          17       220          10
    10      49         33          6          15       224          10
    11      45         11          7          112       243          10
    12      32         6          5          113       225          10
    13      36         47          9          74       201          10
    14      6         15          7          69       220          10
    15      7         50          6          80       219          10
    16      50         27          9          14       229          10
    17      24         1          8          36       233          10
    18      49         1          8          88       226          10
    19      40         34          5          47       222          10
    20      38         18          7          48       217          10
    21      37         50          10          106       238          10
    22      7         43          6          112       245          10
    23      0         7          5          35       229          10
    24      43         32          7          102       233          10
    25      37         45          10          85       212          10
