r160
VEHICLE
NUMBER     CAPACITY
  10         100

CUSTOMER
CUST NO.  XCOORD.   YCOORD.    DEMAND   READY TIME  DUE DATE   SERVICE   TIME

    0      25         25          0          0          250         0
    1      7         29          9          58       217          10
    2      37         42          8          100       224          10
    3      7         27          10          106       202          10
    4      18         39          6          118       246          10
    5      29         0          7          86       245          10
    6      9         37          9          49       205          10
    7      40         30          7          92       231          10
    8      45         48          5          14       210          10
    9      34         30          5          25       208          10
    10      14         5          7          3       214          10
    11      43         27          8          107       227          10
    12      50         10          7          105       235          10
    13      16         8          7          55       202          10
    14      12         44          6          82       227          10
    15      33         16          8          51       244          10
    16      39         20          5          50       213          10
    17      39         50          10          47       226          10
    18      4         27          10          95       243          10
    19      1         41          9          32       246          10
    20      18         13          5          91       229          10
    21      48         27          8          63       246          10
    22      14         44          6          100       208          10
    23      47         42          10          50       235          10
    24      24         45          5          115       218          10
    25      20         16          10          35       204          10
