r161
VEHICLE
NUMBER     CAPACITY
  10         100

CUSTOMER
CUST NO.  XCOORD.   YCOORD.    DEMAND   READY TIME  DUE DATE   SERVICE   TIME

    0      25         25          0          0          250         0
    1      19         29          5          58       244          10
    2      13         2          7          105       237          10
    3      49         29          8          87       217          10
    4      20         30          8          46       205          10
    5      40         24          9          71       221          10
    6      29         37          8          112       207          10
    7      36         26          5          40       225          10
    8      41         29          7          81       200          10
    9      18         36          5          87       215          10
    10      32         50          7          30       240          10
    11      6         21          8          9       232          10
    12      49         12          6          64       212          10
    13      20         27          7          37       208          10
    14      34         32          7          95       241          10
    15      43         49          10          111       213          10
    16      26         14          6          76       236          10
    17      47         10          8          115       208          10
    18      5         21          9          18       225          10
    19      47         9          5          95       231          10
    20      20         41          6          39       225          10
    21      9         29          6          70       229          10
    22      47         29          6          71       250          10
    23      44         2          10          93       210          10
    24      50         36          10          106       210          10
    25      25         44          9          117       207          10
