r162
VEHICLE
NUMBER     CAPACITY
  10         100

CUSTOMER
CUST NO.  XCOORD.   YCOORD.    DEMAND   READY TIME  DUE DATE   SERVICE   TIME

    0      25         25          0          0          250         0
    1      3         49          9          78       219          10
    2      30         10          9          56       211          10
    3      10         2          9          53       242          10
    4      0         29          7          47       242          10
    5      30         48          8          28       200          10
    6      39         36          7          15       208          10
    7      35         50          5          106       215          10
    8      10         25          9          113       235          10
    9      17         7          10          36       244          10
    10      33         9          10          39       245          10
    11      46         30          8          56       247          10
    12      16         3          9          23       239          10
    13      18         23          6          29       214          10
    14      2         32          5          76       247          10
    15      4         19          8          19       230          10
    16      42         38          8          87       208          10
    17      32         11          10          97       228          10
    18      48         11          10          107       208          10
    19      9         0          10          73       228          10
    20      20         7          5          51       200          10
    21      1         35          5          112       236          10
    22      26         17          7          87       239          10
    23      24         12          5          96       213          10
    24      26         38          5          103       250          10
    25      25         6          6          65       219          10
