r164
VEHICLE
NUMBER     CAPACITY
  10         100

CUSTOMER
CUST NO.  XCOORD.   YCOORD.    DEMAND   READY TIME  DUE DATE   SERVICE   TIME

    0      25         25          0          0          250         0
    1      11         34          8          102       202          10
    2      48         16          7          20       242          10
    3      28         28          8          92       209          10
    4      5         26          10          47       239          10
    5      40         50          10          83       243          10
    6      37         1          10          19       240          10
    7      29         35          5          42       216          10
    8      3         27          9          3       238          10
    9      21         41          8          118       202          10
    10      26         17          8          49       231          10
    11      48         32          10          7       229          10
    12      37         41          8          21       210          10
    13      42         24          6          1       229          10
    14      33         32          5          6       240          10
    15      46         41          7          100       201          10
    16      40         22          9          34       228          10
    17      29         19          9          79       239          10
    18      40         42          10          14       204          10
    19      40         26          10          18       230          10
    20      46         39          9          48       220          10
    21      30         3          8          31       246          10
    22      29         45          9          73       213          10
    23      40         40          8          65       238          10
    24      18         39          6          86       227          10
    25      15         0          9          45       210          10
