r165
VEHICLE
NUMBER     CAPACITY
  10         100

CUSTOMER
CUST NO.  XCOORD.   YCOORD.    DEMAND   READY TIME  DUE DATE   SERVICE   TIME

    0      25         25          0          0          250         0
    1      16         8          6          51       226          10
    2      17         18          5          61       239          10
    3      7         10          10          32       226          10
    4      50         39          9          18       205          10
    5      23         3          10          68       203          10
    6      46         3          10          76       235          10
    7      25         31          10          105       221          10
    8      32         0          7          94       217          10
    9      49         1          10          25       246          10
    10      50         27          8          68       241          10
    11      4         44          9          66       215          10
    12      45         34          6          76       223          10
    13      35         21          7          22       202          10
    14      6         37          10          81       218          10
    15      31         32          5          24       246          10
    16      34         50          8          31       245          10
    17      3         48          7          55       211          10
    18      7         13          10          73       216          10
    19      20         22          7          1       217          10
    20      48         4          5          6       237          10
    21      38         46          6          28       204          10
    22      10         41          8          55       242          10
    23      15         3          5          79       231          10
    24      16         8          5          87       223          10
    25      8         8          9          31       225          10
