r167
VEHICLE
NUMBER     CAPACITY
  10         100

CUSTOMER
CUST NO.  XCOORD.   YCOORD.    DEMAND   READY TIME  DUE DATE   SERVICE   TIME

    0      25         25          0          0          250         0
    1      5         3          10          14       228          10
    2      22         13          7          42       225          10
    3      31         2          6          78       232          10
    4      29         41          7          84       218          10
    5      23         47          10          98       221          10
    6      45         37          7          92       243          10
    7      6         3          8          20       238          10
    8      37         14          9          106       245          10
    9      8         44          6          41       232          10
    10      44         31          8          15       220          10
    11      26         9          5          53       245          10
    12      4         0          6          28       208          10
    13      27         11          10          71       200          10
    14      12         28          10          15       246          10
    15      26         7          6          115       221          10
    16      32         45          5          64       210          10
    17      22         37          10          5       228          10
    18      44         5          10          14       226          10
    19      38         10          9          55       239          10
    20      31         13          10          103       230          10
    21      43         26          5          8       202          10
    22      39         47          8          8       250          10
    23      15         42          7          1       242          10
    24      12         13          6          32       235          10
    25      19         33          5          52       203          10
