r171
VEHICLE
NUMBER     CAPACITY
  10         100

CUSTOMER
CUST NO.  XCOORD.   YCOORD.    DEMAND   READY TIME  DUE DATE   SERVICE   TIME

    0      25         25          0          0          250         0
    1      49         48          9          0       219          10
    2      39         29          7          85       248          10
    3      43         21          9          38       206          10
    4      1         32          7          92       238          10
    5      11         38          5          70       236          10
    6      31         28          5          111       249          10
    7      23         11          10          92       213          10
    8      44         49          7          64       243          10
    9      49         8          10          59       229          10
    10      37         40          8          7       227          10
    11      28         3          8          94       239          10
    12      14         28          5          58       205          10
    13      46         35          10          35       225          10
    14      19         19          7          49       213          10
    15      30         42          7          107       214          10
    16      10         50          6          6       213          10
    17      5         49          5          117       250          10
    18      6         39          8          71       216          10
    19      15         18          8          109       202          10
    20      5         23          5          65       237          10
    21      11         13          7          29       248          10
    22      43         47          8          94       222          10
    23      26         39          5          66       205          10
    24      16         13          7          5       219          10
    25      23         38          7          85       209          10
