r175
VEHICLE
NUMBER     CAPACITY
  10         100

CUSTOMER
CUST NO.  XCOORD.   YCOORD.    DEMAND   READY TIME  DUE DATE   SERVICE   TIME

    0      25         25          0          0          250         0
    1      38         22          6          90       200          10
    2      30         39          8          120       217          10
    3      29         46          10          78       216          10
    4      1         1          10          96       250          10
    5      20         4          8          83       221          10
    6      5         47          6          61       233          10
    7      40         16          10          68       214          10
    8      36         27          6          111       221          10
    9      11         5          6          63       212          10
    10      38         1          7          30       216          10
    11      44         25          8          79       249          10
    12      22         49          7          35       212          10
    13      1         41          8          42       209          10
    14      25         31          10          25       218          10
    15      43         9          8          46       230          10
    16      18         38          5          6       242          10
    17      33         4          7          79       235          10
    18      37         47          5          27       209          10
    19      1         1          9          78       206          10
    20      42         20          8          55       248          10
    21      1         4          7          60       228          10
    22      49         14          7          73       229          10
    23      16         30          6          10       204          10
    24      5         5          8          43       242          10
    25      30         7          8          119       203          10
