r177
VEHICLE
NUMBER     CAPACITY
  10         100

CUSTOMER
CUST NO.  XCOORD.   YCOORD.    DEMAND   READY TIME  DUE DATE   SERVICE   TIME

    0      25         25          0          0          250         0
    1      9         4          5          75       211          10
    2      17         16          6          63       246          10
    3      26         2          5          55       236          10
    4      47         23          5          66       239          10
    5      20         28          9          42       246          10
    6      29         11          10          101       228          10
    7      28         43          9          93       206          10
    8      46         30          5          74       230          10
    9      43         3          7          73       216          10
    10      42         38          9          91       242          10
    11      31         40          10          71       215          10
    12      27         26          9          33       229          10
    13      22         36          8          12       216          10
    14      38         15          10          82       221          10
    15      13         40          5          118       201          10
    16      20         19          5          33       211          10
    17      43         15          10          112       204          10
    18      0         4          8          119       219          10
    19      35         29          6          7       203          10
    20      9         9          6          94       207          10
    21      23         21          7          87       228          10
    22      15         14          5          69       208          10
    23      34         21          9          30       215          10
    24      47         36          6          5       200          10
    25      41         4          8          95       249          10
