r178
VEHICLE
NUMBER     CAPACITY
  10         100

CUSTOMER
CUST NO.  XCOORD.   YCOORD.    DEMAND   READY TIME  DUE DATE   SERVICE   TIME

    0      25         25          0          0          250         0
    1      41         17          7          92       218          10
    2      28         32          5          99       200          10
    3      46         17          8          51       241          10
    4      18         35          5          96       207          10
    5      24         22          7          90       209          10
    6      38         17          6          7       228          10
    7      33         34          8          98       208          10
    8      14         23          5          28       208          10
    9      34         7          10          19       220          10
    10      44         39          9          20       232          10
    11      21         0          10          12       222          10
    12      26         46          5          53       241          10
    13      16         38          10          67       232          10
    14      14         10          7          19       223          10
    15      5         49          5          23       237          10
    16      22         17          8          42       243          10
    17      47         12          6          35       240          10
    18      13         26          6          33       232          10
    19      20         45          9          0       203          10
    20      39         30          8          50       207          10
    21      1         14          9          120       250          10
    22      34         27          5          105       237          10
    23      38         43          10          13       216          10
    24      1         13          8          66       203          10
    25      28         37          10          93       209          10
