r179
VEHICLE
NUMBER     CAPACITY
  10         100

CUSTOMER
CUST NO.  XCOORD.   YCOORD.    DEMAND   READY TIME  DUE DATE   SERVICE   TIME

    0      25         25          0          0          250         0
    1      48         49          6          15       216          10
    2      16         50          9          117       214          10
    3      41         18          6          54       211          10
    4      18         9          6          109       245          10
    5      37         16          9          64       235          10
    6      28         40          10          118       236          10
    7      28         14          10          76       249          10
    8      36         11          8          8       213          10
    9      25         6          7          26       250          10
    10      49         34          8          70       207          10
    11      5         48          6          59       218          10
    12      33         44          5          1       202          10
    13      6         0          5          27       232          10
    14      8         44          7          5       233          10
    15      13         32          7          105       209          10
    16      13         2          10          103       212          10
    17      45         33          9          118       233          10
    18      14         19          6          45       235          10
    19      3         22          5          35       249          10
    20      20         4          5          23       236          10
    21      7         36          7          26       237          10
    22      34         10          8          17       216          10
    23      16         17          5          30       224          10
    24      13         46          7          39       225          10
    25      45         10          5          25       247          10
