r180
VEHICLE
NUMBER     CAPACITY
  10         100

CUSTOMER
CUST NO.  XCOORD.   YCOORD.    DEMAND   READY TIME  DUE DATE   SERVICE   TIME

    0      25         25          0          0          250         0
    1      12         2          7          97       213          10
    2      43         47          10          64       240          10
    3      39         11          5          19       223          10
    4      11         49          7          106       247          10
    5      25         8          10          78       219          10
    6      19         29          5          74       204          10
    7      4         18          9          107       239          10
    8      17         47          7          93       206          10
    9      38         28          9          11       202          10
    10      36         16          10          17       224          10
    11      36         7          9          90       227          10
    12      5         5          8          106       238          10
    13      39         28          8          19       210          10
    14      28         38          5          51       215          10
    15      46         18          7          64       239          10
    16      44         28          10          56       205          10
    17      22         42          9          60       248          10
    18      16         5          7          87       219          10
    19      4         30          7          83       204          10
    20      13         28          9          34       212          10
    21      46         8          9          111       241          10
    22      10         35          9          24       200          10
    23      0         36          6          19       236          10
    24      12         26          7          13       208          10
    25      25         28          7          94       221          10
