r181
VEHICLE
NUMBER     CAPACITY
  10         100

CUSTOMER
CUST NO.  XCOORD.   YCOORD.    DEMAND   READY TIME  DUE DATE   SERVICE   TIME

    0      25         25          0          0          250         0
    1      23         1          10          67       224          10
    2      13         21          5          101       241          10
    3      38         38          7          27       244          10
    4      39         1          10          79       226          10
    5      48         23          6          70       201          10
    6      41         35          8          80       205          10
    7      33         38          8          79       215          10
    8      40         49          6          60       247          10
    9      48         36          5          109       211          10
    10      44         33          10          84       201          10
    11      5         45          7          3       218          10
    12      5         47          10          53       219          10
    13      20         47          7          120       220          10
    14      41         36          7          88       238          10
    15      11         1          8          74       248          10
    16      31         48          7          60       227          10
    17      36         25          9          89       238          10
    18      35         24          9          24       224          10
    19      8         8          10          120       241          10
    20      0         30          5          65       206          10
    21      38         22          10          71       235          10
    22      38         38          8          84       239          10
    23      7         11          5          24       208          10
    24      30         43          7          112       219          10
    25      14         34          5          57       236          10
