r182
VEHICLE
NUMBER     CAPACITY
  10         100

CUSTOMER
CUST NO.  XCOORD.   YCOORD.    DEMAND   READY TIME  DUE DATE   SERVICE   TIME

    0      25         25          0          0          250         0
    1      35         6          7          116       206          10
    2      9         36          10          106       213          10
    3      12         37          7          37       218          10
    4      41         9          6          75       228          10
    5      18         45          6          97       237          10
    6      5         48          9          14       247          10
    7      13         37          10          20       210          10
    8      6         36          6          118       215          10
    9      49         8          10          107       229          10
    10      17         39          6          15       245          10
    11      28         39          5          37       230          10
    12      31         22          7          10       202          10
    13      9         35          9          28       203          10
    14      37         20          5          87       214          10
    15      3         30          9          70       204          10
    16      47         49          10          88       202          10
    17      15         3          7          119       217          10
    18      37         50          7          97       206          10
    19      37         29          6          22       200          10
    20      11         11          9          42       245          10
    21      0         19          5          106       229          10
    22      15         38          6          60       215          10
    23      7         27          6          99       218          10
    24      1         31          8          120       246          10
    25      0         0          8          53       248          10
