r183
VEHICLE
NUMBER     CAPACITY
  10         100

CUSTOMER
CUST NO.  XCOORD.   YCOORD.    DEMAND   READY TIME  DUE DATE   SERVICE   TIME

    0      25         25          0          0          250         0
    1      1         22          9          109       241          10
    2      17         17          8          87       226          10
    3      38         45          8          6       219          10
    4      38         6          6          90       246          10
    5      4         7          5          10       214          10
    6      23         50          6          119       212          10
    7      4         19          9          77       214          10
    8      46         32          5          39       241          10
    9      43         0          6          67       222          10
    10      12         1          6          61       208          10
    11      36         38          7          41       220          10
    12      26         14          7          26       246          10
    13      28         44          8          0       250          10
    14      30         17          9          95       222          10
    15      16         11          6          40       222          10
    16      8         38          5          20       230          10
    17      22         28          5          20       218          10
    18      4         29          9          63       209          10
    19      20         5          7          56       246          10
    20      16         19          9          89       217          10
    21      18         40          8          27       217          10
    22      27         38          8          4       235          10
    23      29         13          10          77       233          10
    24      32         8          10          45       229          10
    25      24         38          5          112       222          10
