r184
VEHICLE
NUMBER     CAPACITY
  10         100

CUSTOMER
CUST NO.  XCOORD.   YCOORD.    DEMAND   READY TIME  DUE DATE   SERVICE   TIME

    0      25         25          0          0          250         0
    1      6         19          6          51       228          10
    2      49         41          9          62       249          10
    3      17         14          10          43       223          10
    4      7         32          7          10       206          10
    5      30         17          10          19       222          10
    6      30         26          7          72       219          10
    7      9         36          9          92       216          10
    8      7         36          7          106       212          10
    9      30         35          6          112       236          10
    10      3         2          8          70       240          10
    11      9         26          6          24       227          10
    12      8         50          8          79       217          10
    13      2         3          10          66       219          10
    14      23         15          7          18       221          10
    15      49         4          10          97       239          10
    16      35         14          10          98       226          10
    17      47         47          6          74       222          10
    18      46         30          10          52       202          10
    19      10         50          8          8       209          10
    20      15         2          5          25       233          10
    21      30         46          5          75       246          10
    22      49         49          6          99       201          10
    23      11         32          6          33       203          10
    24      45         28          6          111       226          10
    25      25         19          6          70       201          10
