r187
VEHICLE
NUMBER     CAPACITY
  10         100

CUSTOMER
CUST NO.  XCOORD.   YCOORD.    DEMAND   READY TIME  DUE DATE   SERVICE   TIME

    0      25         25          0          0          250         0
    1      29         37          6          62       235          10
    2      45         49          9          55       247          10
    3      16         25          10          33       244          10
    4      1         40          6          119       200          10
    5      14         9          10          16       200          10
    6      21         19          6          109       213          10
    7      20         5          9          60       226          10
    8      26         35          5          35       204          10
    9      48         32          5          48       219          10
    10      35         2          8          116       212          10
    11      43         32          8          14       205          10
    12      7         31          10          58       227          10
    13      11         29          8          40       205          10
    14      10         4          6          41       209          10
    15      13         25          10          120       222          10
    16      31         25          8          25       227          10
    17      15         11          7          66       240          10
    18      19         50          8          102       250          10
    19      47         45          9          23       215          10
    20      20         27          6          118       223          10
    21      5         5          5          44       211          10
    22      0         25          10          34       240          10
    23      37         16          8          46       221          10
    24      34         48          10          92       208          10
    25      2         42          7          103       217          10
