r189
VEHICLE
NUMBER     CAPACITY
  10         100

CUSTOMER
CUST NO.  XCOORD.   YCOORD.    DEMAND   READY TIME  DUE DATE   SERVICE   TIME

    0      25         25          0          0          250         0
    1      45         49          5          32       210          10
    2      42         4          6          34       213          10
    3      26         28          9          44       207          10
    4      22         5          9          41       235          10
    5      9         32          5          11       247          10
    6      37         12          8          36       202          10
    7      32         23          9          96       213          10
    8      49         29          8          10       226          10
    9      32         27          6          80       226          10
    10      8         0          8          65       241          10
    11      42         45          5          83       216          10
    12      45         36          10          118       206          10
    13      19         49          8          112       237          10
    14      35         46          7          114       210          10
    15      17         22          5          119       245          10
    16      41         17          8          5       222          10
    17      9         24          5          79       231          10
    18      29         26          6          98       219          10
    19      20         25          9          79       231          10
    20      25         2          5          41       204          10
    21      45         1          6          99       222          10
    22      27         38          9          77       234          10
    23      16         45          6          3       221          10
    24      27         21          8          60       235          10
    25      15         24          9          96       218          10
