r190
VEHICLE
NUMBER     CAPACITY
  10         100

CUSTOMER
CUST NO.  XCOORD.   YCOORD.    DEMAND   READY TIME  DUE DATE   SERVICE   TIME

    0      25         25          0          0          250         0
    1      32         34          9          54       247          10
    2      32         1          8          99       225          10
    3      4         16          5          97       233          10
    4      8         49          5          108       208          10
    5      46         12          10          22       205          10
    6      0         6          7          79       213          10
    7      14         13          6          91       219          10
    8      22         0          5          25       204          10
    9      3         46          8          83       217          10
    10      37         35          9          38       206          10
    11      15         43          5          18       213          10
    12      1         33          9          34       208          10
    13      0         30          7          12       238          10
    14      6         45          8          78       243          10
    15      0         39          6          14       250          10
    16      7         34          8          82       243          10
    17      20         21          6          71       240          10
    18      43         16          9          30       233          10
    19      26         45          5          57       245          10
    20      49         20          6          26       232          10
    21      21         8          7          9       244          10
    22      5         2          8          108       231          10
    23      32         2          6          20       206          10
    24      48         40          7          112       205          10
    25      3         4          9          104       249          10
