r194
VEHICLE
NUMBER     CAPACITY
  10         100

CUSTOMER
CUST NO.  XCOORD.   YCOORD.    DEMAND   READY TIME  DUE DATE   SERVICE   TIME

    0      25         25          0          0          250         0
    1      45         50          6          48       235          10
    2      19         48          5          50       220          10
    3      10         41          8          90       232          10
    4      45         19          8          83       230          10
    5      7         5          8          55       229          10
    6      19         6          8          2       211          10
    7      48         11          9          74       234          10
    8      15         23          10          40       247          10
    9      48         45          6          41       211          10
    10      39         21          10          9       246          10
    11      28         29          10          41       211          10
    12      48         3          7          96       207          10
    13      7         43          8          47       213          10
    14      23         21          7          62       241          10
    15      32         27          5          25       235          10
    16      16         41          7          15       243          10
    17      6         20          9          114       202          10
    18      31         33          7          26       203          10
    19      25         21          5          104       240          10
    20      20         45          10          74       200          10
    21      28         17          7          86       233          10
    22      41         33          5          6       207          10
    23      25         34          5          109       245          10
    24      0         7          6          46       208          10
    25      18         48          6          87       250          10
