r195
VEHICLE
NUMBER     CAPACITY
  10         100

CUSTOMER
CUST NO.  XCOORD.   YCOORD.    DEMAND   READY TIME  DUE DATE   SERVICE   TIME

    0      25         25          0          0          250         0
    1      23         50          5          53       234          10
    2      49         42          8          110       249          10
    3      1         22          9          114       231          10
    4      5         9          7          32       237          10
    5      16         23          9          36       231          10
    6      30         36          5          12       243          10
    7      19         8          6          25       228          10
    8      23         39          8          105       234          10
    9      5         37          8          34       237          10
    10      36         13          8          82       222          10
    11      22         27          7          42       225          10
    12      5         12          9          9       239          10
    13      48         20          7          102       228          10
    14      37         43          10          40       211          10
    15      37         48          9          102       246          10
    16      29         36          8          29       204          10
    17      20         20          10          97       233          10
    18      40         3          9          51       211          10
    19      36         17          10          62       211          10
    20      20         42          6          4       207          10
    21      15         30          7          53       238          10
    22      49         36          5          40       214          10
    23      13         42          9          91       239          10
    24      45         41          5          72       213          10
    25      48         49          5          92       238          10
