r196
VEHICLE
NUMBER     CAPACITY
  10         100

CUSTOMER
CUST NO.  XCOORD.   YCOORD.    DEMAND   READY TIME  DUE DATE   SERVICE   TIME

    0      25         25          0          0          250         0
    1      37         43          9          25       237          10
    2      14         28          5          25       244          10
    3      27         32          7          27       202          10
    4      15         2          8          26       219          10
    5      24         6          9          69       225          10
    6      42         48          10          6       245          10
    7      22         43          10          33       250          10
    8      38         38          10          115       213          10
    9      0         21          10          10       224          10
    10      38         44          8          102       249          10
    11      11         31          9          8       226          10
    12      34         42          6          82       210          10
    13      22         41          8          29       209          10
    14      21         9          9          67       228          10
    15      23         19          6          80       239          10
    16      5         8          9          57       245          10
    17      36         5          10          96       206          10
    18      18         41          6          10       200          10
    19      42         22          9          53       241          10
    20      16         28          10          50       217          10
    21      30         46          5          114       200          10
    22      42         10          7          74       240          10
    23      32         46          10          1       232          10
    24      23         33          8          101       200          10
    25      41         12          5          66       205          10
