r197
VEHICLE
NUMBER     CAPACITY
  10         100

CUSTOMER
CUST NO.  XCOORD.   YCOORD.    DEMAND   READY TIME  DUE DATE   SERVICE   TIME

    0      25         25          0          0          250         0
    1      32         37          9          63       236          10
    2      0         31          5          35       210          10
    3      35         32          10          30       213          10
    4      46         11          6          104       218          10
    5      34         47          8          15       238          10
    6      24         22          10          57       207          10
    7      41         48          7          71       233          10
    8      0         46          10          91       242          10
    9      13         2          6          21       241          10
    10      34         24          8          108       246          10
    11      50         39          5          75       229          10
    12      45         6          8          92       226          10
    13      12         46          7          37       222          10
    14      12         10          5          97       202          10
    15      3         16          7          21       248          10
    16      3         39          5          114       217          10
    17      43         13          6          97       207          10
    18      11         26          10          71       209          10
    19      41         23          10          115       238          10
    20      9         20          7          54       206          10
    21      48         11          7          112       213          10
    22      16         43          6          91       228          10
    23      17         33          8          22       216          10
    24      27         33          7          97       223          10
    25      35         4          7          92       241          10
