r199
VEHICLE
NUMBER     CAPACITY
  10         100

CUSTOMER
CUST NO.  XCOORD.   YCOORD.    DEMAND   READY TIME  DUE DATE   SERVICE   TIME

    0      25         25          0          0          250         0
    1      20         19          6          69       203          10
    2      8         7          8          5       214          10
    3      16         40          10          87       233          10
    4      29         40          10          4       243          10
    5      24         21          7          57       217          10
    6      27         22          5          112       219          10
    7      40         28          5          25       200          10
    8      7         40          7          75       217          10
    9      39         35          9          56       203          10
    10      40         7          6          81       243          10
    11      20         42          8          50       236          10
    12      27         36          5          24       203          10
    13      50         3          7          8       222          10
    14      26         17          8          4       226          10
    15      3         25          10          105       247          10
    16      18         43          9          39       201          10
    17      23         38          5          91       218          10
    18      0         29          8          79       216          10
    19      5         13          6          89       227          10
    20      44         45          6          9       218          10
    21      1         27          9          6       221          10
    22      5         29          10          22       224          10
    23      35         27          10          52       205          10
    24      36         2          8          38       203          10
    25      32         22          10          85       216          10
