r202
VEHICLE
NUMBER     CAPACITY
  10         100

CUSTOMER
CUST NO.  XCOORD.   YCOORD.    DEMAND   READY TIME  DUE DATE   SERVICE   TIME

    0      25         25          0          0          250         0
    1      9         3          7          82       202          10
    2      29         1          10          31       237          10
    3      25         37          5          25       209          10
    4      30         34          7          8       239          10
    5      38         4          10          63       222          10
    6      38         22          9          4       246          10
    7      28         27          9          64       202          10
    8      1         26          6          41       247          10
    9      38         30          10          12       248          10
    10      9         39          10          56       212          10
    11      42         30          9          11       238          10
    12      39         16          6          29       218          10
    13      34         23          7          67       214          10
    14      47         45          7          45       237          10
    15      4         10          6          19       206          10
    16      9         5          6          84       233          10
    17      45         36          9          32       225          10
    18      48         8          10          57       230          10
    19      0         12          8          5       208          10
    20      16         24          7          77       209          10
    21      12         46          5          105       239          10
    22      38         23          10          6       200          10
    23      49         20          5          104       246          10
    24      24         27          5          7       250          10
    25      6         6          8          8       200          10
