r204
VEHICLE
NUMBER     CAPACITY
  10         100

CUSTOMER
CUST NO.  XCOORD.   YCOORD.    DEMAND   READY TIME  DUE DATE   SERVICE   TIME

    0      25         25          0          0          250         0
    1      37         50          5          83       250          10
    2      10         30          5          100       203          10
    3      14         44          5          12       241          10
    4      11         18          7          73       239          10
    5      12         5          9          11       210          10
    6      41         36          8          107       237          10
    7      39         11          6          21       227          10
    8      11         6          8          52       218          10
    9      43         6          9          8       213          10
    10      3         20          9          19       211          10
    11      9         29          10          28       237          10
    12      8         18          6          75       241          10
    13      6         36          10          6       219          10
    14      37         36          6          46       216          10
    15      43         0          5          111       250          10
    16      15         34          6          69       202          10
    17      18         19          9          40       221          10
    18      19         34          9          9       210          10
    19      48         5          5          33       223          10
    20      11         28          5          70       224          10
    21      31         32          10          63       224          10
    22      25         33          7          79       244          10
    23      9         24          10          14       247          10
    24      48         40          9          2       206          10
    25      20         24          6          27       229          10
