r207
VEHICLE
NUMBER     CAPACITY
  10         100

CUSTOMER
CUST NO.  XCOORD.   YCOORD.    DEMAND   READY TIME  DUE DATE   SERVICE   TIME

    0      25         25          0          0          250         0
    1      23         41          5          119       243          10
    2      38         14          10          98       223          10
    3      31         50          7          5       243          10
    4      48         26          7          34       205          10
    5      9         24          7          28       248          10
    6      6         6          7          89       209          10
    7      30         34          9          29       240          10
    8      33         32          8          98       229          10
    9      47         13          5          89       204          10
    10      10         5          5          24       201          10
    11      45         0          8          53       216          10
    12      10         21          7          0       230          10
    13      45         26          9          44       236          10
    14      1         16          9          65       228          10
    15      44         39          10          91       229          10
    16      47         23          9          6       219          10
    17      37         49          5          45       234          10
    18      33         47          7          74       212          10
    19      26         48          9          108       219          10
    20      9         1          9          30       216          10
    21      11         12          10          40       202          10
    22      24         12          10          24       248          10
    23      34         38          10          53       243          10
    24      48         9          5          84       226          10
    25      14         4          7          67       243          10
