r208
VEHICLE
NUMBER     CAPACITY
  10         100

CUSTOMER
CUST NO.  XCOORD.   YCOORD.    DEMAND   READY TIME  DUE DATE   SERVICE   TIME

    0      25         25          0          0          250         0
    1      45         43          9          54       243          10
    2      13         42          6          101       212          10
    3      21         46          8          37       222          10
    4      48         10          6          57       223          10
    5      31         46          9          51       217          10
    6      6         43          9          40       223          10
    7      39         2          7          17       233          10
    8      24         25          10          9       243          10
    9      25         3          9          4       208          10
    10      8         5          5          80       227          10
    11      24         47          9          81       206          10
    12      48         20          5          81       241          10
    13      3         37          9          107       235          10
    14      12         48          8          76       227          10
    15      42         42          7          71       229          10
    16      16         29          9          70       242          10
    17      8         38          8          79       235          10
    18      46         42          10          79       221          10
    19      41         10          7          92       250          10
    20      41         21          7          106       209          10
    21      15         42          8          117       247          10
    22      5         45          8          22       227          10
    23      35         16          6          64       241          10
    24      7         27          5          70       209          10
    25      15         49          9          96       245          10
