r209
VEHICLE
NUMBER     CAPACITY
  10         100

CUSTOMER
CUST NO.  XCOORD.   YCOORD.    DEMAND   READY TIME  DUE DATE   SERVICE   TIME

    0      25         25          0          0          250         0
    1      21         16          10          26       215          10
    2      1         15          5          97       218          10
    3      24         6          9          89       200          10
    4      29         15          8          28       214          10
    5      21         49          10          11       249          10
    6      33         17          5          8       243          10
    7      26         9          6          111       207          10
    8      38         36          5          88       207          10
    9      28         19          9          8       221          10
    10      37         8          7          48       214          10
    11      8         0          9          83       239          10
    12      16         31          7          10       209          10
    13      18         8          7          59       250          10
    14      50         37          6          112       244          10
    15      42         30          7          41       224          10
    16      18         28          10          2       250          10
    17      25         0          9          74       233          10
    18      39         13          5          0       246          10
    19      28         37          8          33       233          10
    20      3         19          6          115       215          10
    21      47         39          7          52       221          10
    22      33         34          9          13       247          10
    23      25         34          9          116       201          10
    24      24         35          8          100       203          10
    25      26         41          6          109       224          10
