r211
VEHICLE
NUMBER     CAPACITY
  10         100

CUSTOMER
CUST NO.  XCOORD.   YCOORD.    DEMAND   READY TIME  DUE DATE   SERVICE   TIME

    0      25         25          0          0          250         0
    1      33         26          8          75       211          10
    2      22         38          6          100       229          10
    3      28         45          10          49       214          10
    4      28         29          7          11       247          10
    5      35         31          10          110       200          10
    6      0         22          5          17       215          10
    7      30         14          8          103       223          10
    8      4         12          8          116       225          10
    9      12         4          10          12       209          10
    10      38         48          10          105       231          10
    11      43         5          5          8       210          10
    12      45         32          10          91       209          10
    13      45         36          5          73       238          10
    14      41         25          8          18       215          10
    15      32         36          5          9       203          10
    16      22         13          9          5       230          10
    17      41         6          6          16       219          10
    18      38         5          5          30       228          10
    19      35         18          8          60       245          10
    20      1         23          9          50       206          10
    21      18         50          8          26       228          10
    22      38         32          10          87       211          10
    23      47         49          8          24       218          10
    24      41         0          8          112       222          10
    25      35         0          6          58       227          10
