r214
VEHICLE
NUMBER     CAPACITY
  10         100

CUSTOMER
CUST NO.  XCOORD.   YCOORD.    DEMAND   READY TIME  DUE DATE   SERVICE   TIME

    0      25         25          0          0          250         0
    1      42         24          6          22       225          10
    2      8         32          5          69       217          10
    3      31         26          8          5       237          10
    4      24         34          8          82       242          10
    5      9         27          8          37       239          10
    6      36         36          5          73       211          10
    7      20         44          9          37       204          10
    8      1         46          9          95       222          10
    9      5         0          8          37       213          10
    10      43         10          9          28       246          10
    11      36         17          8          117       208          10
    12      11         16          7          76       227          10
    13      24         18          5          100       237          10
    14      39         25          10          118       212          10
    15      17         35          6          118       239          10
    16      30         32          6          21       226          10
    17      43         21          7          119       245          10
    18      48         50          7          6       235          10
    19      20         40          5          29       248          10
    20      7         29          9          85       207          10
    21      37         34          5          101       245          10
    22      27         2          10          13       204          10
    23      33         6          7          61       205          10
    24      15         28          10          74       228          10
    25      34         6          6          4       207          10
