r216
VEHICLE
NUMBER     CAPACITY
  10         100

CUSTOMER
CUST NO.  XCOORD.   YCOORD.    DEMAND   READY TIME  DUE DATE   SERVICE   TIME

    0      25         25          0          0          250         0
    1      5         42          5          24       246          10
    2      16         24          8          98       211          10
    3      42         49          6          92       224          10
    4      45         30          5          112       215          10
    5      43         33          5          115       238          10
    6      0         20          5          45       232          10
    7      32         5          7          105       208          10
    8      44         27          9          89       238          10
    9      35         7          8          76       236          10
    10      36         4          5          78       222          10
    11      30         47          9          100       215          10
    12      6         39          9          75       243          10
    13      46         33          10          60       225          10
    14      44         21          8          21       200          10
    15      1         27          10          115       238          10
    16      7         24          6          99       247          10
    17      27         25          9          10       200          10
    18      44         38          7          72       231          10
    19      26         48          8          13       221          10
    20      0         4          8          52       214          10
    21      23         23          7          77       205          10
    22      49         37          6          67       220          10
    23      12         41          8          78       217          10
    24      16         27          10          25       215          10
    25      37         25          9          59       218          10
