r217
VEHICLE
NUMBER     CAPACITY
  10         100

CUSTOMER
CUST NO.  XCOORD.   YCOORD.    DEMAND   READY TIME  DUE DATE   SERVICE   TIME

    0      25         25          0          0          250         0
    1      1         50          9          61       235          10
    2      29         33          8          30       221          10
    3      44         30          6          7       202          10
    4      39         36          9          2       211          10
    5      30         47          9          50       210          10
    6      19         45          8          15       215          10
    7      27         7          7          102       214          10
    8      9         10          8          27       236          10
    9      20         11          10          116       204          10
    10      6         3          8          89       245          10
    11      9         25          7          11       229          10
    12      3         11          9          32       217          10
    13      38         43          6          33       202          10
    14      35         1          9          28       222          10
    15      41         13          10          0       210          10
    16      15         10          6          110       215          10
    17      29         49          10          42       224          10
    18      36         22          5          9       237          10
    19      33         48          8          36       214          10
    20      24         11          7          119       242          10
    21      22         37          9          83       234          10
    22      29         25          6          56       219          10
    23      30         0          6          57       221          10
    24      10         23          7          78       229          10
    25      32         10          5          63       211          10
