r219
VEHICLE
NUMBER     CAPACITY
  10         100

CUSTOMER
CUST NO.  XCOORD.   YCOORD.    DEMAND   READY TIME  DUE DATE   SERVICE   TIME

    0      25         25          0          0          250         0
    1      24         32          10          22       227          10
    2      31         11          9          1       233          10
    3      7         30          6          23       218          10
    4      2         16          10          4       234          10
    5      50         49          6          72       236          10
    6      19         9          8          33       216          10
    7      1         20          8          99       250          10
    8      6         22          8          73       246          10
    9      33         11          8          18       231          10
    10      29         18          5          100       224          10
    11      13         23          5          96       243          10
    12      21         23          5          38       237          10
    13      39         44          10          66       246          10
    14      10         33          10          75       228          10
    15      13         47          7          114       211          10
    16      39         30          6          92       207          10
    17      33         30          5          96       237          10
    18      1         14          8          39       235          10
    19      4         14          10          88       231          10
    20      9         1          6          41       231          10
    21      34         2          10          64       224          10
    22      11         25          8          42       220          10
    23      10         3          9          22       230          10
    24      34         49          6          13       243          10
    25      16         13          8          26       203          10
