r220
VEHICLE
NUMBER     CAPACITY
  10         100

CUSTOMER
CUST NO.  XCOORD.   YCOORD.    DEMAND   READY TIME  DUE DATE   SERVICE   TIME

    0      25         25          0          0          250         0
    1      17         11          6          0       250          10
    2      35         20          10          86       237          10
    3      34         27          9          87       236          10
    4      38         48          10          25       215          10
    5      35         4          10          0       242          10
    6      14         19          7          76       237          10
    7      38         50          6          1       201          10
    8      2         45          7          105       249          10
    9      15         44          6          64       228          10
    10      25         41          6          26       228          10
    11      26         28          10          10       212          10
    12      43         18          9          76       234          10
    13      24         17          10          10       206          10
    14      20         35          7          49       240          10
    15      9         27          10          44       246          10
    16      4         12          8          70       220          10
    17      17         34          10          116       216          10
    18      35         16          6          89       248          10
    19      2         43          7          42       245          10
    20      6         45          6          96       220          10
    21      17         49          7          68       206          10
    22      10         15          9          88       207          10
    23      40         32          9          47       220          10
    24      50         48          8          107       218          10
    25      24         1          10          35       204          10
