r221
VEHICLE
NUMBER     CAPACITY
  10         100

CUSTOMER
CUST NO.  XCOORD.   YCOORD.    DEMAND   READY TIME  DUE DATE   SERVICE   TIME

    0      25         25          0          0          250         0
    1      24         39          10          57       231          10
    2      21         49          9          66       226          10
    3      40         40          7          110       205          10
    4      42         6          10          94       250          10
    5      4         7          7          89       232          10
    6      26         33          7          119       247          10
    7      14         17          10          3       244          10
    8      39         17          5          101       205          10
    9      6         5          7          72       222          10
    10      50         17          7          54       205          10
    11      18         8          9          48       201          10
    12      2         37          9          96       203          10
    13      25         35          6          57       222          10
    14      48         43          10          115       203          10
    15      35         17          8          23       237          10
    16      12         5          7          89       223          10
    17      45         22          6          59       223          10
    18      14         21          10          34       207          10
    19      8         44          5          53       206          10
    20      15         30          8          21       224          10
    21      43         20          8          46       233          10
    22      16         17          8          98       243          10
    23      28         1          10          93       209          10
    24      3         2          7          70       210          10
    25      14         20          10          14       225          10
