r222
VEHICLE
NUMBER     CAPACITY
  10         100

CUSTOMER
CUST NO.  XCOORD.   YCOORD.    DEMAND   READY TIME  DUE DATE   SERVICE   TIME

    0      25         25          0          0          250         0
    1      27         28          10          43       237          10
    2      43         3          8          5       239          10
    3      6         21          10          3       228          10
    4      33         48          5          24       243          10
    5      12         8          5          88       226          10
    6      22         7          9          68       211          10
    7      0         23          8          98       216          10
    8      0         26          10          20       241          10
    9      27         18          10          6       237          10
    10      42         49          7          43       237          10
    11      5         23          9          85       223          10
    12      37         28          6          50       213          10
    13      32         17          6          87       239          10
    14      32         6          7          37       242          10
    15      23         25          10          46       215          10
    16      20         42          7          69       234          10
    17      9         14          8          46       241          10
    18      14         16          8          79       222          10
    19      27         40          9          66       204          10
    20      29         44          7          75       241          10
    21      8         24          5          43       224          10
    22      12         36          9          11       247          10
    23      42         17          6          40       238          10
    24      1         49          5          102       235          10
    25      24         40          7          119       241          10
