r223
VEHICLE
NUMBER     CAPACITY
  10         100

CUSTOMER
CUST NO.  XCOORD.   YCOORD.    DEMAND   READY TIME  DUE DATE   SERVICE   TIME

    0      25         25          0          0          250         0
    1      49         18          6          115       217          10
    2      12         32          8          88       240          10
    3      17         6          10          79       250          10
    4      8         41          6          58       211          10
    5      23         48          5          77       236          10
    6      23         24          7          72       224          10
    7      2         9          6          48       201          10
    8      17         12          10          12       221          10
    9      36         31          9          119       227          10
    10      27         36          5          82       225          10
    11      45         30          7          88       230          10
    12      10         46          6          111       206          10
    13      12         47          10          11       215          10
    14      32         24          7          116       241          10
    15      9         38          10          83       245          10
    16      2         18          10          94       215          10
    17      49         12          9          28       226          10
    18      31         31          6          116       207          10
    19      46         3          7          9       204          10
    20      2         45          5          61       245          10
    21      10         47          8          74       215          10
    22      20         38          10          86       202          10
    23      40         43          5          26       201          10
    24      2         21          9          88       204          10
    25      2         13          9          5       207          10
