r224
VEHICLE
NUMBER     CAPACITY
  10         100

CUSTOMER
CUST NO.  XCOORD.   YCOORD.    DEMAND   READY TIME  DUE DATE   SERVICE   TIME

    0      25         25          0          0          250         0
    1      30         47          8          42       243          10
    2      28         19          5          99       223          10
    3      42         30          10          1       224          10
    4      50         21          7          38       235          10
    5      17         41          9          52       232          10
    6      8         47          5          18       202          10
    7      36         2          5          99       208          10
    8      46         7          6          73       217          10
    9      0         12          10          13       234          10
    10      19         50          7          116       233          10
    11      23         38          9          38       201          10
    12      17         20          7          42       203          10
    13      48         49          5          18       248          10
    14      39         48          5          64       205          10
    15      26         29          10          53       240          10
    16      19         35          10          61       225          10
    17      8         47          7          31       244          10
    18      47         48          9          87       229          10
    19      25         24          9          95       241          10
    20      28         35          10          80       212          10
    21      31         47          10          87       202          10
    22      47         7          8          116       212          10
    23      4         27          7          14       219          10
    24      42         26          9          54       204          10
    25      31         40          5          112       202          10
