r225
VEHICLE
NUMBER     CAPACITY
  10         100

CUSTOMER
CUST NO.  XCOORD.   YCOORD.    DEMAND   READY TIME  DUE DATE   SERVICE   TIME

    0      25         25          0          0          250         0
    1      25         19          8          2       245          10
    2      24         47          8          50       239          10
    3      14         15          10          27       222          10
    4      26         43          5          16       212          10
    5      4         9          8          30       225          10
    6      49         44          9          32       217          10
    7      29         23          6          79       215          10
    8      49         19          7          103       200          10
    9      43         10          6          71       247          10
    10      13         39          10          5       203          10
    11      12         15          5          71       220          10
    12      24         41          5          12       202          10
    13      47         25          5          26       225          10
    14      29         23          10          56       235          10
    15      25         13          5          93       243          10
    16      27         45          6          40       201          10
    17      14         17          10          66       221          10
    18      12         3          7          29       205          10
    19      45         12          6          74       221          10
    20      2         30          5          15       222          10
    21      36         29          9          26       243          10
    22      32         16          6          3       244          10
    23      26         41          5          11       245          10
    24      3         31          6          114       223          10
    25      33         44          10          53       243          10
