r227
VEHICLE
NUMBER     CAPACITY
  10         100

CUSTOMER
CUST NO.  XCOORD.   YCOORD.    DEMAND   READY TIME  DUE DATE   SERVICE   TIME

    0      25         25          0          0          250         0
    1      47         13          5          49       217          10
    2      37         8          7          119       238          10
    3      12         22          9          74       215          10
    4      25         14          10          100       209          10
    5      28         30          6          60       247          10
    6      39         31          7          11       209          10
    7      0         30          7          43       249          10
    8      42         41          5          15       238          10
    9      19         13          5          48       228          10
    10      10         22          5          61       231          10
    11      32         27          9          19       229          10
    12      39         1          9          85       230          10
    13      34         21          5          6       204          10
    14      6         47          5          6       239          10
    15      32         38          6          56       235          10
    16      39         44          8          74       201          10
    17      10         28          7          94       202          10
    18      12         8          6          82       217          10
    19      42         31          10          80       250          10
    20      5         6          5          18       241          10
    21      45         3          5          14       241          10
    22      7         6          5          52       223          10
    23      12         11          10          2       219          10
    24      31         13          7          94       249          10
    25      29         8          6          23       237          10
