r229
VEHICLE
NUMBER     CAPACITY
  10         100

CUSTOMER
CUST NO.  XCOORD.   YCOORD.    DEMAND   READY TIME  DUE DATE   SERVICE   TIME

    0      25         25          0          0          250         0
    1      26         14          8          37       215          10
    2      33         41          6          88       215          10
    3      50         10          5          113       232          10
    4      10         18          8          51       212          10
    5      4         28          8          109       239          10
    6      36         36          9          63       245          10
    7      10         26          8          26       250          10
    8      27         30          9          49       208          10
    9      0         45          7          37       242          10
    10      5         20          10          11       207          10
    11      14         5          5          3       212          10
    12      47         37          9          71       240          10
    13      45         31          10          48       224          10
    14      8         40          5          103       232          10
    15      45         42          9          46       232          10
    16      12         29          6          31       228          10
    17      9         12          9          2       220          10
    18      40         2          10          102       245          10
    19      43         2          9          63       234          10
    20      10         21          10          46       232          10
    21      32         10          5          88       233          10
    22      25         0          6          76       224          10
    23      34         2          10          52       208          10
    24      41         29          9          107       249          10
    25      32         5          5          16       204          10
