r232
VEHICLE
NUMBER     CAPACITY
  10         100

CUSTOMER
CUST NO.  XCOORD.   YCOORD.    DEMAND   READY TIME  DUE DATE   SERVICE   TIME

    0      25         25          0          0          250         0
    1      35         5          10          96       239          10
    2      11         20          7          39       205          10
    3      11         15          5          9       243          10
    4      35         43          7          47       204          10
    5      44         17          10          58       221          10
    6      28         6          5          48       202          10
    7      30         7          9          48       215          10
    8      18         10          10          2       227          10
    9      47         7          10          78       200          10
    10      9         38          7          104       237          10
    11      11         26          8          103       242          10
    12      50         40          10          9       235          10
    13      39         4          6          94       210          10
    14      42         49          7          33       203          10
    15      20         3          8          15       220          10
    16      45         5          7          92       242          10
    17      6         33          7          37       238          10
    18      42         3          7          101       205          10
    19      45         44          10          44       204          10
    20      36         19          10          102       204          10
    21      47         32          5          23       201          10
    22      34         25          9          20       210          10
    23      28         5          5          15       220          10
    24      21         49          9          25       241          10
    25      37         12          6          36       237          10
