r235
VEHICLE
NUMBER     CAPACITY
  10         100

CUSTOMER
CUST NO.  XCOORD.   YCOORD.    DEMAND   READY TIME  DUE DATE   SERVICE   TIME

    0      25         25          0          0          250         0
    1      31         4          8          45       200          10
    2      33         45          10          78       223          10
    3      2         31          5          35       232          10
    4      39         8          5          14       203          10
    5      45         36          10          95       233          10
    6      32         8          9          70       248          10
    7      17         48          5          10       229          10
    8      28         45          7          3       206          10
    9      10         34          9          106       246          10
    10      48         41          8          71       203          10
    11      4         34          8          78       221          10
    12      9         50          9          90       244          10
    13      50         19          5          43       224          10
    14      3         35          9          96       224          10
    15      14         0          5          94       220          10
    16      24         27          7          31       241          10
    17      36         50          8          60       212          10
    18      0         37          5          95       232          10
    19      19         32          9          65       226          10
    20      3         41          10          15       203          10
    21      29         32          6          51       229          10
    22      6         35          5          102       218          10
    23      49         9          10          18       211          10
    24      21         39          9          99       236          10
    25      17         13          7          5       215          10
