r236
VEHICLE
NUMBER     CAPACITY
  10         100

CUSTOMER
CUST NO.  XCOORD.   YCOORD.    DEMAND   READY TIME  DUE DATE   SERVICE   TIME

    0      25         25          0          0          250         0
    1      15         49          10          8       212          10
    2      27         45          8          117       214          10
    3      40         49          10          53       228          10
    4      3         24          8          67       211          10
    5      29         37          8          82       228          10
    6      43         21          10          81       213          10
    7      26         7          7          48       226          10
    8      9         17          5          29       202          10
    9      39         15          10          59       231          10
    10      9         26          7          83       229          10
    11      34         1          5          5       204          10
    12      36         42          9          40       238          10
    13      26         1          5          111       218          10
    14      0         16          6          73       220          10
    15      14         50          9          79       232          10
    16      3         49          6          56       248          10
    17      38         19          7          75       205          10
    18      50         14          9          66       209          10
    19      49         47          8          91       219          10
    20      18         19          7          82       202          10
    21      4         23          8          59       226          10
    22      2         34          6          81       228          10
    23      25         20          6          105       201          10
    24      0         10          7          47       209          10
    25      38         30          7          70       230          10
