r237
VEHICLE
NUMBER     CAPACITY
  10         100

CUSTOMER
CUST NO.  XCOORD.   YCOORD.    DEMAND   READY TIME  DUE DATE   SERVICE   TIME

    0      25         25          0          0          250         0
    1      40         3          8          14       222          10
    2      5         46          6          76       206          10
    3      43         32          10          93       243          10
    4      11         21          6          58       231          10
    5      38         23          10          26       239          10
    6      16         9          7          94       215          10
    7      50         34          10          10       205          10
    8      36         30          7          5       224          10
    9      33         7          7          82       219          10
    10      50         8          9          45       221          10
    11      23         16          6          96       224          10
    12      40         14          7          15       236          10
    13      37         25          8          47       226          10
    14      32         46          5          69       237          10
    15      32         5          7          78       224          10
    16      32         37          7          87       242          10
    17      41         38          8          101       233          10
    18      14         41          10          26       220          10
    19      27         28          7          61       214          10
    20      29         39          8          93       205          10
    21      34         36          9          38       222          10
    22      47         48          7          75       213          10
    23      48         50          10          109       238          10
    24      5         37          7          96       212          10
    25      27         2          7          2       219          10
