r238
VEHICLE
NUMBER     CAPACITY
  10         100

CUSTOMER
CUST NO.  XCOORD.   YCOORD.    DEMAND   READY TIME  DUE DATE   SERVICE   TIME

    0      25         25          0          0          250         0
    1      44         36          10          32       202          10
    2      11         4          9          30       220          10
    3      26         30          7          103       228          10
    4      35         23          8          69       248          10
    5      5         13          7          115       200          10
    6      35         20          7          67       237          10
    7      19         36          5          7       228          10
    8      15         24          9          29       221          10
    9      49         4          7          69       210          10
    10      7         37          7          72       226          10
    11      9         44          7          120       215          10
    12      48         18          7          87       204          10
    13      26         17          10          72       237          10
    14      34         45          8          82       236          10
    15      33         39          7          41       230          10
    16      15         45          5          63       211          10
    17      42         45          7          80       213          10
    18      6         35          5          66       231          10
    19      20         22          8          51       239          10
    20      26         19          8          50       232          10
    21      8         43          10          61       207          10
    22      9         14          6          67       201          10
    23      4         50          9          18       216          10
    24      20         12          6          50       223          10
    25      24         48          9          16       237          10
