r239
VEHICLE
NUMBER     CAPACITY
  10         100

CUSTOMER
CUST NO.  XCOORD.   YCOORD.    DEMAND   READY TIME  DUE DATE   SERVICE   TIME

    0      25         25          0          0          250         0
    1      8         41          8          17       211          10
    2      14         7          8          14       231          10
    3      20         39          9          1       202          10
    4      23         7          10          51       212          10
    5      7         9          10          10       247          10
    6      38         36          9          106       243          10
    7      6         40          5          18       235          10
    8      48         49          8          95       249          10
    9      26         40          8          87       231          10
    10      17         15          7          19       249          10
    11      14         36          5          108       233          10
    12      42         49          8          35       230          10
    13      7         13          8          41       214          10
    14      8         20          6          68       208          10
    15      8         49          8          3       201          10
    16      16         31          6          2       214          10
    17      0         14          8          21       227          10
    18      21         6          7          100       201          10
    19      30         11          8          102       248          10
    20      0         39          9          88       243          10
    21      36         37          9          71       213          10
    22      15         28          10          6       240          10
    23      10         46          8          72       206          10
    24      10         40          7          44       225          10
    25      40         36          10          38       219          10
