r242
VEHICLE
NUMBER     CAPACITY
  10         100

CUSTOMER
CUST NO.  XCOORD.   YCOORD.    DEMAND   READY TIME  DUE DATE   SERVICE   TIME

    0      25         25          0          0          250         0
    1      41         2          5          34       201          10
    2      8         48          6          114       221          10
    3      13         30          8          15       241          10
    4      50         2          9          5       209          10
    5      16         41          7          22       239          10
    6      50         15          8          100       232          10
    7      24         10          7          81       226          10
    8      49         4          5          57       230          10
    9      7         25          6          61       206          10
    10      3         49          5          116       225          10
    11      9         45          10          27       246          10
    12      47         45          6          13       209          10
    13      50         45          5          44       233          10
    14      30         48          5          2       249          10
    15      31         0          5          29       231          10
    16      4         4          8          21       216          10
    17      23         15          5          61       238          10
    18      40         35          7          82       205          10
    19      0         7          6          99       204          10
    20      3         3          10          38       226          10
    21      41         33          8          70       235          10
    22      5         44          8          15       217          10
    23      7         31          8          98       250          10
    24      31         28          10          7       219          10
    25      5         21          9          56       210          10
