r243
VEHICLE
NUMBER     CAPACITY
  10         100

CUSTOMER
CUST NO.  XCOORD.   YCOORD.    DEMAND   READY TIME  DUE DATE   SERVICE   TIME

    0      25         25          0          0          250         0
    1      0         8          6          47       225          10
    2      47         4          10          30       246          10
    3      5         8          5          75       249          10
    4      17         38          9          28       203          10
    5      16         35          10          105       213          10
    6      36         1          6          105       241          10
    7      13         12          10          71       232          10
    8      23         46          8          20       200          10
    9      23         3          5          103       248          10
    10      36         28          6          65       212          10
    11      50         41          9          94       232          10
    12      21         27          9          101       247          10
    13      9         15          6          3       233          10
    14      14         24          7          59       214          10
    15      3         16          7          109       250          10
    16      30         47          10          32       210          10
    17      31         46          7          73       241          10
    18      43         43          6          82       250          10
    19      36         42          10          84       211          10
    20      17         40          9          88       206          10
    21      13         18          5          109       234          10
    22      10         39          7          63       224          10
    23      20         2          7          36       204          10
    24      30         24          6          69       230          10
    25      34         3          5          32       228          10
