r245
VEHICLE
NUMBER     CAPACITY
  10         100

CUSTOMER
CUST NO.  XCOORD.   YCOORD.    DEMAND   READY TIME  DUE DATE   SERVICE   TIME

    0      25         25          0          0          250         0
    1      24         5          9          8       249          10
    2      47         16          10          119       233          10
    3      38         0          7          6       234          10
    4      27         7          7          85       226          10
    5      10         4          6          5       232          10
    6      13         46          5          95       236          10
    7      12         26          5          89       248          10
    8      34         20          10          5       202          10
    9      8         15          5          79       223          10
    10      46         8          9          111       202          10
    11      46         2          7          51       221          10
    12      31         12          9          54       231          10
    13      7         9          5          5       239          10
    14      42         10          8          74       223          10
    15      44         3          9          58       221          10
    16      32         33          9          16       228          10
    17      31         49          10          15       214          10
    18      4         23          10          5       209          10
    19      27         12          5          69       210          10
    20      23         37          8          94       234          10
    21      37         14          5          51       210          10
    22      9         14          5          36       217          10
    23      0         49          8          119       225          10
    24      26         39          10          33       208          10
    25      20         1          9          65       242          10
