r246
VEHICLE
NUMBER     CAPACITY
  10         100

CUSTOMER
CUST NO.  XCOORD.   YCOORD.    DEMAND   READY TIME  DUE DATE   SERVICE   TIME

    0      25         25          0          0          250         0
    1      38         1          9          96       242          10
    2      9         27          10          89       201          10
    3      18         41          5          27       224          10
    4      49         0          8          98       225          10
    5      10         13          5          18       247          10
    6      38         2          5          81       250          10
    7      50         5          7          84       228          10
    8      35         0          7          57       214          10
    9      26         42          7          15       240          10
    10      7         12          8          62       216          10
    11      45         44          7          18       219          10
    12      23         42          8          95       209          10
    13      48         45          7          88       224          10
    14      22         36          5          19       250          10
    15      3         29          7          39       231          10
    16      4         34          8          82       241          10
    17      25         2          8          0       207          10
    18      4         37          6          11       214          10
    19      12         21          7          117       207          10
    20      47         2          6          1       223          10
    21      43         25          6          42       220          10
    22      6         2          10          85       216          10
    23      7         48          8          98       235          10
    24      47         0          10          36       249          10
    25      36         40          5          42       216          10
