r248
VEHICLE
NUMBER     CAPACITY
  10         100

CUSTOMER
CUST NO.  XCOORD.   YCOORD.    DEMAND   READY TIME  DUE DATE   SERVICE   TIME

    0      25         25          0          0          250         0
    1      4         20          7          46       237          10
    2      5         38          9          108       225          10
    3      44         43          5          38       239          10
    4      35         49          7          100       231          10
    5      14         13          8          4       211          10
    6      3         35          6          43       227          10
    7      43         20          8          94       231          10
    8      2         12          9          24       204          10
    9      42         27          9          79       238          10
    10      34         44          9          7       248          10
    11      46         35          6          84       244          10
    12      19         37          10          27       200          10
    13      11         42          6          118       237          10
    14      5         33          9          75       202          10
    15      6         8          6          3       215          10
    16      43         1          5          34       238          10
    17      47         32          7          82       203          10
    18      19         13          10          50       237          10
    19      24         3          9          49       240          10
    20      20         7          5          119       230          10
    21      17         42          7          80       228          10
    22      7         19          6          55       249          10
    23      30         10          9          78       209          10
    24      44         28          8          48       208          10
    25      24         49          9          1       212          10
