r249
VEHICLE
NUMBER     CAPACITY
  10         100

CUSTOMER
CUST NO.  XCOORD.   YCOORD.    DEMAND   READY TIME  DUE DATE   SERVICE   TIME

    0      25         25          0          0          250         0
    1      49         22          9          109       205          10
    2      24         36          5          9       223          10
    3      0         47          9          6       221          10
    4      50         14          6          37       221          10
    5      31         9          9          77       235          10
    6      37         15          5          105       248          10
    7      16         48          9          60       220          10
    8      5         3          8          84       230          10
    9      45         45          6          81       205          10
    10      25         33          8          24       215          10
    11      45         49          7          30       207          10
    12      23         29          5          49       222          10
    13      13         0          10          28       223          10
    14      3         26          5          49       214          10
    15      13         1          10          55       248          10
    16      28         17          7          55       219          10
    17      19         5          8          48       207          10
    18      14         16          10          35       229          10
    19      4         26          10          47       249          10
    20      45         28          9          120       243          10
    21      39         49          6          98       210          10
    22      42         43          7          11       201          10
    23      17         12          5          74       239          10
    24      18         1          7          16       208          10
    25      0         15          7          53       212          10
