r250
VEHICLE
NUMBER     CAPACITY
  10         100

CUSTOMER
CUST NO.  XCOORD.   YCOORD.    DEMAND   READY TIME  DUE DATE   SERVICE   TIME

    0      25         25          0          0          250         0
    1      31         28          9          55       250          10
    2      8         18          7          8       219          10
    3      39         42          8          105       207          10
    4      36         1          9          17       210          10
    5      41         9          8          62       223          10
    6      36         31          7          118       237          10
    7      12         42          6          70       201          10
    8      14         3          10          32       202          10
    9      40         2          5          51       218          10
    10      32         28          7          18       227          10
    11      3         24          5          2       243          10
    12      15         31          7          37       231          10
    13      22         50          6          95       225          10
    14      13         1          9          58       240          10
    15      13         23          6          19       224          10
    16      38         22          9          22       211          10
    17      25         15          7          92       200          10
    18      9         48          9          103       225          10
    19      33         10          8          15       211          10
    20      20         8          6          67       241          10
    21      41         46          10          92       226          10
    22      41         10          9          106       248          10
    23      9         41          7          90       201          10
    24      4         40          6          116       212          10
    25      4         30          7          74       230          10
