r251
VEHICLE
NUMBER     CAPACITY
  10         100

CUSTOMER
CUST NO.  XCOORD.   YCOORD.    DEMAND   READY TIME  DUE DATE   SERVICE   TIME

    0      25         25          0          0          250         0
    1      40         13          8          93       248          10
    2      50         9          7          88       209          10
    3      22         45          6          22       230          10
    4      38         2          9          52       222          10
    5      24         28          8          15       207          10
    6      3         15          9          66       246          10
    7      43         32          10          107       227          10
    8      42         6          6          38       235          10
    9      24         37          7          87       206          10
    10      13         35          5          86       244          10
    11      27         40          5          38       212          10
    12      0         20          9          86       248          10
    13      8         18          8          55       237          10
    14      41         48          10          114       244          10
    15      23         15          6          17       246          10
    16      31         48          8          50       248          10
    17      23         25          6          97       230          10
    18      46         11          10          21       217          10
    19      13         18          8          101       209          10
    20      26         10          8          52       247          10
    21      16         37          6          21       206          10
    22      4         23          8          59       232          10
    23      26         36          10          82       215          10
    24      27         20          9          116       220          10
    25      38         38          8          50       240          10
