r254
VEHICLE
NUMBER     CAPACITY
  10         100

CUSTOMER
CUST NO.  XCOORD.   YCOORD.    DEMAND   READY TIME  DUE DATE   SERVICE   TIME

    0      25         25          0          0          250         0
    1      23         34          10          55       238          10
    2      4         9          10          120       212          10
    3      5         18          8          118       237          10
    4      41         49          10          59       225          10
    5      15         25          8          5       229          10
    6      36         43          6          50       236          10
    7      36         25          7          95       204          10
    8      6         22          7          82       218          10
    9      16         31          6          91       226          10
    10      34         44          7          105       208          10
    11      19         40          10          65       221          10
    12      49         26          6          58       202          10
    13      33         25          9          55       226          10
    14      33         50          9          31       209          10
    15      49         39          8          92       217          10
    16      24         31          8          25       241          10
    17      42         32          9          104       218          10
    18      32         50          6          97       241          10
    19      25         24          10          34       202          10
    20      28         7          7          8       215          10
    21      33         14          7          30       229          10
    22      26         9          8          36       209          10
    23      13         21          6          81       201          10
    24      34         50          8          67       245          10
    25      30         17          8          110       205          10
