r256
VEHICLE
NUMBER     CAPACITY
  10         100

CUSTOMER
CUST NO.  XCOORD.   YCOORD.    DEMAND   READY TIME  DUE DATE   SERVICE   TIME

    0      25         25          0          0          250         0
    1      21         4          5          58       241          10
    2      36         20          6          30       220          10
    3      47         20          10          42       246          10
    4      21         29          10          21       203          10
    5      16         30          10          91       211          10
    6      39         41          7          6       206          10
    7      44         8          6          27       246          10
    8      5         9          6          43       204          10
    9      36         15          5          50       221          10
    10      43         11          9          56       250          10
    11      27         0          6          23       236          10
    12      17         43          5          74       208          10
    13      26         6          8          41       250          10
    14      10         50          7          80       250          10
    15      39         43          6          107       220          10
    16      10         49          10          104       218          10
    17      1         36          8          40       212          10
    18      49         20          6          12       244          10
    19      48         14          5          25       248          10
    20      8         6          9          46       209          10
    21      9         24          8          16       228          10
    22      20         42          6          79       240          10
    23      29         3          6          86       214          10
    24      8         18          5          114       223          10
    25      5         15          10          13       249          10
