r262
VEHICLE
NUMBER     CAPACITY
  10         100

CUSTOMER
CUST NO.  XCOORD.   YCOORD.    DEMAND   READY TIME  DUE DATE   SERVICE   TIME

    0      25         25          0          0          250         0
    1      7         30          7          14       225          10
    2      38         31          10          101       242          10
    3      35         39          6          20       208          10
    4      38         6          6          4       224          10
    5      25         20          9          45       207          10
    6      20         32          10          54       241          10
    7      17         47          8          97       230          10
    8      8         42          9          85       201          10
    9      23         5          7          74       203          10
    10      0         0          9          20       227          10
    11      19         29          5          113       231          10
    12      11         34          8          119       236          10
    13      36         18          9          78       200          10
    14      29         49          10          69       207          10
    15      16         24          6          7       238          10
    16      33         49          6          116       238          10
    17      7         6          9          63       232          10
    18      25         4          7          54       239          10
    19      27         13          5          38       223          10
    20      28         19          10          42       201          10
    21      45         50          10          5       219          10
    22      41         23          7          59       221          10
    23      44         7          7          70       249          10
    24      11         30          9          35       213          10
    25      12         3          5          101       215          10
