r263
VEHICLE
NUMBER     CAPACITY
  10         100

CUSTOMER
CUST NO.  XCOORD.   YCOORD.    DEMAND   READY TIME  DUE DATE   SERVICE   TIME

    0      25         25          0          0          250         0
    1      43         8          6          112       227          10
    2      1         44          5          35       241          10
    3      42         23          9          85       237          10
    4      0         30          9          71       244          10
    5      45         24          8          53       223          10
    6      25         27          10          94       232          10
    7      8         20          9          22       210          10
    8      3         1          7          103       214          10
    9      15         38          5          12       206          10
    10      17         33          7          100       225          10
    11      4         9          5          35       233          10
    12      11         18          7          38       203          10
    13      17         3          5          99       233          10
    14      14         23          6          21       202          10
    15      23         39          5          103       227          10
    16      27         5          9          43       213          10
    17      35         34          8          108       216          10
    18      35         9          5          108       243          10
    19      2         44          7          66       223          10
    20      24         50          5          19       222          10
    21      18         39          6          41       200          10
    22      26         34          10          84       221          10
    23      11         3          5          88       213          10
    24      22         3          8          15       238          10
    25      12         26          9          10       217          10
