r264
VEHICLE
NUMBER     CAPACITY
  10         100

CUSTOMER
CUST NO.  XCOORD.   YCOORD.    DEMAND   READY TIME  DUE DATE   SERVICE   TIME

    0      25         25          0          0          250         0
    1      50         5          9          76       206          10
    2      45         12          6          81       242          10
    3      34         16          9          103       250          10
    4      34         49          5          28       215          10
    5      19         13          6          31       225          10
    6      5         6          5          59       223          10
    7      6         25          6          119       231          10
    8      4         13          10          86       231          10
    9      20         40          8          70       206          10
    10      13         44          6          0       214          10
    11      8         29          6          3       221          10
    12      22         25          7          52       227          10
    13      30         35          8          84       218          10
    14      8         0          10          104       221          10
    15      2         50          7          78       213          10
    16      44         33          9          64       204          10
    17      1         21          7          14       215          10
    18      28         16          9          108       243          10
    19      8         35          6          60       208          10
    20      3         8          9          63       216          10
    21      0         6          9          40       232          10
    22      42         1          5          116       238          10
    23      33         37          7          20       219          10
    24      11         29          7          35       241          10
    25      27         12          9          81       210          10
