r266
VEHICLE
NUMBER     CAPACITY
  10         100

CUSTOMER
CUST NO.  XCOORD.   YCOORD.    DEMAND   READY TIME  DUE DATE   SERVICE   TIME

    0      25         25          0          0          250         0
    1      45         12          6          79       249          10
    2      0         44          8          101       223          10
    3      21         46          9          45       202          10
    4      21         30          8          10       226          10
    5      13         37          10          80       206          10
    6      9         44          5          47       216          10
    7      35         37          9          12       219          10
    8      4         42          10          18       244          10
    9      36         8          10          27       212          10
    10      13         15          7          97       218          10
    11      22         16          7          61       205          10
    12      20         43          8          104       233          10
    13      46         23          6          6       231          10
    14      20         34          7          91       224          10
    15      43         47          9          99       235          10
    16      23         7          5          61       216          10
    17      24         43          10          36       202          10
    18      3         17          6          104       242          10
    19      33         13          7          38       209          10
    20      50         4          9          50       200          10
    21      23         10          7          110       246          10
    22      43         25          7          9       225          10
    23      33         37          6          43       220          10
    24      22         22          9          99       222          10
    25      49         12          6          63       234          10
