r267
VEHICLE
NUMBER     CAPACITY
  10         100

CUSTOMER
CUST NO.  XCOORD.   YCOORD.    DEMAND   READY TIME  DUE DATE   SERVICE   TIME

    0      25         25          0          0          250         0
    1      15         7          10          67       239          10
    2      1         35          7          35       230          10
    3      31         47          9          113       223          10
    4      50         38          10          64       210          10
    5      4         6          8          103       231          10
    6      50         30          7          5       243          10
    7      44         41          10          84       235          10
    8      11         14          5          64       241          10
    9      26         14          6          76       246          10
    10      50         15          9          71       209          10
    11      42         15          9          42       203          10
    12      21         21          7          51       218          10
    13      17         39          5          119       211          10
    14      50         4          5          101       231          10
    15      43         44          5          83       220          10
    16      21         28          7          24       228          10
    17      28         13          5          31       218          10
    18      8         3          7          103       211          10
    19      44         28          8          59       213          10
    20      21         35          8          114       200          10
    21      26         0          5          105       203          10
    22      30         2          10          58       242          10
    23      12         36          5          82       241          10
    24      39         24          8          92       211          10
    25      42         35          10          94       200          10
