r268
VEHICLE
NUMBER     CAPACITY
  10         100

CUSTOMER
CUST NO.  XCOORD.   YCOORD.    DEMAND   READY TIME  DUE DATE   SERVICE   TIME

    0      25         25          0          0          250         0
    1      41         1          8          74       241          10
    2      2         50          8          11       209          10
    3      31         10          9          81       209          10
    4      21         43          8          49       211          10
    5      7         32          5          30       205          10
    6      9         47          5          33       230          10
    7      32         1          6          85       242          10
    8      7         20          9          119       225          10
    9      48         45          6          0       225          10
    10      46         33          7          51       203          10
    11      4         41          9          64       233          10
    12      46         31          7          91       201          10
    13      20         14          5          85       248          10
    14      19         10          9          117       205          10
    15      18         30          8          87       224          10
    16      35         45          10          25       214          10
    17      45         40          9          19       245          10
    18      27         39          5          48       235          10
    19      22         43          7          5       213          10
    20      45         45          10          1       229          10
    21      32         39          10          36       229          10
    22      9         43          5          56       222          10
    23      13         2          7          97       200          10
    24      50         6          8          119       234          10
    25      20         37          8          2       231          10
