r271
VEHICLE
NUMBER     CAPACITY
  10         100

CUSTOMER
CUST NO.  XCOORD.   YCOORD.    DEMAND   READY TIME  DUE DATE   SERVICE   TIME

    0      25         25          0          0          250         0
    1      18         30          8          16       211          10
    2      36         32          5          39       208          10
    3      12         36          10          30       224          10
    4      20         6          5          87       236          10
    5      7         39          5          58       206          10
    6      23         23          6          104       209          10
    7      3         13          8          108       234          10
    8      30         34          6          43       233          10
    9      9         20          10          5       230          10
    10      29         7          9          101       210          10
    11      39         50          9          114       230          10
    12      12         32          8          23       239          10
    13      41         10          6          23       213          10
    14      15         19          9          96       237          10
    15      36         28          8          87       219          10
    16      5         23          10          57       216          10
    17      46         49          9          19       246          10
    18      29         38          5          24       233          10
    19      5         20          8          94       242          10
    20      27         20          8          87       223          10
    21      6         39          6          51       223          10
    22      27         4          9          0       245          10
    23      23         50          7          13       238          10
    24      41         25          5          55       231          10
    25      4         39          5          44       211          10
