r273
VEHICLE
NUMBER     CAPACITY
  10         100

CUSTOMER
CUST NO.  XCOORD.   YCOORD.    DEMAND   READY TIME  DUE DATE   SERVICE   TIME

    0      25         25          0          0          250         0
    1      34         7          9          26       238          10
    2      43         0          8          14       200          10
    3      46         1          5          40       206          10
    4      22         34          10          4       200          10
    5      22         13          5          63       246          10
    6      40         42          10          3       233          10
    7      28         22          6          115       227          10
    8      47         17          8          87       240          10
    9      4         39          6          17       240          10
    10      14         3          9          95       207          10
    11      0         40          5          10       220          10
    12      5         22          9          23       231          10
    13      40         17          10          3       226          10
    14      10         33          6          107       208          10
    15      13         10          10          115       236          10
    16      19         2          10          65       206          10
    17      7         10          10          27       221          10
    18      37         2          7          60       242          10
    19      50         1          8          39       241          10
    20      45         32          5          2       202          10
    21      46         21          8          5       247          10
    22      35         24          9          53       228          10
    23      7         11          6          66       237          10
    24      28         0          9          35       201          10
    25      0         10          5          30       216          10
