r274
VEHICLE
NUMBER     CAPACITY
  10         100

CUSTOMER
CUST NO.  XCOORD.   YCOORD.    DEMAND   READY TIME  DUE DATE   SERVICE   TIME

    0      25         25          0          0          250         0
    1      37         13          6          75       207          10
    2      20         8          7          65       216          10
    3      50         27          6          52       218          10
    4      22         18          10          54       221          10
    5      5         31          10          100       242          10
    6      19         20          5          43       235          10
    7      49         23          8          47       250          10
    8      45         9          10          60       220          10
    9      30         24          8          41       241          10
    10      36         40          6          96       248          10
    11      37         40          5          50       208          10
    12      14         27          10          45       218          10
    13      10         3          8          76       210          10
    14      11         20          7          99       212          10
    15      29         21          6          59       229          10
    16      32         4          10          50       234          10
    17      0         41          8          87       223          10
    18      29         38          5          90       216          10
    19      47         33          5          44       217          10
    20      36         24          6          81       217          10
    21      36         45          9          85       221          10
    22      13         31          6          66       212          10
    23      49         34          10          44       204          10
    24      19         47          10          52       238          10
    25      48         6          6          109       243          10
