r277
VEHICLE
NUMBER     CAPACITY
  10         100

CUSTOMER
CUST NO.  XCOORD.   YCOORD.    DEMAND   READY TIME  DUE DATE   SERVICE   TIME

    0      25         25          0          0          250         0
    1      37         50          9          56       247          10
    2      48         8          10          8       218          10
    3      14         0          7          112       241          10
    4      1         31          7          45       229          10
    5      30         28          7          86       211          10
    6      7         18          7          92       237          10
    7      8         11          8          0       226          10
    8      50         23          9          65       214          10
    9      50         33          7          104       220          10
    10      13         8          8          5       249          10
    11      7         25          9          50       224          10
    12      49         17          8          66       205          10
    13      25         29          8          30       249          10
    14      41         7          5          37       227          10
    15      43         7          7          102       234          10
    16      28         44          6          20       231          10
    17      21         20          7          41       227          10
    18      12         20          7          73       248          10
    19      15         11          6          41       233          10
    20      46         47          9          83       241          10
    21      49         17          6          92       238          10
    22      12         43          5          30       203          10
    23      43         2          8          110       217          10
    24      11         32          10          79       200          10
    25      37         45          7          72       236          10
