r278
VEHICLE
NUMBER     CAPACITY
  10         100

CUSTOMER
CUST NO.  XCOORD.   YCOORD.    DEMAND   READY TIME  DUE DATE   SERVICE   TIME

    0      25         25          0          0          250         0
    1      19         50          9          45       250          10
    2      3         16          8          23       230          10
    3      39         9          7          99       205          10
    4      13         42          7          26       208          10
    5      32         3          6          114       212          10
    6      42         6          8          71       201          10
    7      47         0          7          113       210          10
    8      49         9          5          36       232          10
    9      36         14          10          33       244          10
    10      8         36          7          19       243          10
    11      13         48          5          107       226          10
    12      7         25          5          24       239          10
    13      42         29          6          12       211          10
    14      3         49          6          20       219          10
    15      30         23          5          58       233          10
    16      36         11          7          40       244          10
    17      49         19          6          117       218          10
    18      46         39          7          35       232          10
    19      2         18          8          85       233          10
    20      22         37          9          83       221          10
    21      11         16          5          95       217          10
    22      12         5          7          40       204          10
    23      21         4          6          9       210          10
    24      43         30          9          99       209          10
    25      9         6          9          3       234          10
