r279
VEHICLE
NUMBER     CAPACITY
  10         100

CUSTOMER
CUST NO.  XCOORD.   YCOORD.    DEMAND   READY TIME  DUE DATE   SERVICE   TIME

    0      25         25          0          0          250         0
    1      8         41          8          93       245          10
    2      24         8          10          31       203          10
    3      11         10          8          4       242          10
    4      31         25          9          33       210          10
    5      13         33          7          32       244          10
    6      37         10          6          22       203          10
    7      22         41          10          99       208          10
    8      43         44          7          17       245          10
    9      21         5          6          61       216          10
    10      8         13          6          76       238          10
    11      43         40          5          74       226          10
    12      39         35          9          42       213          10
    13      2         36          6          26       245          10
    14      28         49          10          5       243          10
    15      31         6          5          40       214          10
    16      9         34          5          53       201          10
    17      15         37          9          20       202          10
    18      50         9          9          109       238          10
    19      31         25          9          21       243          10
    20      13         29          10          63       234          10
    21      47         5          9          12       224          10
    22      20         10          10          45       222          10
    23      45         31          9          46       201          10
    24      18         27          9          31       228          10
    25      9         5          10          28       212          10
