r281
VEHICLE
NUMBER     CAPACITY
  10         100

CUSTOMER
CUST NO.  XCOORD.   YCOORD.    DEMAND   READY TIME  DUE DATE   SERVICE   TIME

    0      25         25          0          0          250         0
    1      48         20          10          57       242          10
    2      25         16          9          34       247          10
    3      41         35          8          14       230          10
    4      43         22          6          16       238          10
    5      5         47          9          54       213          10
    6      44         44          9          29       222          10
    7      32         30          5          78       207          10
    8      26         6          7          88       221          10
    9      7         43          10          4       240          10
    10      4         32          8          63       244          10
    11      35         0          6          11       246          10
    12      20         45          8          64       221          10
    13      1         43          7          93       235          10
    14      8         40          7          10       207          10
    15      45         43          7          83       239          10
    16      10         40          6          91       226          10
    17      3         39          6          61       238          10
    18      46         17          5          73       202          10
    19      38         21          9          23       211          10
    20      35         35          5          69       232          10
    21      38         43          6          102       242          10
    22      32         29          8          10       226          10
    23      35         0          7          49       243          10
    24      27         25          7          0       207          10
    25      14         3          7          87       232          10
