r283
VEHICLE
NUMBER     CAPACITY
  10         100

CUSTOMER
CUST NO.  XCOORD.   YCOORD.    DEMAND   READY TIME  DUE DATE   SERVICE   TIME

    0      25         25          0          0          250         0
    1      15         47          6          0       238          10
    2      46         4          8          70       228          10
    3      35         8          6          41       248          10
    4      28         30          5          61       224          10
    5      11         20          8          31       210          10
    6      38         13          6          97       210          10
    7      7         21          7          103       210          10
    8      8         45          8          71       201          10
    9      31         5          8          72       203          10
    10      39         47          5          47       249          10
    11      41         37          7          28       214          10
    12      33         19          9          88       219          10
    13      10         40          7          88       220          10
    14      27         50          6          111       239          10
    15      23         35          6          12       238          10
    16      2         37          10          36       211          10
    17      4         10          9          86       213          10
    18      45         22          8          54       241          10
    19      50         14          7          94       247          10
    20      22         31          8          40       245          10
    21      7         40          8          90       205          10
    22      10         26          10          112       215          10
    23      13         18          6          23       249          10
    24      15         36          8          93       202          10
    25      8         36          7          71       219          10
