r284
VEHICLE
NUMBER     CAPACITY
  10         100

CUSTOMER
CUST NO.  XCOORD.   YCOORD.    DEMAND   READY TIME  DUE DATE   SERVICE   TIME

    0      25         25          0          0          250         0
    1      38         50          10          21       202          10
    2      24         50          5          13       220          10
    3      12         37          9          58       225          10
    4      13         21          8          93       215          10
    5      4         3          10          89       218          10
    6      26         25          6          67       213          10
    7      46         11          10          18       214          10
    8      20         30          9          61       249          10
    9      0         28          5          101       228          10
    10      1         19          9          85       240          10
    11      18         7          7          80       236          10
    12      47         50          6          117       248          10
    13      3         40          7          96       207          10
    14      49         25          10          109       238          10
    15      2         16          6          41       246          10
    16      1         10          10          58       204          10
    17      12         23          5          44       246          10
    18      22         19          7          3       219          10
    19      50         49          8          112       232          10
    20      12         5          5          7       249          10
    21      39         49          5          53       244          10
    22      27         36          8          31       214          10
    23      6         23          8          89       228          10
    24      46         3          6          16       202          10
    25      43         24          8          114       209          10
