r286
VEHICLE
NUMBER     CAPACITY
  10         100

CUSTOMER
CUST NO.  XCOORD.   YCOORD.    DEMAND   READY TIME  DUE DATE   SERVICE   TIME

    0      25         25          0          0          250         0
    1      21         33          5          85       213          10
    2      1         20          6          36       218          10
    3      11         42          8          71       236          10
    4      30         28          6          65       239          10
    5      0         27          10          49       204          10
    6      7         28          7          34       212          10
    7      5         38          6          8       205          10
    8      5         39          10          98       244          10
    9      16         23          10          76       203          10
    10      11         0          5          0       227          10
    11      4         34          5          34       206          10
    12      15         7          8          32       246          10
    13      5         7          10          112       248          10
    14      32         33          10          60       202          10
    15      50         46          10          2       206          10
    16      1         42          7          45       230          10
    17      30         38          5          57       244          10
    18      45         7          9          103       216          10
    19      48         14          8          102       243          10
    20      14         10          9          120       232          10
    21      33         7          7          120       245          10
    22      6         25          7          17       248          10
    23      45         38          9          23       246          10
    24      17         16          7          40       237          10
    25      19         14          9          65       204          10
