r288
VEHICLE
NUMBER     CAPACITY
  10         100

CUSTOMER
CUST NO.  XCOORD.   YCOORD.    DEMAND   READY TIME  DUE DATE   SERVICE   TIME

    0      25         25          0          0          250         0
    1      14         21          8          28       249          10
    2      27         40          6          27       214          10
    3      5         24          9          20       243          10
    4      40         49          5          10       220          10
    5      5         18          9          37       201          10
    6      16         39          5          11       246          10
    7      47         2          6          91       239          10
    8      45         27          6          83       235          10
    9      42         26          9          89       216          10
    10      42         47          6          54       229          10
    11      9         23          5          38       249          10
    12      23         34          5          14       217          10
    13      9         15          5          33       228          10
    14      25         38          9          4       217          10
    15      46         24          5          38       221          10
    16      5         50          6          27       240          10
    17      45         4          7          61       222          10
    18      16         9          10          93       218          10
    19      39         40          10          71       227          10
    20      6         44          10          34       226          10
    21      44         34          5          12       236          10
    22      38         43          8          50       205          10
    23      49         41          6          114       215          10
    24      47         12          8          4       233          10
    25      24         17          9          85       223          10
