r290
VEHICLE
NUMBER     CAPACITY
  10         100

CUSTOMER
CUST NO.  XCOORD.   YCOORD.    DEMAND   READY TIME  DUE DATE   SERVICE   TIME

    0      25         25          0          0          250         0
    1      15         3          8          43       201          10
    2      7         32          5          72       231          10
    3      0         42          10          59       215          10
    4      8         42          5          103       236          10
    5      37         20          8          91       232          10
    6      42         34          9          108       227          10
    7      23         2          8          104       214          10
    8      19         49          10          85       240          10
    9      9         23          6          50       202          10
    10      13         35          6          94       215          10
    11      16         2          7          61       206          10
    12      27         6          10          18       223          10
    13      30         7          8          23       212          10
    14      21         28          8          76       241          10
    15      41         20          9          108       211          10
    16      40         4          8          34       242          10
    17      50         48          9          110       200          10
    18      1         44          6          102       209          10
    19      29         19          9          52       202          10
    20      19         15          6          8       229          10
    21      12         7          6          108       238          10
    22      31         22          5          53       203          10
    23      35         7          7          56       206          10
    24      44         29          10          112       248          10
    25      13         50          9          36       226          10
