r293
VEHICLE
NUMBER     CAPACITY
  10         100

CUSTOMER
CUST NO.  XCOORD.   YCOORD.    DEMAND   READY TIME  DUE DATE   SERVICE   TIME

    0      25         25          0          0          250         0
    1      15         14          7          96       246          10
    2      41         46          6          46       204          10
    3      1         32          10          114       234          10
    4      4         43          9          36       202          10
    5      23         0          6          20       201          10
    6      25         9          9          86       200          10
    7      17         7          8          34       216          10
    8      31         27          6          65       210          10
    9      43         43          6          70       244          10
    10      14         20          8          3       247          10
    11      26         30          5          111       216          10
    12      15         41          6          48       226          10
    13      49         18          9          90       217          10
    14      31         22          8          113       205          10
    15      40         42          9          36       216          10
    16      50         3          8          96       227          10
    17      41         23          10          67       230          10
    18      25         0          5          91       210          10
    19      26         26          7          34       221          10
    20      5         10          5          81       247          10
    21      2         26          6          85       215          10
    22      22         49          9          34       202          10
    23      40         32          8          12       227          10
    24      3         30          9          24       211          10
    25      20         22          7          94       202          10
