r295
VEHICLE
NUMBER     CAPACITY
  10         100

CUSTOMER
CUST NO.  XCOORD.   YCOORD.    DEMAND   READY TIME  DUE DATE   SERVICE   TIME

    0      25         25          0          0          250         0
    1      8         50          5          114       211          10
    2      30         5          10          10       208          10
    3      2         50          6          71       232          10
    4      26         11          6          16       204          10
    5      45         10          9          20       212          10
    6      9         31          7          75       232          10
    7      25         50          7          31       246          10
    8      17         38          8          111       240          10
    9      48         25          10          116       233          10
    10      3         37          7          11       228          10
    11      26         50          9          30       203          10
    12      34         38          10          13       229          10
    13      8         43          9          72       203          10
    14      25         5          8          51       216          10
    15      36         38          5          10       219          10
    16      30         47          5          31       243          10
    17      26         0          9          112       210          10
    18      26         45          6          14       226          10
    19      7         46          5          43       238          10
    20      16         5          6          111       223          10
    21      15         8          6          46       243          10
    22      8         39          10          67       235          10
    23      23         4          8          69       207          10
    24      6         8          7          32       201          10
    25      2         26          6          115       217          10
