r297
VEHICLE
NUMBER     CAPACITY
  10         100

CUSTOMER
CUST NO.  XCOORD.   YCOORD.    DEMAND   READY TIME  DUE DATE   SERVICE   TIME

    0      25         25          0          0          250         0
    1      38         11          7          37       241          10
    2      14         42          8          51       218          10
    3      11         33          7          71       215          10
    4      48         20          10          116       218          10
    5      36         50          8          64       243          10
    6      36         47          7          10       237          10
    7      10         34          9          70       238          10
    8      12         20          6          62       207          10
    9      30         29          6          119       249          10
    10      8         34          9          4       222          10
    11      34         20          5          33       247          10
    12      0         30          7          27       225          10
    13      0         49          9          79       202          10
    14      23         27          5          46       237          10
    15      22         39          6          120       226          10
    16      29         0          8          120       209          10
    17      48         14          5          78       220          10
    18      38         36          10          23       228          10
    19      9         9          8          89       208          10
    20      27         45          9          99       241          10
    21      18         14          6          47       205          10
    22      49         28          7          41       244          10
    23      32         18          10          57       230          10
    24      30         44          9          24       226          10
    25      11         0          9          82       225          10
