r298
VEHICLE
NUMBER     CAPACITY
  10         100

CUSTOMER
CUST NO.  XCOORD.   YCOORD.    DEMAND   READY TIME  DUE DATE   SERVICE   TIME

    0      25         25          0          0          250         0
    1      30         31          8          5       207          10
    2      19         46          7          81       227          10
    3      38         37          5          111       249          10
    4      47         9          8          105       201          10
    5      13         42          9          22       224          10
    6      46         18          7          94       236          10
    7      25         7          7          22       215          10
    8      15         28          5          46       221          10
    9      9         41          10          83       235          10
    10      6         26          8          110       230          10
    11      45         33          8          51       205          10
    12      3         14          7          71       241          10
    13      49         33          10          38       246          10
    14      49         5          8          54       244          10
    15      26         14          6          61       248          10
    16      0         31          5          60       215          10
    17      28         3          9          94       207          10
    18      28         16          9          87       234          10
    19      5         9          5          49       213          10
    20      42         47          7          76       220          10
    21      7         0          10          77       207          10
    22      27         18          9          8       207          10
    23      38         19          9          70       211          10
    24      34         47          9          68       234          10
    25      27         43          9          2       244          10
