r300
VEHICLE
NUMBER     CAPACITY
  10         100

CUSTOMER
CUST NO.  XCOORD.   YCOORD.    DEMAND   READY TIME  DUE DATE   SERVICE   TIME

    0      25         25          0          0          250         0
    1      36         35          6          90       238          10
    2      30         32          8          31       202          10
    3      14         15          8          82       200          10
    4      18         8          8          3       225          10
    5      44         24          7          14       229          10
    6      0         30          10          92       248          10
    7      19         16          9          52       222          10
    8      34         8          6          31       224          10
    9      6         18          5          63       228          10
    10      16         15          6          13       236          10
    11      46         26          9          2       210          10
    12      14         13          8          41       211          10
    13      50         30          5          81       223          10
    14      32         27          6          6       240          10
    15      2         40          6          48       245          10
    16      44         44          5          103       212          10
    17      6         43          6          65       228          10
    18      1         43          10          120       206          10
    19      48         12          8          45       225          10
    20      33         48          6          71       209          10
    21      44         35          5          1       200          10
    22      10         27          6          20       224          10
    23      44         3          7          26       241          10
    24      2         24          8          4       220          10
    25      6         14          8          83       209          10
