r301
VEHICLE
NUMBER     CAPACITY
  10         100

CUSTOMER
CUST NO.  XCOORD.   YCOORD.    DEMAND   READY TIME  DUE DATE   SERVICE   TIME

    0      25         25          0          0          250         0
    1      39         20          10          68       227          10
    2      22         30          10          25       206          10
    3      4         16          10          101       221          10
    4      22         44          10          96       212          10
    5      5         17          8          102       250          10
    6      33         49          6          9       203          10
    7      11         28          10          105       232          10
    8      8         22          9          103       224          10
    9      22         11          5          18       200          10
    10      13         44          8          27       226          10
    11      30         28          6          85       235          10
    12      25         20          10          95       244          10
    13      14         42          9          92       209          10
    14      27         15          8          25       230          10
    15      38         23          7          34       230          10
    16      19         41          9          49       201          10
    17      3         28          7          22       201          10
    18      13         10          7          2       211          10
    19      16         27          8          6       233          10
    20      41         40          5          14       214          10
    21      1         9          10          43       211          10
    22      25         45          8          69       219          10
    23      48         15          7          39       247          10
    24      30         11          10          29       208          10
    25      49         41          9          85       245          10
