r302
VEHICLE
NUMBER     CAPACITY
  10         100

CUSTOMER
CUST NO.  XCOORD.   YCOORD.    DEMAND   READY TIME  DUE DATE   SERVICE   TIME

    0      25         25          0          0          250         0
    1      26         38          10          102       225          10
    2      4         0          6          31       224          10
    3      46         2          5          108       241          10
    4      39         9          5          58       218          10
    5      5         45          6          28       209          10
    6      46         49          8          104       223          10
    7      10         19          6          86       221          10
    8      33         49          6          54       214          10
    9      30         19          10          35       235          10
    10      19         45          8          0       249          10
    11      13         19          8          76       250          10
    12      13         39          7          99       248          10
    13      28         10          10          33       218          10
    14      40         26          10          116       238          10
    15      1         15          7          74       238          10
    16      47         22          5          47       219          10
    17      15         4          9          70       238          10
    18      0         45          9          63       224          10
    19      42         48          10          54       205          10
    20      43         7          6          105       214          10
    21      21         24          8          101       209          10
    22      30         28          9          76       220          10
    23      23         44          6          50       245          10
    24      29         21          7          83       244          10
    25      9         47          8          90       215          10
