r304
VEHICLE
NUMBER     CAPACITY
  10         100

CUSTOMER
CUST NO.  XCOORD.   YCOORD.    DEMAND   READY TIME  DUE DATE   SERVICE   TIME

    0      25         25          0          0          250         0
    1      4         20          10          13       235          10
    2      7         32          7          73       219          10
    3      36         12          7          7       233          10
    4      29         20          5          104       212          10
    5      44         39          6          16       226          10
    6      43         8          5          51       218          10
    7      0         25          6          84       242          10
    8      43         17          8          44       204          10
    9      35         4          7          11       235          10
    10      27         48          5          92       224          10
    11      28         18          7          36       228          10
    12      4         43          7          94       204          10
    13      45         37          9          110       242          10
    14      27         42          7          28       209          10
    15      8         30          10          34       212          10
    16      7         4          10          74       211          10
    17      19         26          10          16       207          10
    18      30         32          7          99       235          10
    19      4         15          10          108       217          10
    20      31         3          9          68       248          10
    21      20         37          6          104       206          10
    22      5         10          8          21       231          10
    23      35         37          9          48       244          10
    24      20         1          10          68       219          10
    25      41         25          10          4       205          10
