r306
VEHICLE
NUMBER     CAPACITY
  10         100

CUSTOMER
CUST NO.  XCOORD.   YCOORD.    DEMAND   READY TIME  DUE DATE   SERVICE   TIME

    0      25         25          0          0          250         0
    1      6         28          7          6       211          10
    2      36         5          7          110       237          10
    3      17         45          10          53       223          10
    4      44         31          5          45       216          10
    5      15         41          7          54       232          10
    6      11         8          10          104       243          10
    7      49         48          5          18       216          10
    8      6         15          6          34       233          10
    9      12         1          9          4       204          10
    10      20         46          6          59       231          10
    11      14         8          8          74       242          10
    12      22         28          7          77       200          10
    13      27         0          6          119       248          10
    14      43         43          8          79       218          10
    15      17         23          5          85       225          10
    16      3         24          9          45       241          10
    17      0         35          8          50       209          10
    18      44         19          7          113       232          10
    19      3         22          10          55       229          10
    20      0         1          8          88       203          10
    21      48         26          7          9       210          10
    22      11         27          6          31       233          10
    23      28         31          10          19       212          10
    24      36         40          8          69       205          10
    25      48         33          7          57       248          10
