r308
VEHICLE
NUMBER     CAPACITY
  10         100

CUSTOMER
CUST NO.  XCOORD.   YCOORD.    DEMAND   READY TIME  DUE DATE   SERVICE   TIME

    0      25         25          0          0          250         0
    1      25         49          8          72       218          10
    2      2         39          9          61       236          10
    3      22         49          7          30       203          10
    4      49         7          8          53       250          10
    5      9         13          9          56       241          10
    6      45         31          6          74       247          10
    7      47         1          10          100       245          10
    8      40         24          9          95       248          10
    9      41         47          5          66       213          10
    10      2         41          7          112       239          10
    11      42         18          7          16       211          10
    12      37         35          6          63       229          10
    13      33         17          6          107       231          10
    14      0         44          6          37       250          10
    15      14         37          7          73       200          10
    16      37         23          8          16       215          10
    17      40         22          9          38       219          10
    18      31         47          5          49       204          10
    19      18         39          10          90       247          10
    20      16         30          10          27       212          10
    21      6         36          6          78       222          10
    22      39         44          7          89       200          10
    23      27         11          8          109       206          10
    24      16         7          10          95       222          10
    25      15         23          9          16       224          10
