r312
VEHICLE
NUMBER     CAPACITY
  10         100

CUSTOMER
CUST NO.  XCOORD.   YCOORD.    DEMAND   READY TIME  DUE DATE   SERVICE   TIME

    0      25         25          0          0          250         0
    1      21         36          5          91       236          10
    2      48         27          9          49       231          10
    3      49         49          9          4       234          10
    4      34         7          10          40       219          10
    5      28         5          10          69       213          10
    6      14         5          8          74       227          10
    7      31         30          5          66       225          10
    8      39         46          10          78       203          10
    9      8         11          8          2       243          10
    10      28         0          7          118       222          10
    11      20         48          7          1       234          10
    12      37         36          5          101       233          10
    13      20         17          5          38       203          10
    14      24         6          10          8       233          10
    15      48         6          9          111       222          10
    16      47         50          8          89       221          10
    17      7         23          7          54       243          10
    18      11         19          10          54       239          10
    19      14         11          9          71       234          10
    20      4         17          6          66       203          10
    21      25         33          5          38       239          10
    22      7         40          10          86       239          10
    23      39         50          5          9       243          10
    24      49         48          8          33       244          10
    25      41         1          5          39       248          10
