r314
VEHICLE
NUMBER     CAPACITY
  10         100

CUSTOMER
CUST NO.  XCOORD.   YCOORD.    DEMAND   READY TIME  DUE DATE   SERVICE   TIME

    0      25         25          0          0          250         0
    1      12         17          10          27       205          10
    2      36         10          10          52       220          10
    3      19         20          8          37       221          10
    4      43         47          8          60       231          10
    5      48         27          9          16       242          10
    6      2         31          8          100       250          10
    7      13         26          7          108       230          10
    8      48         48          5          109       222          10
    9      27         29          9          55       218          10
    10      16         4          8          86       247          10
    11      40         26          9          80       221          10
    12      36         24          6          61       240          10
    13      4         39          5          49       232          10
    14      18         10          10          28       246          10
    15      47         32          10          110       231          10
    16      29         36          10          55       207          10
    17      26         46          9          71       234          10
    18      24         19          7          95       244          10
    19      3         16          10          114       241          10
    20      40         4          9          58       231          10
    21      26         25          6          87       226          10
    22      29         50          8          43       234          10
    23      39         13          5          78       210          10
    24      28         31          7          55       235          10
    25      38         20          9          23       211          10
