r317
VEHICLE
NUMBER     CAPACITY
  10         100

CUSTOMER
CUST NO.  XCOORD.   YCOORD.    DEMAND   READY TIME  DUE DATE   SERVICE   TIME

    0      25         25          0          0          250         0
    1      0         28          10          43       245          10
    2      21         42          8          117       249          10
    3      33         15          10          110       202          10
    4      11         24          5          12       226          10
    5      26         43          10          28       218          10
    6      19         31          7          23       249          10
    7      50         24          6          48       238          10
    8      25         5          7          35       238          10
    9      40         20          9          45       210          10
    10      7         40          6          86       245          10
    11      42         32          10          21       223          10
    12      41         48          5          99       221          10
    13      12         14          8          47       222          10
    14      12         21          10          104       220          10
    15      20         8          5          26       227          10
    16      34         18          10          56       203          10
    17      42         3          6          59       200          10
    18      48         40          7          119       237          10
    19      30         25          10          119       242          10
    20      17         46          8          56       218          10
    21      20         37          6          74       218          10
    22      38         34          8          80       248          10
    23      44         40          6          1       212          10
    24      16         16          6          72       205          10
    25      30         4          6          18       239          10
