r318
VEHICLE
NUMBER     CAPACITY
  10         100

CUSTOMER
CUST NO.  XCOORD.   YCOORD.    DEMAND   READY TIME  DUE DATE   SERVICE   TIME

    0      25         25          0          0          250         0
    1      44         15          9          65       234          10
    2      39         31          9          44       238          10
    3      39         49          10          78       221          10
    4      46         28          10          21       226          10
    5      41         36          7          118       213          10
    6      12         41          9          7       200          10
    7      29         8          10          30       245          10
    8      28         34          5          41       230          10
    9      19         28          7          60       211          10
    10      45         3          5          100       204          10
    11      3         13          7          65       204          10
    12      22         19          5          41       209          10
    13      37         3          5          99       224          10
    14      42         22          8          87       208          10
    15      43         44          10          2       206          10
    16      14         0          6          50       226          10
    17      23         24          9          34       226          10
    18      1         18          6          68       244          10
    19      40         26          9          44       232          10
    20      34         17          8          47       238          10
    21      10         2          6          117       220          10
    22      21         48          10          31       209          10
    23      8         9          8          74       242          10
    24      20         1          7          117       223          10
    25      27         42          6          3       240          10
