r320
VEHICLE
NUMBER     CAPACITY
  10         100

CUSTOMER
CUST NO.  XCOORD.   YCOORD.    DEMAND   READY TIME  DUE DATE   SERVICE   TIME

    0      25         25          0          0          250         0
    1      48         47          9          87       248          10
    2      48         31          6          71       236          10
    3      46         29          10          3       205          10
    4      5         29          5          47       219          10
    5      7         30          6          97       218          10
    6      50         49          9          55       205          10
    7      6         44          10          63       222          10
    8      4         47          7          91       240          10
    9      37         13          10          35       249          10
    10      18         2          7          100       237          10
    11      21         16          6          24       223          10
    12      13         6          7          45       221          10
    13      26         50          5          18       245          10
    14      32         38          7          57       200          10
    15      16         18          6          53       200          10
    16      6         45          7          92       200          10
    17      40         7          10          53       200          10
    18      31         35          8          32       239          10
    19      5         32          5          24       227          10
    20      20         25          8          16       204          10
    21      37         6          5          72       201          10
    22      45         8          7          112       206          10
    23      35         36          7          16       245          10
    24      0         26          6          63       214          10
    25      19         7          5          11       227          10
