r321
VEHICLE
NUMBER     CAPACITY
  10         100

CUSTOMER
CUST NO.  XCOORD.   YCOORD.    DEMAND   READY TIME  DUE DATE   SERVICE   TIME

    0      25         25          0          0          250         0
    1      10         34          5          116       212          10
    2      39         4          9          102       238          10
    3      24         49          9          55       231          10
    4      30         47          10          106       213          10
    5      27         23          9          46       209          10
    6      10         36          6          61       248          10
    7      41         3          7          48       232          10
    8      42         2          6          80       250          10
    9      0         30          8          91       220          10
    10      0         43          10          118       250          10
    11      11         38          6          114       216          10
    12      7         49          6          74       247          10
    13      48         23          5          57       203          10
    14      3         41          8          87       241          10
    15      9         7          5          96       250          10
    16      17         8          6          115       228          10
    17      16         20          8          104       247          10
    18      13         31          9          9       213          10
    19      34         38          10          4       246          10
    20      37         30          10          40       205          10
    21      38         34          5          108       236          10
    22      40         6          6          23       225          10
    23      19         15          10          50       200          10
    24      1         11          9          5       216          10
    25      8         20          9          62       231          10
