r322
VEHICLE
NUMBER     CAPACITY
  10         100

CUSTOMER
CUST NO.  XCOORD.   YCOORD.    DEMAND   READY TIME  DUE DATE   SERVICE   TIME

    0      25         25          0          0          250         0
    1      7         17          6          27       242          10
    2      7         33          8          113       227          10
    3      3         41          7          19       220          10
    4      41         18          6          95       216          10
    5      42         42          6          81       208          10
    6      22         5          7          52       248          10
    7      47         0          7          26       246          10
    8      33         45          9          83       213          10
    9      37         43          9          72       205          10
    10      19         40          7          40       231          10
    11      15         25          6          109       208          10
    12      18         5          7          106       242          10
    13      16         25          7          85       217          10
    14      35         31          8          85       215          10
    15      11         23          6          81       216          10
    16      46         3          5          70       236          10
    17      5         31          5          51       219          10
    18      50         24          5          95       234          10
    19      3         35          9          72       206          10
    20      27         33          10          85       208          10
    21      19         7          7          2       209          10
    22      27         50          7          42       220          10
    23      26         38          9          4       224          10
    24      29         5          10          58       234          10
    25      26         10          8          101       216          10
