r324
VEHICLE
NUMBER     CAPACITY
  10         100

CUSTOMER
CUST NO.  XCOORD.   YCOORD.    DEMAND   READY TIME  DUE DATE   SERVICE   TIME

    0      25         25          0          0          250         0
    1      39         21          9          69       248          10
    2      45         44          8          23       241          10
    3      46         16          10          73       248          10
    4      42         36          7          11       223          10
    5      16         30          5          77       231          10
    6      48         2          10          93       220          10
    7      21         50          6          54       226          10
    8      46         48          7          84       249          10
    9      10         6          6          11       208          10
    10      48         39          9          89       203          10
    11      17         16          8          86       247          10
    12      22         30          6          81       233          10
    13      14         1          7          17       236          10
    14      30         45          9          33       221          10
    15      39         32          7          30       216          10
    16      25         29          8          24       238          10
    17      2         12          8          81       204          10
    18      28         7          8          3       208          10
    19      23         22          10          39       226          10
    20      12         37          6          113       246          10
    21      9         16          9          107       232          10
    22      36         29          6          90       214          10
    23      46         22          5          115       237          10
    24      8         2          8          44       200          10
    25      20         35          7          104       226          10
