r325
VEHICLE
NUMBER     CAPACITY
  10         100

CUSTOMER
CUST NO.  XCOORD.   YCOORD.    DEMAND   READY TIME  DUE DATE   SERVICE   TIME

    0      25         25          0          0          250         0
    1      25         44          7          106       218          10
    2      46         12          10          75       247          10
    3      20         27          10          81       213          10
    4      34         32          10          21       208          10
    5      8         10          8          86       242          10
    6      40         10          9          82       223          10
    7      49         14          9          50       229          10
    8      15         18          5          97       239          10
    9      29         9          8          39       208          10
    10      14         36          7          96       230          10
    11      13         11          9          42       239          10
    12      25         6          10          52       201          10
    13      7         19          7          2       218          10
    14      12         36          10          108       222          10
    15      2         16          9          62       239          10
    16      31         42          7          23       228          10
    17      45         9          5          49       200          10
    18      49         25          8          6       235          10
    19      20         17          10          116       211          10
    20      30         7          6          83       225          10
    21      45         26          6          14       218          10
    22      28         3          7          74       233          10
    23      18         42          9          87       245          10
    24      12         44          5          108       224          10
    25      34         25          10          38       240          10
