r326
VEHICLE
NUMBER     CAPACITY
  10         100

CUSTOMER
CUST NO.  XCOORD.   YCOORD.    DEMAND   READY TIME  DUE DATE   SERVICE   TIME

    0      25         25          0          0          250         0
    1      2         10          9          68       219          10
    2      36         14          9          112       209          10
    3      13         37          9          78       238          10
    4      0         4          10          104       238          10
    5      14         12          6          114       241          10
    6      26         35          7          87       211          10
    7      5         41          9          12       235          10
    8      5         24          8          49       223          10
    9      23         17          6          69       236          10
    10      37         6          10          112       225          10
    11      46         8          7          28       218          10
    12      38         29          7          22       223          10
    13      19         49          6          83       248          10
    14      14         39          9          41       201          10
    15      47         16          6          41       201          10
    16      27         47          10          45       210          10
    17      44         43          5          42       222          10
    18      27         14          8          55       231          10
    19      32         16          9          112       230          10
    20      17         42          7          8       209          10
    21      17         9          7          115       207          10
    22      15         40          5          48       208          10
    23      23         43          5          103       235          10
    24      12         17          8          70       200          10
    25      43         39          6          66       229          10
