r327
VEHICLE
NUMBER     CAPACITY
  10         100

CUSTOMER
CUST NO.  XCOORD.   YCOORD.    DEMAND   READY TIME  DUE DATE   SERVICE   TIME

    0      25         25          0          0          250         0
    1      31         11          5          49       207          10
    2      30         33          8          31       249          10
    3      23         24          7          17       209          10
    4      37         37          10          29       213          10
    5      49         4          10          43       207          10
    6      11         29          6          10       223          10
    7      10         26          8          112       214          10
    8      49         0          6          6       236          10
    9      36         44          5          114       209          10
    10      31         36          6          12       202          10
    11      8         47          8          96       205          10
    12      35         34          7          63       205          10
    13      38         20          8          59       202          10
    14      11         38          5          57       244          10
    15      38         11          7          4       210          10
    16      6         47          7          113       204          10
    17      5         32          7          54       227          10
    18      6         15          10          50       205          10
    19      27         11          5          7       206          10
    20      45         26          7          108       219          10
    21      8         18          5          103       210          10
    22      38         14          8          49       232          10
    23      34         37          8          59       215          10
    24      35         22          9          35       233          10
    25      18         49          5          69       218          10
