r328
VEHICLE
NUMBER     CAPACITY
  10         100

CUSTOMER
CUST NO.  XCOORD.   YCOORD.    DEMAND   READY TIME  DUE DATE   SERVICE   TIME

    0      25         25          0          0          250         0
    1      13         22          7          39       214          10
    2      44         31          6          7       240          10
    3      24         21          10          93       224          10
    4      42         6          8          120       249          10
    5      43         37          8          104       240          10
    6      4         21          9          111       223          10
    7      35         1          8          43       233          10
    8      14         14          5          80       215          10
    9      31         32          5          116       222          10
    10      30         43          8          113       248          10
    11      0         15          9          6       248          10
    12      20         28          5          3       218          10
    13      36         0          9          84       209          10
    14      9         15          10          71       229          10
    15      0         23          9          63       231          10
    16      47         2          5          76       243          10
    17      28         3          9          70       219          10
    18      20         32          9          108       218          10
    19      17         39          10          22       212          10
    20      24         47          5          11       240          10
    21      41         8          10          39       226          10
    22      25         46          8          2       205          10
    23      34         6          10          24       217          10
    24      15         8          8          87       244          10
    25      37         6          7          6       208          10
