r331
VEHICLE
NUMBER     CAPACITY
  10         100

CUSTOMER
CUST NO.  XCOORD.   YCOORD.    DEMAND   READY TIME  DUE DATE   SERVICE   TIME

    0      25         25          0          0          250         0
    1      9         49          10          61       237          10
    2      42         31          6          95       235          10
    3      23         9          6          110       200          10
    4      33         8          5          118       235          10
    5      9         22          6          68       224          10
    6      17         11          7          113       246          10
    7      42         4          7          55       208          10
    8      12         24          8          67       205          10
    9      31         5          9          96       205          10
    10      24         45          10          32       216          10
    11      19         44          9          54       240          10
    12      30         15          9          57       221          10
    13      23         15          5          35       220          10
    14      16         11          9          28       232          10
    15      27         38          7          105       249          10
    16      1         3          9          15       209          10
    17      39         39          8          66       203          10
    18      32         17          8          116       233          10
    19      30         4          8          94       243          10
    20      19         42          5          69       234          10
    21      20         45          9          75       203          10
    22      31         9          5          40       240          10
    23      30         32          7          24       233          10
    24      15         5          9          60       223          10
    25      38         44          7          71       246          10
