r335
VEHICLE
NUMBER     CAPACITY
  10         100

CUSTOMER
CUST NO.  XCOORD.   YCOORD.    DEMAND   READY TIME  DUE DATE   SERVICE   TIME

    0      25         25          0          0          250         0
    1      4         3          5          117       229          10
    2      22         38          7          41       215          10
    3      30         46          9          29       226          10
    4      42         4          7          35       228          10
    5      25         20          6          69       223          10
    6      26         39          10          111       233          10
    7      15         0          5          107       214          10
    8      37         43          8          91       224          10
    9      10         43          9          18       204          10
    10      3         23          5          63       209          10
    11      4         35          8          98       232          10
    12      18         48          5          0       226          10
    13      40         31          7          86       239          10
    14      13         8          10          16       231          10
    15      17         37          9          95       205          10
    16      50         5          6          32       247          10
    17      10         38          9          40       243          10
    18      17         28          10          48       226          10
    19      36         27          8          39       249          10
    20      5         49          6          33       201          10
    21      10         50          9          88       237          10
    22      8         28          10          7       223          10
    23      18         10          9          54       237          10
    24      50         10          5          9       229          10
    25      14         1          6          66       247          10
