r336
VEHICLE
NUMBER     CAPACITY
  10         100

CUSTOMER
CUST NO.  XCOORD.   YCOORD.    DEMAND   READY TIME  DUE DATE   SERVICE   TIME

    0      25         25          0          0          250         0
    1      18         9          7          40       246          10
    2      7         9          9          32       240          10
    3      17         10          5          95       246          10
    4      30         44          7          62       209          10
    5      29         45          5          95       229          10
    6      46         11          5          61       229          10
    7      23         37          7          0       223          10
    8      35         9          10          98       217          10
    9      12         38          8          15       238          10
    10      50         40          8          113       245          10
    11      22         31          5          30       221          10
    12      35         18          7          119       228          10
    13      13         35          7          114       229          10
    14      26         0          10          109       219          10
    15      29         35          10          89       208          10
    16      2         42          9          2       214          10
    17      33         34          10          84       241          10
    18      11         13          8          32       243          10
    19      46         37          10          58       236          10
    20      1         31          7          21       234          10
    21      43         49          5          113       230          10
    22      0         31          10          74       237          10
    23      3         25          10          47       248          10
    24      2         41          7          19       247          10
    25      34         32          10          118       206          10
