r339
VEHICLE
NUMBER     CAPACITY
  10         100

CUSTOMER
CUST NO.  XCOORD.   YCOORD.    DEMAND   READY TIME  DUE DATE   SERVICE   TIME

    0      25         25          0          0          250         0
    1      47         7          5          36       205          10
    2      8         42          5          80       227          10
    3      4         14          8          76       240          10
    4      24         46          7          37       216          10
    5      19         38          7          112       239          10
    6      15         17          5          37       222          10
    7      1         9          10          98       222          10
    8      16         41          6          45       204          10
    9      45         47          6          107       235          10
    10      13         22          7          56       200          10
    11      0         22          6          97       213          10
    12      50         1          7          17       234          10
    13      15         3          5          48       236          10
    14      15         27          7          101       221          10
    15      20         13          10          89       210          10
    16      9         29          9          78       218          10
    17      21         24          8          42       228          10
    18      37         6          9          2       230          10
    19      47         14          10          13       224          10
    20      26         43          9          68       250          10
    21      16         46          10          88       237          10
    22      27         33          6          78       230          10
    23      36         25          9          28       237          10
    24      19         2          9          51       249          10
    25      16         33          10          58       203          10
