r340
VEHICLE
NUMBER     CAPACITY
  10         100

CUSTOMER
CUST NO.  XCOORD.   YCOORD.    DEMAND   READY TIME  DUE DATE   SERVICE   TIME

    0      25         25          0          0          250         0
    1      41         20          5          68       234          10
    2      43         14          6          89       200          10
    3      32         50          8          44       240          10
    4      1         40          10          46       243          10
    5      8         48          10          5       237          10
    6      25         37          10          74       213          10
    7      30         25          9          65       200          10
    8      33         38          8          11       208          10
    9      48         50          10          57       200          10
    10      25         42          6          63       236          10
    11      7         28          5          7       214          10
    12      14         11          9          99       241          10
    13      39         0          8          33       231          10
    14      15         31          10          98       217          10
    15      31         27          5          30       244          10
    16      14         41          10          73       205          10
    17      0         34          8          67       229          10
    18      28         5          8          16       211          10
    19      25         47          7          38       240          10
    20      35         40          5          99       221          10
    21      49         12          5          73       245          10
    22      39         12          10          20       228          10
    23      40         26          10          103       202          10
    24      2         29          7          15       234          10
    25      33         33          7          51       230          10
