r342
VEHICLE
NUMBER     CAPACITY
  10         100

CUSTOMER
CUST NO.  XCOORD.   YCOORD.    DEMAND   READY TIME  DUE DATE   SERVICE   TIME

    0      25         25          0          0          250         0
    1      24         44          5          43       242          10
    2      32         49          8          5       228          10
    3      32         17          9          112       226          10
    4      14         22          7          52       221          10
    5      36         17          10          68       233          10
    6      13         35          7          93       206          10
    7      5         30          9          105       219          10
    8      24         19          9          73       243          10
    9      27         33          9          99       233          10
    10      43         33          9          105       243          10
    11      46         29          9          83       250          10
    12      46         15          5          118       243          10
    13      22         42          10          99       232          10
    14      40         24          9          100       226          10
    15      40         15          5          103       216          10
    16      35         36          7          0       222          10
    17      32         44          5          46       248          10
    18      39         9          6          78       249          10
    19      33         21          8          29       236          10
    20      26         12          10          92       249          10
    21      10         30          8          16       213          10
    22      40         5          8          3       213          10
    23      5         20          7          52       238          10
    24      27         4          10          59       239          10
    25      0         43          10          9       229          10
