r343
VEHICLE
NUMBER     CAPACITY
  10         100

CUSTOMER
CUST NO.  XCOORD.   YCOORD.    DEMAND   READY TIME  DUE DATE   SERVICE   TIME

    0      25         25          0          0          250         0
    1      13         31          5          118       233          10
    2      2         10          6          106       241          10
    3      40         35          8          80       222          10
    4      1         31          9          50       240          10
    5      47         9          7          119       212          10
    6      33         36          7          16       235          10
    7      20         20          5          3       220          10
    8      33         19          5          13       224          10
    9      33         1          9          93       230          10
    10      12         36          6          15       245          10
    11      40         35          8          24       211          10
    12      17         36          8          72       205          10
    13      13         40          5          54       200          10
    14      50         37          8          48       242          10
    15      18         4          10          33       233          10
    16      29         39          9          48       213          10
    17      5         32          10          4       234          10
    18      11         9          9          30       225          10
    19      37         1          9          51       213          10
    20      42         40          5          38       222          10
    21      17         3          10          91       203          10
    22      8         10          7          62       201          10
    23      37         23          10          7       247          10
    24      50         18          8          33       227          10
    25      32         19          9          89       210          10
