r347
VEHICLE
NUMBER     CAPACITY
  10         100

CUSTOMER
CUST NO.  XCOORD.   YCOORD.    DEMAND   READY TIME  DUE DATE   SERVICE   TIME

    0      25         25          0          0          250         0
    1      50         34          10          93       242          10
    2      4         43          8          16       236          10
    3      24         8          7          97       237          10
    4      45         41          8          31       248          10
    5      47         10          9          1       206          10
    6      28         44          8          99       223          10
    7      42         47          9          68       232          10
    8      45         30          7          115       245          10
    9      30         30          7          80       210          10
    10      15         24          6          118       212          10
    11      44         29          8          63       244          10
    12      25         10          5          63       230          10
    13      27         15          10          23       217          10
    14      1         19          7          54       212          10
    15      4         45          7          112       224          10
    16      5         32          8          2       246          10
    17      1         41          10          44       235          10
    18      9         21          7          58       230          10
    19      3         0          9          40       232          10
    20      47         9          7          38       243          10
    21      17         47          9          44       215          10
    22      3         10          8          71       214          10
    23      41         40          8          73       237          10
    24      39         32          8          65       207          10
    25      13         20          9          106       219          10
