r348
VEHICLE
NUMBER     CAPACITY
  10         100

CUSTOMER
CUST NO.  XCOORD.   YCOORD.    DEMAND   READY TIME  DUE DATE   SERVICE   TIME

    0      25         25          0          0          250         0
    1      1         35          8          50       234          10
    2      48         10          5          79       235          10
    3      1         26          7          34       224          10
    4      23         29          9          50       214          10
    5      28         3          7          54       204          10
    6      11         28          9          45       211          10
    7      5         12          10          12       231          10
    8      4         22          5          86       248          10
    9      20         37          6          115       248          10
    10      43         23          8          0       247          10
    11      34         7          10          59       210          10
    12      14         22          9          26       237          10
    13      10         36          5          35       228          10
    14      11         30          6          57       234          10
    15      2         25          8          56       217          10
    16      12         50          5          44       233          10
    17      9         45          10          80       241          10
    18      44         28          10          26       222          10
    19      25         24          9          38       225          10
    20      11         18          9          75       234          10
    21      48         20          7          47       240          10
    22      7         20          6          42       201          10
    23      1         39          7          17       232          10
    24      50         15          9          82       212          10
    25      8         31          6          106       240          10
