r349
VEHICLE
NUMBER     CAPACITY
  10         100

CUSTOMER
CUST NO.  XCOORD.   YCOORD.    DEMAND   READY TIME  DUE DATE   SERVICE   TIME

    0      25         25          0          0          250         0
    1      25         14          8          58       234          10
    2      46         34          9          48       231          10
    3      22         9          10          86       212          10
    4      35         23          10          24       219          10
    5      9         42          6          120       215          10
    6      2         50          9          11       235          10
    7      49         13          6          10       230          10
    8      21         37          7          1       213          10
    9      34         44          8          45       248          10
    10      25         6          6          87       228          10
    11      28         37          8          34       248          10
    12      48         2          6          31       219          10
    13      25         18          5          57       232          10
    14      48         13          10          59       208          10
    15      19         0          8          72       241          10
    16      16         28          10          84       203          10
    17      35         12          6          113       227          10
    18      15         7          6          62       227          10
    19      23         25          6          33       242          10
    20      42         49          8          16       231          10
    21      45         24          9          10       219          10
    22      6         37          10          40       226          10
    23      12         39          9          57       219          10
    24      33         15          10          30       227          10
    25      29         22          9          70       249          10
