r350
VEHICLE
NUMBER     CAPACITY
  10         100

CUSTOMER
CUST NO.  XCOORD.   YCOORD.    DEMAND   READY TIME  DUE DATE   SERVICE   TIME

    0      25         25          0          0          250         0
    1      3         24          7          37       210          10
    2      12         45          8          85       224          10
    3      5         41          5          52       213          10
    4      0         20          5          74       225          10
    5      17         47          8          85       200          10
    6      3         17          6          86       223          10
    7      32         17          6          105       204          10
    8      23         3          9          35       240          10
    9      33         46          6          19       245          10
    10      22         23          9          19       229          10
    11      23         12          5          33       214          10
    12      37         12          6          25       233          10
    13      23         45          7          56       231          10
    14      46         5          7          4       217          10
    15      27         29          6          75       231          10
    16      11         11          10          25       213          10
    17      18         29          6          97       231          10
    18      3         27          6          83       210          10
    19      9         10          9          88       203          10
    20      36         49          5          119       210          10
    21      38         18          9          68       226          10
    22      39         33          8          3       227          10
    23      19         8          8          72       217          10
    24      4         28          5          106       216          10
    25      24         9          5          72       232          10
