r359
VEHICLE
NUMBER     CAPACITY
  10         100

CUSTOMER
CUST NO.  XCOORD.   YCOORD.    DEMAND   READY TIME  DUE DATE   SERVICE   TIME

    0      25         25          0          0          250         0
    1      45         11          5          23       237          10
    2      7         48          7          14       216          10
    3      43         3          9          99       228          10
    4      10         23          7          54       240          10
    5      1         32          5          18       228          10
    6      44         30          10          44       209          10
    7      23         1          9          59       201          10
    8      0         13          9          77       213          10
    9      48         38          8          108       208          10
    10      42         10          7          74       218          10
    11      19         14          6          64       233          10
    12      0         13          9          117       247          10
    13      33         46          8          52       237          10
    14      39         44          7          88       250          10
    15      30         37          6          74       220          10
    16      0         20          10          1       248          10
    17      48         13          5          55       239          10
    18      30         33          6          64       248          10
    19      29         45          7          67       237          10
    20      48         37          8          24       222          10
    21      15         3          6          75       235          10
    22      2         0          8          64       211          10
    23      32         3          9          82       219          10
    24      49         20          10          75       238          10
    25      24         36          5          93       210          10
