r360
VEHICLE
NUMBER     CAPACITY
  10         100

CUSTOMER
CUST NO.  XCOORD.   YCOORD.    DEMAND   READY TIME  DUE DATE   SERVICE   TIME

    0      25         25          0          0          250         0
    1      25         34          6          3       248          10
    2      10         26          6          51       221          10
    3      24         40          10          21       231          10
    4      40         25          7          95       204          10
    5      30         2          5          33       245          10
    6      13         50          9          44       235          10
    7      7         3          10          24       244          10
    8      19         50          5          17       216          10
    9      35         40          6          105       240          10
    10      27         17          5          23       250          10
    11      44         22          6          4       237          10
    12      26         5          5          111       226          10
    13      31         6          8          59       219          10
    14      38         21          8          105       210          10
    15      7         29          8          44       247          10
    16      34         16          7          95       236          10
    17      12         4          9          54       203          10
    18      36         32          5          54       226          10
    19      23         9          9          69       214          10
    20      9         2          6          114       230          10
    21      45         30          9          48       208          10
    22      47         16          9          96       229          10
    23      5         36          8          11       214          10
    24      6         47          5          33       228          10
    25      18         39          10          14       201          10
