r362
VEHICLE
NUMBER     CAPACITY
  10         100

CUSTOMER
CUST NO.  XCOORD.   YCOORD.    DEMAND   READY TIME  DUE DATE   SERVICE   TIME

    0      25         25          0          0          250         0
    1      3         45          8          110       242          10
    2      16         43          7          1       248          10
    3      27         28          9          90       208          10
    4      8         27          6          103       225          10
    5      24         42          7          82       242          10
    6      46         7          5          81       212          10
    7      41         15          6          55       227          10
    8      8         17          6          86       240          10
    9      19         37          5          55       203          10
    10      2         28          6          86       209          10
    11      12         0          6          119       220          10
    12      0         38          9          31       221          10
    13      10         41          8          16       223          10
    14      3         37          5          72       241          10
    15      13         34          10          43       223          10
    16      15         32          10          40       234          10
    17      2         43          7          102       222          10
    18      23         45          10          60       234          10
    19      9         18          5          80       209          10
    20      16         41          7          82       214          10
    21      26         16          7          110       233          10
    22      29         23          10          91       241          10
    23      29         45          6          29       235          10
    24      42         18          8          71       226          10
    25      5         13          10          99       223          10
