r363
VEHICLE
NUMBER     CAPACITY
  10         100

CUSTOMER
CUST NO.  XCOORD.   YCOORD.    DEMAND   READY TIME  DUE DATE   SERVICE   TIME

    0      25         25          0          0          250         0
    1      30         34          5          99       244          10
    2      21         44          10          80       220          10
    3      1         35          6          97       238          10
    4      42         42          7          119       200          10
    5      34         7          9          64       220          10
    6      17         6          8          59       215          10
    7      24         24          7          93       243          10
    8      34         6          10          28       216          10
    9      48         29          7          36       243          10
    10      23         30          8          9       204          10
    11      18         6          5          70       224          10
    12      32         9          10          11       245          10
    13      21         7          7          111       230          10
    14      14         40          7          42       203          10
    15      28         7          6          50       230          10
    16      28         43          6          21       250          10
    17      27         41          7          8       234          10
    18      37         30          6          115       240          10
    19      8         44          5          58       234          10
    20      32         9          9          7       250          10
    21      30         44          5          48       205          10
    22      27         39          8          83       248          10
    23      9         3          5          12       243          10
    24      38         48          6          67       238          10
    25      2         29          5          8       219          10
