r365
VEHICLE
NUMBER     CAPACITY
  10         100

CUSTOMER
CUST NO.  XCOORD.   YCOORD.    DEMAND   READY TIME  DUE DATE   SERVICE   TIME

    0      25         25          0          0          250         0
    1      11         43          7          98       202          10
    2      4         8          10          34       238          10
    3      44         49          5          55       249          10
    4      43         42          6          16       232          10
    5      45         43          9          3       233          10
    6      37         49          6          108       219          10
    7      40         11          5          95       248          10
    8      34         17          5          82       227          10
    9      34         10          6          40       219          10
    10      41         24          5          70       244          10
    11      44         11          9          75       246          10
    12      31         37          7          68       210          10
    13      35         29          6          53       214          10
    14      8         39          5          117       233          10
    15      32         20          9          26       249          10
    16      11         32          10          19       225          10
    17      8         41          9          68       222          10
    18      7         5          7          30       232          10
    19      21         33          8          22       208          10
    20      29         16          8          101       217          10
    21      2         43          6          55       239          10
    22      29         43          5          41       205          10
    23      38         44          10          9       215          10
    24      43         45          5          66       213          10
    25      24         2          5          57       241          10
