r367
VEHICLE
NUMBER     CAPACITY
  10         100

CUSTOMER
CUST NO.  XCOORD.   YCOORD.    DEMAND   READY TIME  DUE DATE   SERVICE   TIME

    0      25         25          0          0          250         0
    1      42         32          6          6       248          10
    2      10         4          5          39       213          10
    3      22         46          5          31       227          10
    4      29         9          5          82       201          10
    5      8         45          9          59       242          10
    6      29         44          9          38       232          10
    7      35         26          8          119       206          10
    8      47         12          6          72       215          10
    9      42         47          9          80       247          10
    10      35         6          6          29       220          10
    11      43         20          9          91       206          10
    12      20         32          5          51       231          10
    13      15         20          6          17       222          10
    14      21         15          5          36       227          10
    15      49         33          10          14       246          10
    16      48         35          7          62       202          10
    17      34         29          5          57       209          10
    18      48         27          9          24       217          10
    19      16         47          6          75       204          10
    20      36         28          9          31       247          10
    21      43         37          9          47       234          10
    22      18         19          6          58       201          10
    23      9         46          10          9       241          10
    24      7         25          6          23       236          10
    25      49         48          5          59       219          10
