r368
VEHICLE
NUMBER     CAPACITY
  10         100

CUSTOMER
CUST NO.  XCOORD.   YCOORD.    DEMAND   READY TIME  DUE DATE   SERVICE   TIME

    0      25         25          0          0          250         0
    1      24         36          7          27       209          10
    2      23         36          5          91       239          10
    3      40         13          10          77       200          10
    4      11         12          6          45       233          10
    5      5         40          7          58       204          10
    6      3         6          10          46       241          10
    7      26         1          10          32       218          10
    8      5         44          6          88       237          10
    9      50         48          5          31       242          10
    10      9         48          6          16       204          10
    11      14         30          9          31       202          10
    12      21         17          7          66       202          10
    13      47         49          9          63       203          10
    14      38         29          5          100       245          10
    15      48         9          6          41       234          10
    16      12         0          5          117       200          10
    17      1         14          10          91       220          10
    18      17         23          6          27       228          10
    19      29         22          10          42       214          10
    20      21         11          8          26       236          10
    21      24         35          9          6       217          10
    22      12         38          6          11       211          10
    23      48         13          9          94       243          10
    24      33         46          8          39       241          10
    25      20         2          6          21       206          10
