r377
VEHICLE
NUMBER     CAPACITY
  10         100

CUSTOMER
CUST NO.  XCOORD.   YCOORD.    DEMAND   READY TIME  DUE DATE   SERVICE   TIME

    0      25         25          0          0          250         0
    1      4         43          5          106       236          10
    2      26         5          9          94       233          10
    3      38         1          9          103       246          10
    4      39         3          6          32       247          10
    5      25         2          9          58       219          10
    6      16         29          6          22       222          10
    7      34         47          6          0       211          10
    8      48         50          9          21       205          10
    9      40         2          7          10       221          10
    10      38         9          9          33       249          10
    11      19         14          8          120       228          10
    12      47         29          5          120       220          10
    13      18         39          8          36       204          10
    14      21         34          9          10       250          10
    15      36         7          10          37       247          10
    16      40         44          5          78       203          10
    17      44         50          7          99       220          10
    18      36         4          7          80       243          10
    19      33         24          7          89       212          10
    20      30         10          5          45       247          10
    21      27         13          9          120       238          10
    22      28         1          6          12       243          10
    23      26         39          9          3       224          10
    24      49         23          9          79       200          10
    25      26         21          10          27       238          10
