r379
VEHICLE
NUMBER     CAPACITY
  10         100

CUSTOMER
CUST NO.  XCOORD.   YCOORD.    DEMAND   READY TIME  DUE DATE   SERVICE   TIME

    0      25         25          0          0          250         0
    1      21         33          9          86       206          10
    2      49         8          9          14       240          10
    3      44         20          10          112       220          10
    4      16         1          7          100       225          10
    5      24         38          8          70       203          10
    6      0         20          6          4       237          10
    7      41         46          10          42       209          10
    8      48         21          10          101       233          10
    9      47         44          7          94       215          10
    10      40         12          10          30       230          10
    11      46         35          5          83       221          10
    12      25         14          5          72       219          10
    13      7         45          7          12       247          10
    14      19         17          6          3       216          10
    15      0         30          10          73       210          10
    16      32         39          5          15       243          10
    17      2         35          7          59       240          10
    18      25         20          7          119       224          10
    19      13         38          7          111       202          10
    20      6         33          10          54       207          10
    21      28         37          5          15       214          10
    22      4         14          10          38       250          10
    23      38         30          10          25       236          10
    24      20         5          8          11       235          10
    25      12         21          5          6       232          10
