r382
VEHICLE
NUMBER     CAPACITY
  10         100

CUSTOMER
CUST NO.  XCOORD.   YCOORD.    DEMAND   READY TIME  DUE DATE   SERVICE   TIME

    0      25         25          0          0          250         0
    1      26         42          7          13       207          10
    2      43         33          9          71       210          10
    3      25         40          10          114       236          10
    4      34         42          10          13       207          10
    5      35         5          7          71       214          10
    6      5         41          5          76       205          10
    7      32         13          7          69       228          10
    8      33         34          8          70       231          10
    9      35         26          10          6       221          10
    10      30         45          6          12       235          10
    11      30         0          8          39       221          10
    12      19         13          5          108       208          10
    13      4         34          8          28       236          10
    14      33         15          7          15       232          10
    15      30         46          7          103       223          10
    16      13         28          10          8       212          10
    17      22         26          6          37       232          10
    18      50         38          5          117       211          10
    19      7         7          10          84       223          10
    20      34         32          7          14       200          10
    21      10         15          9          82       221          10
    22      45         18          10          89       240          10
    23      17         2          6          70       205          10
    24      40         36          7          15       233          10
    25      41         8          6          115       205          10
