r384
VEHICLE
NUMBER     CAPACITY
  10         100

CUSTOMER
CUST NO.  XCOORD.   YCOORD.    DEMAND   READY TIME  DUE DATE   SERVICE   TIME

    0      25         25          0          0          250         0
    1      29         8          9          74       211          10
    2      32         46          7          55       244          10
    3      46         37          8          72       225          10
    4      15         20          7          78       205          10
    5      46         47          10          42       211          10
    6      50         9          9          11       242          10
    7      45         13          6          37       215          10
    8      36         12          9          42       213          10
    9      19         32          5          16       233          10
    10      22         47          7          13       207          10
    11      30         0          7          14       208          10
    12      13         21          7          119       248          10
    13      6         7          7          64       244          10
    14      23         20          10          87       204          10
    15      29         38          8          77       203          10
    16      40         30          9          60       242          10
    17      28         2          6          84       246          10
    18      26         45          5          73       250          10
    19      41         27          6          49       210          10
    20      32         33          10          119       236          10
    21      5         27          6          64       216          10
    22      34         48          5          85       221          10
    23      47         27          7          10       222          10
    24      30         45          8          13       209          10
    25      16         29          8          62       234          10
