r385
VEHICLE
NUMBER     CAPACITY
  10         100

CUSTOMER
CUST NO.  XCOORD.   YCOORD.    DEMAND   READY TIME  DUE DATE   SERVICE   TIME

    0      25         25          0          0          250         0
    1      27         7          6          116       205          10
    2      17         20          9          52       203          10
    3      36         30          7          2       216          10
    4      6         47          8          73       232          10
    5      35         10          7          26       200          10
    6      34         18          10          13       216          10
    7      30         9          6          44       242          10
    8      33         22          9          93       205          10
    9      27         16          6          12       207          10
    10      17         30          8          40       250          10
    11      28         29          10          110       204          10
    12      6         30          8          33       225          10
    13      6         10          5          63       202          10
    14      45         16          6          69       220          10
    15      40         46          5          93       238          10
    16      50         10          10          16       230          10
    17      31         38          7          92       241          10
    18      25         12          9          78       221          10
    19      29         27          9          89       245          10
    20      48         18          10          97       218          10
    21      20         45          9          7       237          10
    22      22         40          6          27       247          10
    23      19         35          7          31       235          10
    24      32         2          5          6       213          10
    25      38         41          5          34       243          10
