r388
VEHICLE
NUMBER     CAPACITY
  10         100

CUSTOMER
CUST NO.  XCOORD.   YCOORD.    DEMAND   READY TIME  DUE DATE   SERVICE   TIME

    0      25         25          0          0          250         0
    1      2         33          6          104       228          10
    2      18         37          5          4       218          10
    3      3         0          5          63       214          10
    4      29         38          6          36       243          10
    5      7         35          7          38       210          10
    6      50         20          6          33       244          10
    7      38         42          6          11       232          10
    8      5         0          9          58       221          10
    9      33         8          6          41       223          10
    10      31         26          9          110       204          10
    11      48         2          9          47       235          10
    12      16         28          9          113       248          10
    13      28         11          7          82       239          10
    14      9         38          10          67       227          10
    15      37         36          10          27       234          10
    16      17         7          7          94       241          10
    17      28         15          10          75       218          10
    18      11         24          5          22       212          10
    19      13         8          10          79       209          10
    20      4         6          6          91       201          10
    21      26         42          10          14       242          10
    22      42         46          9          89       201          10
    23      32         35          5          5       217          10
    24      19         9          10          28       208          10
    25      2         19          7          11       209          10
