r390
VEHICLE
NUMBER     CAPACITY
  10         100

CUSTOMER
CUST NO.  XCOORD.   YCOORD.    DEMAND   READY TIME  DUE DATE   SERVICE   TIME

    0      25         25          0          0          250         0
    1      7         45          9          105       203          10
    2      2         17          6          85       222          10
    3      27         36          10          107       236          10
    4      27         25          9          69       211          10
    5      5         3          6          27       216          10
    6      46         11          10          1       226          10
    7      42         0          5          75       230          10
    8      15         37          6          86       211          10
    9      2         34          10          83       232          10
    10      0         15          10          95       200          10
    11      0         10          6          85       233          10
    12      44         34          5          86       248          10
    13      45         11          7          62       216          10
    14      33         20          6          22       242          10
    15      30         39          7          114       223          10
    16      26         28          8          119       225          10
    17      40         30          6          20       214          10
    18      44         35          7          111       227          10
    19      11         8          10          8       202          10
    20      46         39          10          37       211          10
    21      39         42          9          110       247          10
    22      21         19          9          63       243          10
    23      27         24          7          92       235          10
    24      34         14          6          99       227          10
    25      28         4          7          37       224          10
