r391
VEHICLE
NUMBER     CAPACITY
  10         100

CUSTOMER
CUST NO.  XCOORD.   YCOORD.    DEMAND   READY TIME  DUE DATE   SERVICE   TIME

    0      25         25          0          0          250         0
    1      8         2          6          36       215          10
    2      3         10          5          52       236          10
    3      26         17          5          3       208          10
    4      48         21          9          116       208          10
    5      10         3          7          35       236          10
    6      29         3          6          95       212          10
    7      6         36          6          27       207          10
    8      26         41          7          97       216          10
    9      33         0          8          37       226          10
    10      17         20          8          0       237          10
    11      24         1          5          61       244          10
    12      36         42          7          106       213          10
    13      5         20          6          11       204          10
    14      49         32          10          107       221          10
    15      37         20          10          104       203          10
    16      18         19          10          71       225          10
    17      48         44          5          84       206          10
    18      16         0          5          89       240          10
    19      23         35          5          101       225          10
    20      13         13          5          15       207          10
    21      15         11          6          4       220          10
    22      39         25          9          60       218          10
    23      29         39          5          76       225          10
    24      6         9          7          85       218          10
    25      33         8          8          98       213          10
