r392
VEHICLE
NUMBER     CAPACITY
  10         100

CUSTOMER
CUST NO.  XCOORD.   YCOORD.    DEMAND   READY TIME  DUE DATE   SERVICE   TIME

    0      25         25          0          0          250         0
    1      7         33          9          13       233          10
    2      7         9          10          75       220          10
    3      8         36          10          73       229          10
    4      6         7          9          72       224          10
    5      36         20          8          108       216          10
    6      30         2          10          88       212          10
    7      32         26          5          10       210          10
    8      32         35          8          3       248          10
    9      26         35          9          108       226          10
    10      24         37          5          109       226          10
    11      19         38          9          55       243          10
    12      15         12          9          78       226          10
    13      43         48          9          47       213          10
    14      46         16          5          28       238          10
    15      7         28          9          73       212          10
    16      34         6          7          96       228          10
    17      5         9          5          46       247          10
    18      8         8          9          39       240          10
    19      17         9          6          93       209          10
    20      42         27          9          76       238          10
    21      1         48          8          0       201          10
    22      7         39          7          99       219          10
    23      6         0          8          72       205          10
    24      35         5          7          41       207          10
    25      50         26          9          59       234          10
