r393
VEHICLE
NUMBER     CAPACITY
  10         100

CUSTOMER
CUST NO.  XCOORD.   YCOORD.    DEMAND   READY TIME  DUE DATE   SERVICE   TIME

    0      25         25          0          0          250         0
    1      17         11          7          48       244          10
    2      11         10          10          89       210          10
    3      21         29          8          46       230          10
    4      36         16          5          67       217          10
    5      34         22          9          100       234          10
    6      15         47          7          27       239          10
    7      36         39          8          76       232          10
    8      44         18          5          85       225          10
    9      39         49          7          98       232          10
    10      35         3          5          32       202          10
    11      9         41          9          44       226          10
    12      5         2          8          68       228          10
    13      11         38          10          11       232          10
    14      3         7          7          112       213          10
    15      29         12          9          0       213          10
    16      3         19          7          32       214          10
    17      17         20          10          5       206          10
    18      14         23          9          40       224          10
    19      8         14          10          7       227          10
    20      45         17          5          19       205          10
    21      43         2          5          6       247          10
    22      13         26          6          49       217          10
    23      35         46          9          56       219          10
    24      15         47          7          15       225          10
    25      41         23          5          110       226          10
