r394
VEHICLE
NUMBER     CAPACITY
  10         100

CUSTOMER
CUST NO.  XCOORD.   YCOORD.    DEMAND   READY TIME  DUE DATE   SERVICE   TIME

    0      25         25          0          0          250         0
    1      16         48          7          72       250          10
    2      21         9          7          107       209          10
    3      43         9          9          112       209          10
    4      45         0          8          27       203          10
    5      31         38          10          86       242          10
    6      24         21          8          7       216          10
    7      9         45          8          99       213          10
    8      21         42          9          61       204          10
    9      24         13          7          32       248          10
    10      42         22          8          22       234          10
    11      8         14          8          52       213          10
    12      50         2          8          52       236          10
    13      10         35          6          10       244          10
    14      21         48          10          33       202          10
    15      10         30          8          120       234          10
    16      40         38          9          116       213          10
    17      6         46          5          48       235          10
    18      25         18          7          97       214          10
    19      31         21          10          5       236          10
    20      15         46          7          71       231          10
    21      44         40          9          69       204          10
    22      23         8          5          17       218          10
    23      14         21          10          86       243          10
    24      48         22          8          57       245          10
    25      5         30          5          10       224          10
