r395
VEHICLE
NUMBER     CAPACITY
  10         100

CUSTOMER
CUST NO.  XCOORD.   YCOORD.    DEMAND   READY TIME  DUE DATE   SERVICE   TIME

    0      25         25          0          0          250         0
    1      29         43          10          35       211          10
    2      29         30          10          54       216          10
    3      38         7          6          74       238          10
    4      45         36          7          43       217          10
    5      3         29          9          59       247          10
    6      14         34          7          48       225          10
    7      43         35          10          105       200          10
    8      32         35          8          28       249          10
    9      11         9          10          8       225          10
    10      45         35          8          102       214          10
    11      3         1          8          110       203          10
    12      34         16          10          111       244          10
    13      24         10          8          97       234          10
    14      0         16          9          107       248          10
    15      12         0          9          50       243          10
    16      44         40          8          44       220          10
    17      26         37          6          117       207          10
    18      42         1          5          27       232          10
    19      27         21          9          67       217          10
    20      8         44          6          106       201          10
    21      31         11          10          53       223          10
    22      31         23          9          54       236          10
    23      40         1          6          38       222          10
    24      30         34          10          58       218          10
    25      23         3          7          99       210          10
