r397
VEHICLE
NUMBER     CAPACITY
  10         100

CUSTOMER
CUST NO.  XCOORD.   YCOORD.    DEMAND   READY TIME  DUE DATE   SERVICE   TIME

    0      25         25          0          0          250         0
    1      40         13          7          47       250          10
    2      37         34          7          77       201          10
    3      13         38          9          120       235          10
    4      26         23          10          40       205          10
    5      22         38          10          17       226          10
    6      15         16          5          17       227          10
    7      47         36          5          15       215          10
    8      43         28          5          15       240          10
    9      26         4          6          117       236          10
    10      6         26          5          118       234          10
    11      9         8          6          9       221          10
    12      3         30          10          117       211          10
    13      50         43          5          117       209          10
    14      0         21          9          7       230          10
    15      31         1          5          105       237          10
    16      46         49          8          13       207          10
    17      28         2          6          92       203          10
    18      38         3          6          85       203          10
    19      49         11          6          76       208          10
    20      39         50          8          21       239          10
    21      32         38          7          74       243          10
    22      24         32          7          21       249          10
    23      27         14          10          84       245          10
    24      12         27          8          91       233          10
    25      10         48          7          33       203          10
