r403
VEHICLE
NUMBER     CAPACITY
  10         100

CUSTOMER
CUST NO.  XCOORD.   YCOORD.    DEMAND   READY TIME  DUE DATE   SERVICE   TIME

    0      25         25          0          0          250         0
    1      50         34          5          50       231          10
    2      19         33          6          105       216          10
    3      6         14          8          92       237          10
    4      25         44          6          99       200          10
    5      17         22          7          15       244          10
    6      49         40          10          52       248          10
    7      3         16          10          62       201          10
    8      18         44          6          14       203          10
    9      14         30          8          75       245          10
    10      15         48          9          12       222          10
    11      11         2          6          49       221          10
    12      19         2          7          109       207          10
    13      21         10          6          21       224          10
    14      35         27          9          2       244          10
    15      31         40          10          25       217          10
    16      28         9          7          50       210          10
    17      49         39          6          68       212          10
    18      5         17          9          38       246          10
    19      42         2          7          66       235          10
    20      16         38          10          118       218          10
    21      16         33          6          115       239          10
    22      20         25          7          95       201          10
    23      0         15          7          77       218          10
    24      47         27          10          86       249          10
    25      1         25          7          2       202          10
