r404
VEHICLE
NUMBER     CAPACITY
  10         100

CUSTOMER
CUST NO.  XCOORD.   YCOORD.    DEMAND   READY TIME  DUE DATE   SERVICE   TIME

    0      25         25          0          0          250         0
    1      20         19          7          15       250          10
    2      29         32          6          73       232          10
    3      50         49          6          14       227          10
    4      23         26          6          87       244          10
    5      28         19          9          19       202          10
    6      38         24          8          12       239          10
    7      2         48          5          45       201          10
    8      29         3          6          67       230          10
    9      7         15          5          5       221          10
    10      36         6          6          91       244          10
    11      32         40          6          52       239          10
    12      23         3          7          96       205          10
    13      45         2          7          115       220          10
    14      10         50          10          67       210          10
    15      44         48          5          107       201          10
    16      20         11          8          43       212          10
    17      2         16          8          95       234          10
    18      25         34          6          102       224          10
    19      35         2          7          35       206          10
    20      39         8          6          111       242          10
    21      9         40          9          28       206          10
    22      20         50          10          37       222          10
    23      37         44          9          75       216          10
    24      29         43          7          22       242          10
    25      32         12          10          89       209          10
