r407
VEHICLE
NUMBER     CAPACITY
  10         100

CUSTOMER
CUST NO.  XCOORD.   YCOORD.    DEMAND   READY TIME  DUE DATE   SERVICE   TIME

    0      25         25          0          0          250         0
    1      25         46          6          16       247          10
    2      16         22          5          88       248          10
    3      19         6          6          40       243          10
    4      25         26          9          79       228          10
    5      8         42          7          101       218          10
    6      24         36          7          83       229          10
    7      0         21          6          38       216          10
    8      24         31          9          61       209          10
    9      5         38          7          114       246          10
    10      21         45          6          0       233          10
    11      28         45          5          1       206          10
    12      45         33          5          117       232          10
    13      1         3          7          39       250          10
    14      29         0          6          111       213          10
    15      35         45          9          25       218          10
    16      39         5          5          0       249          10
    17      31         28          8          27       223          10
    18      2         24          6          16       201          10
    19      41         18          5          18       235          10
    20      31         13          8          33       225          10
    21      12         13          6          2       201          10
    22      6         7          7          85       221          10
    23      20         3          5          103       210          10
    24      41         27          5          47       204          10
    25      11         13          7          50       233          10
