r408
VEHICLE
NUMBER     CAPACITY
  10         100

CUSTOMER
CUST NO.  XCOORD.   YCOORD.    DEMAND   READY TIME  DUE DATE   SERVICE   TIME

    0      25         25          0          0          250         0
    1      17         38          9          48       226          10
    2      29         35          8          115       223          10
    3      25         43          10          120       241          10
    4      37         48          6          114       203          10
    5      16         49          9          59       240          10
    6      39         32          5          91       238          10
    7      33         47          9          106       201          10
    8      17         20          7          68       223          10
    9      20         43          5          80       218          10
    10      1         45          6          87       202          10
    11      30         50          8          82       224          10
    12      36         38          9          71       245          10
    13      33         39          10          80       228          10
    14      19         21          7          75       245          10
    15      0         33          8          111       247          10
    16      47         20          6          23       227          10
    17      0         5          8          51       213          10
    18      43         10          9          93       247          10
    19      45         40          5          34       206          10
    20      50         6          7          18       236          10
    21      33         40          9          45       211          10
    22      14         38          10          48       245          10
    23      25         17          6          89       245          10
    24      47         2          7          54       230          10
    25      28         16          7          83       205          10
