r409
VEHICLE
NUMBER     CAPACITY
  10         100

CUSTOMER
CUST NO.  XCOORD.   YCOORD.    DEMAND   READY TIME  DUE DATE   SERVICE   TIME

    0      25         25          0          0          250         0
    1      47         50          10          7       200          10
    2      0         27          10          27       228          10
    3      8         7          7          28       217          10
    4      38         0          6          18       227          10
    5      45         46          5          97       237          10
    6      0         42          8          23       234          10
    7      33         21          5          21       215          10
    8      46         31          10          28       204          10
    9      42         16          9          87       218          10
    10      30         9          5          58       225          10
    11      24         17          8          32       235          10
    12      17         40          6          10       216          10
    13      41         14          8          23       247          10
    14      14         27          10          90       239          10
    15      31         37          7          85       232          10
    16      50         28          5          75       216          10
    17      35         49          6          88       203          10
    18      13         49          6          115       218          10
    19      28         44          7          64       208          10
    20      47         34          9          15       200          10
    21      14         3          10          69       238          10
    22      19         27          10          102       242          10
    23      45         34          8          102       233          10
    24      30         47          9          35       222          10
    25      18         9          8          81       211          10
