r411
VEHICLE
NUMBER     CAPACITY
  10         100

CUSTOMER
CUST NO.  XCOORD.   YCOORD.    DEMAND   READY TIME  DUE DATE   SERVICE   TIME

    0      25         25          0          0          250         0
    1      16         36          6          97       206          10
    2      46         37          10          22       207          10
    3      19         34          10          46       216          10
    4      1         8          5          79       222          10
    5      6         18          6          20       226          10
    6      16         49          9          10       216          10
    7      23         46          9          24       242          10
    8      48         9          8          18       232          10
    9      36         37          6          5       203          10
    10      43         0          5          110       233          10
    11      22         50          10          73       242          10
    12      43         41          10          87       228          10
    13      44         33          8          106       222          10
    14      49         45          10          13       248          10
    15      34         27          6          4       220          10
    16      16         43          6          47       232          10
    17      44         15          10          67       224          10
    18      31         30          5          31       225          10
    19      6         22          8          58       213          10
    20      9         33          7          42       227          10
    21      26         50          10          72       225          10
    22      1         35          9          58       205          10
    23      3         3          8          25       243          10
    24      31         31          9          118       222          10
    25      13         20          5          8       205          10
