r412
VEHICLE
NUMBER     CAPACITY
  10         100

CUSTOMER
CUST NO.  XCOORD.   YCOORD.    DEMAND   READY TIME  DUE DATE   SERVICE   TIME

    0      25         25          0          0          250         0
    1      47         15          5          43       216          10
    2      35         39          10          43       228          10
    3      23         35          6          21       248          10
    4      27         12          6          106       218          10
    5      14         14          8          65       239          10
    6      49         32          10          85       220          10
    7      39         46          8          27       202          10
    8      5         21          9          46       206          10
    9      17         38          6          118       225          10
    10      3         31          6          57       217          10
    11      47         0          9          110       218          10
    12      42         17          6          58       210          10
    13      21         25          7          65       208          10
    14      31         31          10          2       233          10
    15      47         47          8          94       241          10
    16      34         18          10          68       213          10
    17      37         26          7          47       233          10
    18      7         34          10          37       224          10
    19      10         42          5          9       203          10
    20      2         23          10          75       224          10
    21      4         10          6          104       204          10
    22      28         27          5          101       209          10
    23      42         11          8          19       201          10
    24      37         15          7          105       214          10
    25      0         24          6          114       228          10
