r413
VEHICLE
NUMBER     CAPACITY
  10         100

CUSTOMER
CUST NO.  XCOORD.   YCOORD.    DEMAND   READY TIME  DUE DATE   SERVICE   TIME

    0      25         25          0          0          250         0
    1      12         17          8          111       228          10
    2      12         25          9          9       228          10
    3      0         39          6          54       249          10
    4      8         39          8          114       236          10
    5      38         48          9          15       241          10
    6      7         26          9          98       220          10
    7      20         46          9          56       216          10
    8      32         43          7          33       207          10
    9      14         42          6          105       221          10
    10      1         29          6          47       212          10
    11      35         9          5          37       241          10
    12      3         32          7          12       245          10
    13      43         6          9          76       220          10
    14      39         32          7          110       247          10
    15      28         43          8          38       212          10
    16      41         20          7          110       229          10
    17      21         18          8          93       247          10
    18      6         41          9          61       232          10
    19      21         32          5          94       221          10
    20      50         44          9          20       201          10
    21      30         47          9          108       236          10
    22      15         32          9          5       233          10
    23      30         35          8          53       239          10
    24      14         21          6          120       200          10
    25      33         3          5          75       209          10
