r414
VEHICLE
NUMBER     CAPACITY
  10         100

CUSTOMER
CUST NO.  XCOORD.   YCOORD.    DEMAND   READY TIME  DUE DATE   SERVICE   TIME

    0      25         25          0          0          250         0
    1      46         38          10          40       234          10
    2      30         49          10          46       203          10
    3      3         14          6          59       204          10
    4      16         40          5          5       221          10
    5      49         5          5          31       202          10
    6      9         16          7          111       212          10
    7      43         35          10          56       236          10
    8      6         40          7          5       237          10
    9      48         5          10          48       240          10
    10      8         6          7          82       246          10
    11      21         41          6          51       223          10
    12      13         33          7          113       249          10
    13      1         20          6          101       217          10
    14      21         44          7          13       210          10
    15      36         30          9          101       235          10
    16      25         32          6          116       200          10
    17      1         44          10          13       220          10
    18      8         26          7          1       209          10
    19      30         43          8          48       215          10
    20      4         2          8          37       248          10
    21      6         47          7          91       226          10
    22      21         17          6          89       220          10
    23      36         2          5          9       231          10
    24      15         31          10          67       208          10
    25      37         44          6          45       222          10
