r415
VEHICLE
NUMBER     CAPACITY
  10         100

CUSTOMER
CUST NO.  XCOORD.   YCOORD.    DEMAND   READY TIME  DUE DATE   SERVICE   TIME

    0      25         25          0          0          250         0
    1      37         18          6          50       201          10
    2      43         46          10          31       204          10
    3      13         14          5          51       224          10
    4      8         12          5          35       243          10
    5      34         23          9          76       229          10
    6      48         13          5          109       211          10
    7      14         11          5          111       222          10
    8      9         2          9          36       220          10
    9      39         19          10          96       243          10
    10      18         2          7          31       250          10
    11      30         5          7          107       226          10
    12      18         28          8          63       202          10
    13      2         14          8          17       204          10
    14      22         11          8          90       224          10
    15      47         15          5          91       233          10
    16      19         46          6          77       203          10
    17      46         46          8          79       202          10
    18      33         5          8          113       246          10
    19      50         23          10          58       226          10
    20      42         6          7          13       247          10
    21      18         17          8          99       229          10
    22      46         33          7          59       232          10
    23      28         16          10          94       250          10
    24      5         9          5          46       240          10
    25      4         8          10          20       225          10
