r416
VEHICLE
NUMBER     CAPACITY
  10         100

CUSTOMER
CUST NO.  XCOORD.   YCOORD.    DEMAND   READY TIME  DUE DATE   SERVICE   TIME

    0      25         25          0          0          250         0
    1      29         4          8          101       249          10
    2      10         40          5          27       223          10
    3      34         48          7          120       218          10
    4      13         9          6          54       220          10
    5      30         31          10          94       234          10
    6      43         40          6          74       243          10
    7      7         42          6          79       237          10
    8      49         40          5          106       245          10
    9      41         5          6          26       231          10
    10      16         16          10          85       226          10
    11      42         18          9          30       239          10
    12      25         7          5          82       247          10
    13      28         35          9          91       236          10
    14      8         8          7          37       234          10
    15      14         48          8          59       205          10
    16      8         23          8          112       210          10
    17      26         10          5          83       204          10
    18      10         35          9          61       234          10
    19      46         23          10          28       222          10
    20      6         8          10          115       244          10
    21      2         21          8          1       246          10
    22      29         31          5          8       206          10
    23      42         11          9          6       250          10
    24      9         45          8          32       204          10
    25      24         26          8          46       246          10
