r417
VEHICLE
NUMBER     CAPACITY
  10         100

CUSTOMER
CUST NO.  XCOORD.   YCOORD.    DEMAND   READY TIME  DUE DATE   SERVICE   TIME

    0      25         25          0          0          250         0
    1      47         44          5          93       220          10
    2      6         29          9          99       210          10
    3      49         31          6          101       203          10
    4      30         2          5          29       222          10
    5      7         30          8          90       237          10
    6      49         32          6          70       243          10
    7      12         37          7          49       237          10
    8      36         28          10          96       231          10
    9      41         32          5          111       242          10
    10      14         9          10          93       222          10
    11      11         41          7          0       237          10
    12      9         32          7          18       225          10
    13      16         22          10          82       210          10
    14      21         46          8          28       245          10
    15      50         26          7          88       203          10
    16      41         50          5          80       214          10
    17      1         29          8          2       222          10
    18      9         31          5          16       211          10
    19      1         20          6          8       226          10
    20      11         40          6          36       241          10
    21      42         19          6          7       212          10
    22      3         30          10          62       236          10
    23      35         50          10          35       236          10
    24      27         44          10          7       231          10
    25      25         44          8          102       220          10
