r418
VEHICLE
NUMBER     CAPACITY
  10         100

CUSTOMER
CUST NO.  XCOORD.   YCOORD.    DEMAND   READY TIME  DUE DATE   SERVICE   TIME

    0      25         25          0          0          250         0
    1      0         29          8          94       242          10
    2      6         35          10          93       228          10
    3      23         18          8          30       215          10
    4      32         11          8          9       204          10
    5      43         29          7          76       218          10
    6      23         48          7          66       200          10
    7      14         9          6          93       224          10
    8      27         9          5          111       249          10
    9      9         25          6          109       243          10
    10      14         29          9          82       224          10
    11      0         0          7          93       208          10
    12      29         32          8          92       222          10
    13      42         42          6          111       225          10
    14      11         38          7          115       235          10
    15      11         29          10          91       210          10
    16      10         8          10          84       208          10
    17      28         21          7          112       209          10
    18      46         49          5          91       236          10
    19      9         43          10          92       247          10
    20      11         24          7          112       248          10
    21      24         13          5          13       223          10
    22      16         32          10          26       210          10
    23      40         21          8          69       201          10
    24      46         26          10          89       210          10
    25      14         50          9          53       213          10
