r421
VEHICLE
NUMBER     CAPACITY
  10         100

CUSTOMER
CUST NO.  XCOORD.   YCOORD.    DEMAND   READY TIME  DUE DATE   SERVICE   TIME

    0      25         25          0          0          250         0
    1      27         4          9          26       236          10
    2      26         4          7          112       249          10
    3      16         41          10          48       250          10
    4      43         8          6          52       233          10
    5      10         15          5          28       204          10
    6      35         27          6          111       224          10
    7      50         22          7          120       229          10
    8      17         5          8          117       229          10
    9      25         37          10          77       206          10
    10      23         35          7          16       206          10
    11      42         50          9          69       225          10
    12      26         2          10          78       216          10
    13      16         37          10          44       225          10
    14      2         6          9          3       207          10
    15      21         1          8          70       248          10
    16      32         1          6          117       219          10
    17      1         30          10          94       246          10
    18      22         38          5          55       213          10
    19      32         13          6          0       201          10
    20      18         45          5          62       222          10
    21      16         3          9          37       244          10
    22      31         31          6          22       241          10
    23      20         7          7          118       200          10
    24      13         1          9          9       233          10
    25      40         25          7          74       240          10
