r424
VEHICLE
NUMBER     CAPACITY
  10         100

CUSTOMER
CUST NO.  XCOORD.   YCOORD.    DEMAND   READY TIME  DUE DATE   SERVICE   TIME

    0      25         25          0          0          250         0
    1      38         14          7          61       246          10
    2      4         43          6          108       248          10
    3      1         39          9          54       242          10
    4      1         50          5          108       238          10
    5      48         9          9          40       212          10
    6      19         42          9          52       227          10
    7      47         2          8          45       240          10
    8      3         47          9          83       216          10
    9      21         5          8          74       222          10
    10      32         11          7          110       241          10
    11      8         37          10          29       229          10
    12      15         5          9          95       206          10
    13      1         16          5          29       243          10
    14      50         29          9          29       224          10
    15      44         16          5          68       200          10
    16      43         29          9          94       236          10
    17      30         30          8          21       217          10
    18      26         36          5          32       245          10
    19      24         49          9          82       238          10
    20      9         3          7          5       229          10
    21      1         41          5          59       242          10
    22      25         7          8          62       206          10
    23      31         50          8          53       244          10
    24      4         13          6          54       224          10
    25      33         11          7          106       249          10
