r428
VEHICLE
NUMBER     CAPACITY
  10         100

CUSTOMER
CUST NO.  XCOORD.   YCOORD.    DEMAND   READY TIME  DUE DATE   SERVICE   TIME

    0      25         25          0          0          250         0
    1      47         27          6          7       245          10
    2      47         46          7          47       209          10
    3      35         28          9          104       231          10
    4      9         18          6          1       205          10
    5      42         44          6          5       225          10
    6      22         33          8          38       212          10
    7      20         37          5          96       206          10
    8      46         24          7          116       209          10
    9      25         19          7          105       216          10
    10      34         32          8          56       241          10
    11      7         21          9          71       216          10
    12      18         5          8          38       221          10
    13      9         49          5          26       204          10
    14      33         5          5          24       242          10
    15      18         42          6          108       243          10
    16      41         11          10          71       236          10
    17      0         4          6          81       225          10
    18      32         15          9          85       228          10
    19      39         20          5          115       239          10
    20      42         39          5          100       242          10
    21      2         15          7          28       239          10
    22      31         6          5          108       211          10
    23      5         12          9          51       205          10
    24      24         28          7          112       212          10
    25      29         27          8          24       242          10
