r430
VEHICLE
NUMBER     CAPACITY
  10         100

CUSTOMER
CUST NO.  XCOORD.   YCOORD.    DEMAND   READY TIME  DUE DATE   SERVICE   TIME

    0      25         25          0          0          250         0
    1      24         45          10          52       201          10
    2      39         37          5          71       204          10
    3      3         7          8          63       216          10
    4      35         32          7          16       211          10
    5      39         44          9          25       224          10
    6      38         24          5          35       231          10
    7      32         35          9          77       247          10
    8      5         9          9          2       224          10
    9      7         6          10          45       220          10
    10      13         9          10          106       249          10
    11      35         23          5          73       241          10
    12      1         25          10          17       232          10
    13      41         14          5          54       235          10
    14      44         37          10          82       242          10
    15      27         46          10          117       234          10
    16      42         41          9          87       243          10
    17      23         28          7          7       241          10
    18      2         21          9          111       201          10
    19      31         21          9          26       246          10
    20      36         10          5          34       214          10
    21      20         43          5          5       210          10
    22      32         48          6          50       223          10
    23      1         22          7          28       200          10
    24      45         47          6          67       221          10
    25      8         11          5          60       208          10
