r433
VEHICLE
NUMBER     CAPACITY
  10         100

CUSTOMER
CUST NO.  XCOORD.   YCOORD.    DEMAND   READY TIME  DUE DATE   SERVICE   TIME

    0      25         25          0          0          250         0
    1      2         34          7          7       217          10
    2      14         44          9          95       240          10
    3      7         35          5          47       245          10
    4      1         36          8          21       242          10
    5      26         30          9          87       219          10
    6      4         15          7          100       221          10
    7      30         38          7          86       234          10
    8      45         3          6          83       223          10
    9      33         14          9          3       232          10
    10      24         47          5          119       204          10
    11      28         14          10          99       244          10
    12      48         9          5          77       237          10
    13      18         39          5          44       211          10
    14      24         44          5          49       241          10
    15      47         28          6          79       243          10
    16      47         38          8          25       249          10
    17      39         4          8          100       239          10
    18      27         44          9          65       208          10
    19      17         13          5          29       235          10
    20      8         48          5          28       234          10
    21      45         39          8          75       208          10
    22      16         29          10          58       226          10
    23      17         29          5          52       231          10
    24      21         49          5          49       248          10
    25      13         33          6          40       250          10
