r436
VEHICLE
NUMBER     CAPACITY
  10         100

CUSTOMER
CUST NO.  XCOORD.   YCOORD.    DEMAND   READY TIME  DUE DATE   SERVICE   TIME

    0      25         25          0          0          250         0
    1      19         27          5          72       200          10
    2      1         37          9          59       212          10
    3      23         43          6          73       223          10
    4      30         20          9          8       217          10
    5      5         30          8          28       203          10
    6      48         47          8          14       212          10
    7      48         43          7          107       248          10
    8      43         33          10          77       203          10
    9      35         28          5          48       250          10
    10      2         2          7          9       231          10
    11      22         42          10          54       228          10
    12      18         17          6          108       203          10
    13      47         18          5          113       236          10
    14      33         28          7          78       212          10
    15      38         5          5          94       235          10
    16      31         26          7          92       203          10
    17      38         26          8          90       246          10
    18      34         3          9          9       239          10
    19      45         47          10          34       226          10
    20      25         3          10          117       248          10
    21      49         24          8          22       244          10
    22      30         50          8          76       214          10
    23      47         20          5          7       245          10
    24      24         31          10          51       203          10
    25      34         18          7          22       233          10
