r439
VEHICLE
NUMBER     CAPACITY
  10         100

CUSTOMER
CUST NO.  XCOORD.   YCOORD.    DEMAND   READY TIME  DUE DATE   SERVICE   TIME

    0      25         25          0          0          250         0
    1      10         17          8          115       207          10
    2      13         38          8          106       214          10
    3      46         37          6          1       246          10
    4      29         39          10          48       219          10
    5      30         19          6          65       217          10
    6      1         35          6          97       234          10
    7      13         27          7          53       238          10
    8      36         32          6          120       201          10
    9      42         14          9          88       225          10
    10      20         8          6          42       237          10
    11      13         35          6          27       214          10
    12      45         30          9          75       215          10
    13      38         14          8          17       225          10
    14      8         14          7          71       232          10
    15      38         39          9          2       201          10
    16      38         18          10          63       212          10
    17      6         13          7          49       245          10
    18      38         39          10          26       212          10
    19      10         23          5          32       202          10
    20      21         46          10          31       215          10
    21      4         34          9          102       235          10
    22      47         21          9          35       222          10
    23      23         33          10          105       250          10
    24      1         28          8          105       239          10
    25      20         40          6          52       221          10
