r440
VEHICLE
NUMBER     CAPACITY
  10         100

CUSTOMER
CUST NO.  XCOORD.   YCOORD.    DEMAND   READY TIME  DUE DATE   SERVICE   TIME

    0      25         25          0          0          250         0
    1      4         44          6          67       221          10
    2      14         43          8          40       204          10
    3      22         22          6          4       204          10
    4      45         44          5          110       220          10
    5      23         8          9          32       221          10
    6      21         44          10          95       228          10
    7      4         36          8          2       220          10
    8      4         3          7          32       236          10
    9      43         16          10          40       235          10
    10      27         13          7          51       240          10
    11      30         21          5          10       219          10
    12      21         44          10          67       242          10
    13      9         1          10          5       226          10
    14      39         3          5          24       210          10
    15      18         30          9          24       211          10
    16      39         19          8          96       236          10
    17      8         46          10          81       241          10
    18      40         9          5          94       210          10
    19      10         6          10          4       233          10
    20      29         26          7          28       214          10
    21      24         11          6          69       232          10
    22      30         28          5          29       241          10
    23      27         16          6          101       211          10
    24      16         36          6          77       244          10
    25      23         28          8          47       212          10
