r445
VEHICLE
NUMBER     CAPACITY
  10         100

CUSTOMER
CUST NO.  XCOORD.   YCOORD.    DEMAND   READY TIME  DUE DATE   SERVICE   TIME

    0      25         25          0          0          250         0
    1      18         8          8          47       222          10
    2      12         4          8          119       206          10
    3      35         35          5          8       203          10
    4      4         4          9          57       200          10
    5      14         23          7          85       204          10
    6      20         16          7          64       224          10
    7      2         36          7          75       221          10
    8      23         42          6          67       217          10
    9      24         16          8          105       250          10
    10      30         16          9          102       236          10
    11      32         27          5          96       237          10
    12      37         19          10          7       243          10
    13      38         30          8          50       221          10
    14      20         50          8          24       223          10
    15      7         44          7          19       246          10
    16      28         7          9          26       200          10
    17      3         38          9          59       226          10
    18      48         17          10          7       236          10
    19      39         38          7          104       230          10
    20      13         16          7          48       204          10
    21      35         26          8          75       248          10
    22      33         42          6          93       207          10
    23      11         31          10          6       216          10
    24      42         13          6          29       229          10
    25      28         16          6          75       241          10
