r447
VEHICLE
NUMBER     CAPACITY
  10         100

CUSTOMER
CUST NO.  XCOORD.   YCOORD.    DEMAND   READY TIME  DUE DATE   SERVICE   TIME

    0      25         25          0          0          250         0
    1      2         46          5          80       207          10
    2      3         13          10          107       246          10
    3      5         45          8          84       237          10
    4      40         23          9          25       202          10
    5      46         49          7          13       227          10
    6      3         26          8          5       208          10
    7      22         18          5          38       228          10
    8      20         10          7          50       237          10
    9      40         14          10          22       216          10
    10      36         0          8          100       213          10
    11      27         5          7          9       232          10
    12      16         24          6          22       203          10
    13      12         39          6          56       244          10
    14      29         31          7          45       230          10
    15      2         50          8          115       248          10
    16      18         19          5          7       228          10
    17      47         13          7          85       235          10
    18      7         27          8          79       212          10
    19      11         40          7          7       222          10
    20      16         42          10          99       217          10
    21      6         1          9          68       234          10
    22      16         0          10          39       222          10
    23      16         42          6          65       212          10
    24      29         37          8          30       216          10
    25      14         42          6          75       250          10
