r449
VEHICLE
NUMBER     CAPACITY
  10         100

CUSTOMER
CUST NO.  XCOORD.   YCOORD.    DEMAND   READY TIME  DUE DATE   SERVICE   TIME

    0      25         25          0          0          250         0
    1      47         50          10          79       212          10
    2      42         21          5          83       206          10
    3      9         31          7          38       243          10
    4      6         1          9          43       208          10
    5      1         3          5          89       200          10
    6      8         26          8          30       250          10
    7      39         33          7          73       235          10
    8      39         17          10          31       233          10
    9      5         5          7          101       239          10
    10      26         43          10          74       220          10
    11      29         27          5          73       249          10
    12      5         13          8          76       245          10
    13      27         9          5          60       248          10
    14      44         33          10          43       220          10
    15      18         37          5          103       212          10
    16      8         21          6          99       247          10
    17      23         42          7          82       250          10
    18      27         31          10          13       218          10
    19      6         12          6          79       230          10
    20      39         16          8          54       208          10
    21      35         44          5          86       219          10
    22      41         25          6          95       202          10
    23      4         23          7          55       235          10
    24      48         11          9          94       243          10
    25      5         18          7          63       237          10
