r452
VEHICLE
NUMBER     CAPACITY
  10         100

CUSTOMER
CUST NO.  XCOORD.   YCOORD.    DEMAND   READY TIME  DUE DATE   SERVICE   TIME

    0      25         25          0          0          250         0
    1      25         37          9          12       216          10
    2      2         27          10          117       219          10
    3      37         8          7          47       216          10
    4      50         4          5          26       206          10
    5      22         18          8          62       229          10
    6      32         15          8          19       232          10
    7      3         26          10          13       248          10
    8      47         36          6          62       236          10
    9      36         21          9          5       213          10
    10      22         28          6          24       209          10
    11      49         13          10          101       220          10
    12      5         20          8          75       221          10
    13      0         18          10          47       227          10
    14      0         32          10          75       209          10
    15      23         46          5          52       208          10
    16      34         16          9          87       220          10
    17      15         30          8          110       200          10
    18      20         15          8          92       207          10
    19      27         4          5          59       217          10
    20      24         3          9          109       210          10
    21      41         30          10          34       221          10
    22      39         50          5          109       215          10
    23      21         3          6          11       231          10
    24      0         24          5          21       234          10
    25      34         0          8          83       234          10
