r453
VEHICLE
NUMBER     CAPACITY
  10         100

CUSTOMER
CUST NO.  XCOORD.   YCOORD.    DEMAND   READY TIME  DUE DATE   SERVICE   TIME

    0      25         25          0          0          250         0
    1      7         40          7          84       233          10
    2      38         1          9          103       237          10
    3      17         37          5          8       239          10
    4      40         0          8          34       233          10
    5      36         27          5          58       246          10
    6      0         10          8          62       242          10
    7      47         27          10          27       210          10
    8      48         15          10          115       249          10
    9      39         48          7          8       211          10
    10      44         47          9          101       226          10
    11      44         44          6          82       222          10
    12      46         25          10          63       249          10
    13      11         15          10          61       242          10
    14      17         29          5          105       222          10
    15      35         35          10          47       221          10
    16      34         36          10          110       226          10
    17      37         21          6          40       212          10
    18      2         22          7          97       211          10
    19      33         20          10          51       218          10
    20      36         8          6          50       246          10
    21      29         9          8          0       212          10
    22      34         32          7          98       250          10
    23      32         36          8          74       222          10
    24      22         27          10          62       215          10
    25      39         18          7          80       226          10
