r454
VEHICLE
NUMBER     CAPACITY
  10         100

CUSTOMER
CUST NO.  XCOORD.   YCOORD.    DEMAND   READY TIME  DUE DATE   SERVICE   TIME

    0      25         25          0          0          250         0
    1      29         50          7          12       238          10
    2      50         30          10          39       211          10
    3      42         45          7          45       217          10
    4      32         16          6          89       232          10
    5      24         44          9          79       234          10
    6      20         27          10          7       242          10
    7      31         39          5          70       250          10
    8      28         48          8          104       229          10
    9      19         38          9          65       200          10
    10      33         12          5          101       226          10
    11      22         5          7          107       245          10
    12      40         32          9          97       238          10
    13      2         18          10          43       222          10
    14      36         29          9          78       229          10
    15      3         30          6          18       200          10
    16      18         22          7          88       211          10
    17      49         8          5          88       206          10
    18      36         35          10          1       241          10
    19      22         10          9          113       228          10
    20      2         39          6          117       216          10
    21      26         0          7          22       247          10
    22      30         4          6          92       243          10
    23      9         20          8          116       218          10
    24      43         6          9          102       226          10
    25      47         6          7          13       213          10
