r455
VEHICLE
NUMBER     CAPACITY
  10         100

CUSTOMER
CUST NO.  XCOORD.   YCOORD.    DEMAND   READY TIME  DUE DATE   SERVICE   TIME

    0      25         25          0          0          250         0
    1      0         8          6          114       227          10
    2      37         10          9          111       218          10
    3      13         29          7          6       208          10
    4      37         11          7          84       209          10
    5      15         46          9          42       209          10
    6      48         4          9          115       247          10
    7      29         22          9          119       213          10
    8      41         4          9          58       207          10
    9      35         13          10          24       205          10
    10      21         28          10          50       221          10
    11      18         24          10          19       229          10
    12      34         42          10          39       219          10
    13      26         25          10          76       216          10
    14      6         30          6          13       200          10
    15      32         48          10          18       241          10
    16      14         32          5          99       234          10
    17      40         34          8          44       227          10
    18      31         35          5          55       200          10
    19      37         47          7          31       227          10
    20      46         39          6          114       204          10
    21      47         17          6          18       214          10
    22      43         7          7          73       242          10
    23      22         36          9          22       219          10
    24      28         2          8          2       227          10
    25      24         23          6          89       238          10
