r457
VEHICLE
NUMBER     CAPACITY
  10         100

CUSTOMER
CUST NO.  XCOORD.   YCOORD.    DEMAND   READY TIME  DUE DATE   SERVICE   TIME

    0      25         25          0          0          250         0
    1      49         39          7          92       237          10
    2      44         31          10          116       234          10
    3      42         4          5          14       242          10
    4      19         16          10          71       218          10
    5      7         41          8          88       240          10
    6      3         15          5          63       231          10
    7      2         15          10          75       231          10
    8      12         20          5          116       236          10
    9      18         32          9          84       221          10
    10      29         8          9          38       244          10
    11      3         28          10          27       205          10
    12      42         39          7          59       216          10
    13      37         8          9          14       216          10
    14      15         47          9          73       233          10
    15      8         32          5          90       249          10
    16      32         6          9          83       235          10
    17      39         45          9          97       211          10
    18      45         49          10          109       225          10
    19      25         24          5          83       249          10
    20      29         49          7          64       214          10
    21      26         25          5          117       229          10
    22      36         30          8          21       204          10
    23      30         35          10          107       240          10
    24      30         47          8          98       242          10
    25      0         16          7          70       248          10
