r458
VEHICLE
NUMBER     CAPACITY
  10         100

CUSTOMER
CUST NO.  XCOORD.   YCOORD.    DEMAND   READY TIME  DUE DATE   SERVICE   TIME

    0      25         25          0          0          250         0
    1      33         24          7          44       241          10
    2      36         30          6          1       209          10
    3      44         28          5          10       236          10
    4      18         10          9          82       248          10
    5      41         44          6          78       216          10
    6      42         33          6          51       214          10
    7      11         42          5          75       250          10
    8      39         45          8          99       247          10
    9      48         39          6          14       204          10
    10      43         45          9          78       227          10
    11      33         39          7          109       210          10
    12      44         41          8          76       224          10
    13      44         49          7          41       214          10
    14      1         2          5          78       250          10
    15      25         19          10          49       206          10
    16      25         15          10          11       201          10
    17      5         3          8          111       232          10
    18      44         22          9          9       217          10
    19      27         7          7          18       220          10
    20      21         11          6          78       243          10
    21      35         8          5          85       248          10
    22      23         26          5          118       210          10
    23      1         4          9          17       218          10
    24      14         36          6          35       224          10
    25      16         24          9          28       234          10
