r467
VEHICLE
NUMBER     CAPACITY
  10         100

CUSTOMER
CUST NO.  XCOORD.   YCOORD.    DEMAND   READY TIME  DUE DATE   SERVICE   TIME

    0      25         25          0          0          250         0
    1      14         1          7          78       205          10
    2      10         2          5          117       236          10
    3      23         5          7          44       225          10
    4      13         41          10          6       232          10
    5      21         7          7          117       216          10
    6      9         22          8          113       200          10
    7      29         46          6          19       237          10
    8      37         14          9          86       201          10
    9      8         18          8          7       236          10
    10      30         21          8          20       205          10
    11      2         2          10          59       213          10
    12      44         40          8          84       243          10
    13      28         0          6          31       249          10
    14      28         25          8          42       231          10
    15      3         21          9          80       223          10
    16      19         14          10          37       218          10
    17      19         50          7          35       242          10
    18      14         41          6          21       241          10
    19      25         13          5          26       207          10
    20      1         42          10          15       249          10
    21      46         8          9          73       234          10
    22      21         40          6          2       206          10
    23      21         38          8          4       250          10
    24      47         27          6          62       204          10
    25      33         50          6          77       233          10
