r468
VEHICLE
NUMBER     CAPACITY
  10         100

CUSTOMER
CUST NO.  XCOORD.   YCOORD.    DEMAND   READY TIME  DUE DATE   SERVICE   TIME

    0      25         25          0          0          250         0
    1      43         43          9          54       203          10
    2      4         40          6          73       242          10
    3      47         45          8          63       238          10
    4      25         24          6          111       225          10
    5      6         40          5          111       235          10
    6      25         17          8          79       238          10
    7      6         6          7          104       215          10
    8      36         36          9          16       224          10
    9      45         1          9          17       208          10
    10      42         10          10          72       220          10
    11      29         28          8          91       201          10
    12      22         17          5          46       215          10
    13      33         15          7          17       250          10
    14      0         14          8          98       224          10
    15      1         48          6          36       227          10
    16      44         48          7          41       209          10
    17      27         0          6          15       234          10
    18      15         2          10          16       203          10
    19      3         34          5          61       227          10
    20      50         42          8          62       220          10
    21      10         34          10          11       208          10
    22      20         37          5          90       202          10
    23      3         11          6          66       203          10
    24      47         9          6          53       225          10
    25      33         20          7          25       234          10
