r470
VEHICLE
NUMBER     CAPACITY
  10         100

CUSTOMER
CUST NO.  XCOORD.   YCOORD.    DEMAND   READY TIME  DUE DATE   SERVICE   TIME

    0      25         25          0          0          250         0
    1      16         9          9          77       221          10
    2      1         44          7          33       221          10
    3      14         43          5          0       225          10
    4      10         27          8          0       230          10
    5      4         30          9          21       229          10
    6      21         0          8          26       249          10
    7      19         16          10          38       242          10
    8      35         36          5          44       201          10
    9      24         16          10          17       224          10
    10      43         40          10          2       236          10
    11      26         21          6          50       202          10
    12      35         48          8          102       228          10
    13      16         31          7          26       228          10
    14      33         40          6          26       218          10
    15      47         8          5          20       225          10
    16      29         14          9          4       226          10
    17      4         21          6          90       207          10
    18      14         1          7          17       214          10
    19      28         30          8          108       211          10
    20      16         9          8          28       239          10
    21      12         5          7          55       222          10
    22      26         30          5          120       216          10
    23      8         12          5          114       249          10
    24      17         39          8          64       217          10
    25      46         14          10          100       233          10
