r471
VEHICLE
NUMBER     CAPACITY
  10         100

CUSTOMER
CUST NO.  XCOORD.   YCOORD.    DEMAND   READY TIME  DUE DATE   SERVICE   TIME

    0      25         25          0          0          250         0
    1      5         25          9          37       250          10
    2      22         15          6          65       222          10
    3      31         14          7          111       204          10
    4      29         6          10          54       240          10
    5      45         31          8          115       242          10
    6      48         43          9          32       208          10
    7      43         11          10          66       247          10
    8      0         21          9          120       235          10
    9      39         37          9          37       232          10
    10      22         28          8          68       246          10
    11      16         10          10          5       218          10
    12      3         7          6          19       226          10
    13      41         17          8          104       205          10
    14      44         44          10          0       205          10
    15      6         49          10          31       245          10
    16      32         46          5          46       226          10
    17      5         17          6          81       201          10
    18      47         23          10          104       227          10
    19      44         6          7          72       246          10
    20      33         39          7          110       244          10
    21      15         23          6          60       244          10
    22      44         26          7          26       248          10
    23      28         3          6          60       201          10
    24      19         45          6          49       226          10
    25      38         0          7          72       212          10
