r472
VEHICLE
NUMBER     CAPACITY
  10         100

CUSTOMER
CUST NO.  XCOORD.   YCOORD.    DEMAND   READY TIME  DUE DATE   SERVICE   TIME

    0      25         25          0          0          250         0
    1      25         1          8          90       243          10
    2      29         31          10          17       223          10
    3      15         38          7          71       204          10
    4      33         4          7          28       205          10
    5      14         15          9          85       227          10
    6      27         40          10          111       226          10
    7      11         42          6          43       244          10
    8      23         7          8          39       225          10
    9      30         45          9          12       208          10
    10      45         48          8          61       231          10
    11      22         34          7          5       246          10
    12      21         40          6          69       248          10
    13      20         4          7          67       238          10
    14      5         49          8          88       216          10
    15      5         31          8          4       225          10
    16      11         27          10          28       236          10
    17      14         27          8          35       236          10
    18      3         22          7          102       234          10
    19      15         48          8          44       221          10
    20      33         19          9          88       211          10
    21      5         11          8          99       227          10
    22      15         37          8          81       234          10
    23      26         0          5          30       214          10
    24      14         31          6          79       225          10
    25      16         27          7          70       216          10
