r473
VEHICLE
NUMBER     CAPACITY
  10         100

CUSTOMER
CUST NO.  XCOORD.   YCOORD.    DEMAND   READY TIME  DUE DATE   SERVICE   TIME

    0      25         25          0          0          250         0
    1      2         41          10          49       209          10
    2      45         37          8          113       230          10
    3      42         10          5          25       225          10
    4      25         47          6          103       203          10
    5      0         8          9          68       211          10
    6      22         42          10          57       229          10
    7      4         16          7          4       244          10
    8      41         49          7          30       241          10
    9      31         18          5          106       230          10
    10      47         30          9          48       221          10
    11      38         21          8          0       228          10
    12      29         31          6          103       247          10
    13      4         14          5          57       246          10
    14      12         34          5          24       245          10
    15      43         8          5          59       214          10
    16      16         41          5          16       250          10
    17      34         14          7          103       207          10
    18      39         38          7          90       213          10
    19      46         2          5          83       240          10
    20      42         22          6          85       236          10
    21      18         37          7          62       211          10
    22      13         48          6          54       215          10
    23      46         6          5          103       205          10
    24      21         8          6          30       238          10
    25      6         40          10          55       227          10
