r475
VEHICLE
NUMBER     CAPACITY
  10         100

CUSTOMER
CUST NO.  XCOORD.   YCOORD.    DEMAND   READY TIME  DUE DATE   SERVICE   TIME

    0      25         25          0          0          250         0
    1      42         20          9          108       244          10
    2      2         9          8          4       237          10
    3      11         5          10          81       250          10
    4      50         31          5          52       226          10
    5      7         47          7          48       210          10
    6      24         32          5          90       222          10
    7      2         2          7          3       205          10
    8      37         28          10          2       204          10
    9      8         16          5          7       229          10
    10      33         48          5          37       202          10
    11      22         16          8          10       240          10
    12      35         48          9          45       207          10
    13      33         11          9          102       244          10
    14      20         10          6          114       218          10
    15      9         0          7          57       247          10
    16      39         38          6          19       202          10
    17      27         6          9          91       211          10
    18      18         45          10          38       231          10
    19      18         39          6          83       245          10
    20      13         13          10          25       202          10
    21      39         46          10          35       235          10
    22      8         39          7          33       213          10
    23      40         19          10          74       201          10
    24      32         28          10          11       233          10
    25      19         17          10          38       212          10
