r477
VEHICLE
NUMBER     CAPACITY
  10         100

CUSTOMER
CUST NO.  XCOORD.   YCOORD.    DEMAND   READY TIME  DUE DATE   SERVICE   TIME

    0      25         25          0          0          250         0
    1      9         37          8          67       210          10
    2      48         19          9          51       205          10
    3      29         11          9          105       216          10
    4      19         24          5          100       226          10
    5      37         41          7          104       230          10
    6      44         6          6          99       227          10
    7      11         42          8          50       217          10
    8      50         24          6          103       227          10
    9      31         37          5          87       233          10
    10      12         3          9          53       215          10
    11      38         14          9          81       225          10
    12      30         37          9          64       219          10
    13      50         32          5          44       235          10
    14      28         13          10          63       204          10
    15      40         40          10          22       225          10
    16      28         31          5          92       202          10
    17      22         29          6          107       203          10
    18      6         1          7          95       227          10
    19      13         10          10          8       228          10
    20      49         34          5          102       237          10
    21      13         29          9          1       211          10
    22      21         7          10          48       206          10
    23      33         37          5          73       231          10
    24      21         4          8          52       233          10
    25      13         0          6          95       221          10
