r479
VEHICLE
NUMBER     CAPACITY
  10         100

CUSTOMER
CUST NO.  XCOORD.   YCOORD.    DEMAND   READY TIME  DUE DATE   SERVICE   TIME

    0      25         25          0          0          250         0
    1      7         42          8          19       219          10
    2      38         28          7          87       239          10
    3      8         23          9          34       221          10
    4      43         2          9          39       218          10
    5      13         50          5          101       216          10
    6      8         48          10          38       250          10
    7      22         45          10          23       242          10
    8      42         5          5          7       245          10
    9      22         25          9          5       250          10
    10      26         38          7          63       216          10
    11      34         13          6          76       241          10
    12      44         13          5          12       207          10
    13      8         49          9          71       202          10
    14      19         47          8          67       241          10
    15      0         13          7          89       200          10
    16      13         15          7          117       224          10
    17      24         38          9          82       238          10
    18      32         31          9          65       241          10
    19      35         2          7          12       226          10
    20      26         7          7          93       213          10
    21      44         22          10          39       234          10
    22      4         35          7          44       235          10
    23      39         18          5          112       215          10
    24      26         46          9          105       233          10
    25      11         6          9          58       235          10
