r480
VEHICLE
NUMBER     CAPACITY
  10         100

CUSTOMER
CUST NO.  XCOORD.   YCOORD.    DEMAND   READY TIME  DUE DATE   SERVICE   TIME

    0      25         25          0          0          250         0
    1      6         32          6          53       225          10
    2      31         9          5          51       240          10
    3      2         36          8          93       225          10
    4      19         14          7          50       220          10
    5      47         37          6          89       241          10
    6      10         41          8          107       222          10
    7      49         20          7          88       201          10
    8      2         23          5          33       232          10
    9      3         11          7          99       211          10
    10      3         41          8          113       217          10
    11      10         5          6          109       249          10
    12      29         25          10          60       210          10
    13      36         7          9          52       220          10
    14      30         4          8          72       235          10
    15      24         12          9          1       229          10
    16      0         49          6          53       237          10
    17      3         38          8          26       239          10
    18      21         41          7          0       239          10
    19      31         10          10          75       229          10
    20      19         49          10          52       210          10
    21      49         6          6          15       245          10
    22      5         14          5          66       215          10
    23      7         17          5          36       243          10
    24      0         21          7          59       248          10
    25      18         7          10          102       208          10
