r481
VEHICLE
NUMBER     CAPACITY
  10         100

CUSTOMER
CUST NO.  XCOORD.   YCOORD.    DEMAND   READY TIME  DUE DATE   SERVICE   TIME

    0      25         25          0          0          250         0
    1      24         40          8          102       236          10
    2      10         16          6          22       215          10
    3      34         8          9          59       225          10
    4      31         26          10          115       205          10
    5      41         0          5          46       222          10
    6      33         26          8          95       242          10
    7      2         30          10          15       205          10
    8      46         31          10          71       239          10
    9      16         43          7          47       220          10
    10      14         47          9          65       236          10
    11      42         35          6          45       214          10
    12      17         9          10          49       208          10
    13      18         27          5          75       250          10
    14      33         31          8          52       246          10
    15      8         11          10          18       208          10
    16      27         16          6          16       200          10
    17      50         44          5          17       243          10
    18      12         15          7          0       248          10
    19      48         50          10          97       211          10
    20      44         40          7          24       206          10
    21      43         18          7          22       230          10
    22      49         41          10          76       228          10
    23      22         40          9          74       205          10
    24      47         24          6          38       222          10
    25      43         1          6          37       212          10
