r482
VEHICLE
NUMBER     CAPACITY
  10         100

CUSTOMER
CUST NO.  XCOORD.   YCOORD.    DEMAND   READY TIME  DUE DATE   SERVICE   TIME

    0      25         25          0          0          250         0
    1      50         34          10          12       239          10
    2      30         32          5          119       246          10
    3      10         45          10          27       231          10
    4      20         20          10          59       237          10
    5      32         29          7          94       227          10
    6      11         22          5          120       237          10
    7      39         24          5          16       208          10
    8      5         1          7          23       222          10
    9      21         1          5          57       203          10
    10      36         43          7          20       228          10
    11      48         14          7          0       238          10
    12      39         15          5          98       200          10
    13      1         45          10          67       242          10
    14      43         14          9          20       240          10
    15      47         37          5          39       245          10
    16      23         46          9          13       249          10
    17      44         18          7          77       241          10
    18      30         34          8          78       204          10
    19      29         2          10          116       230          10
    20      45         11          5          119       221          10
    21      13         0          8          38       213          10
    22      26         33          10          33       232          10
    23      5         13          5          110       242          10
    24      38         35          7          91       200          10
    25      14         2          6          72       232          10
