r483
VEHICLE
NUMBER     CAPACITY
  10         100

CUSTOMER
CUST NO.  XCOORD.   YCOORD.    DEMAND   READY TIME  DUE DATE   SERVICE   TIME

    0      25         25          0          0          250         0
    1      5         39          7          12       208          10
    2      13         1          6          49       234          10
    3      45         28          10          104       248          10
    4      11         28          5          62       201          10
    5      9         40          9          50       202          10
    6      16         26          9          95       230          10
    7      40         9          7          52       215          10
    8      10         30          10          51       212          10
    9      34         44          7          9       231          10
    10      32         34          8          98       202          10
    11      3         32          9          71       202          10
    12      31         43          10          93       204          10
    13      49         25          9          66       211          10
    14      20         25          6          33       208          10
    15      24         30          6          16       202          10
    16      47         49          10          67       218          10
    17      1         23          10          85       202          10
    18      10         23          5          67       204          10
    19      15         48          8          0       246          10
    20      35         39          9          105       217          10
    21      50         18          7          21       218          10
    22      40         7          10          101       210          10
    23      35         20          6          19       236          10
    24      38         39          8          5       229          10
    25      18         12          6          3       208          10
