r485
VEHICLE
NUMBER     CAPACITY
  10         100

CUSTOMER
CUST NO.  XCOORD.   YCOORD.    DEMAND   READY TIME  DUE DATE   SERVICE   TIME

    0      25         25          0          0          250         0
    1      27         24          9          77       210          10
    2      20         41          5          15       250          10
    3      47         12          6          115       204          10
    4      20         28          8          56       203          10
    5      26         0          10          79       241          10
    6      38         41          9          103       245          10
    7      23         3          9          115       236          10
    8      6         34          10          66       223          10
    9      0         39          6          23       241          10
    10      42         24          7          37       242          10
    11      50         1          8          69       244          10
    12      26         3          8          65       249          10
    13      45         41          8          75       243          10
    14      17         19          10          115       228          10
    15      39         1          7          77       206          10
    16      40         10          10          92       215          10
    17      20         27          6          115       214          10
    18      46         22          8          87       215          10
    19      46         36          6          97       219          10
    20      34         11          8          102       241          10
    21      31         41          9          7       235          10
    22      14         32          9          58       217          10
    23      50         42          5          0       246          10
    24      31         46          5          21       220          10
    25      7         30          6          63       223          10
