r487
VEHICLE
NUMBER     CAPACITY
  10         100

CUSTOMER
CUST NO.  XCOORD.   YCOORD.    DEMAND   READY TIME  DUE DATE   SERVICE   TIME

    0      25         25          0          0          250         0
    1      22         3          8          95       245          10
    2      34         48          9          31       228          10
    3      5         7          7          0       208          10
    4      23         15          8          17       242          10
    5      8         42          5          92       217          10
    6      8         14          6          10       244          10
    7      2         26          6          41       210          10
    8      22         1          9          74       207          10
    9      17         47          8          47       221          10
    10      27         45          9          118       211          10
    11      16         20          5          18       228          10
    12      8         19          5          18       228          10
    13      21         18          6          57       235          10
    14      31         40          5          95       231          10
    15      30         20          10          70       236          10
    16      13         29          5          92       249          10
    17      30         36          9          52       220          10
    18      9         20          10          5       200          10
    19      16         1          9          89       211          10
    20      19         33          5          34       207          10
    21      33         38          8          103       224          10
    22      29         40          7          52       239          10
    23      41         18          6          19       206          10
    24      9         24          6          34       203          10
    25      50         39          10          5       220          10
