r489
VEHICLE
NUMBER     CAPACITY
  10         100

CUSTOMER
CUST NO.  XCOORD.   YCOORD.    DEMAND   READY TIME  DUE DATE   SERVICE   TIME

    0      25         25          0          0          250         0
    1      28         9          7          99       204          10
    2      37         50          8          110       228          10
    3      7         15          10          37       217          10
    4      49         13          6          27       206          10
    5      32         47          9          17       248          10
    6      31         39          9          118       246          10
    7      23         25          9          101       248          10
    8      24         35          6          62       230          10
    9      36         40          9          4       209          10
    10      20         13          7          71       239          10
    11      26         22          5          22       246          10
    12      38         4          7          17       224          10
    13      18         46          10          110       205          10
    14      15         48          6          49       237          10
    15      6         30          5          73       219          10
    16      34         10          9          62       210          10
    17      4         8          10          81       214          10
    18      8         22          10          65       213          10
    19      32         37          10          103       203          10
    20      28         5          7          115       248          10
    21      16         10          5          72       200          10
    22      34         13          6          79       231          10
    23      1         18          9          49       214          10
    24      3         16          7          18       248          10
    25      50         45          7          54       249          10
