r490
VEHICLE
NUMBER     CAPACITY
  10         100

CUSTOMER
CUST NO.  XCOORD.   YCOORD.    DEMAND   READY TIME  DUE DATE   SERVICE   TIME

    0      25         25          0          0          250         0
    1      15         14          5          3       214          10
    2      4         8          7          39       229          10
    3      19         49          7          56       220          10
    4      10         13          5          1       209          10
    5      44         36          9          89       235          10
    6      42         5          9          100       236          10
    7      15         26          6          13       222          10
    8      27         1          8          85       239          10
    9      25         35          5          104       218          10
    10      3         2          10          47       204          10
    11      23         45          7          17       231          10
    12      23         44          7          23       203          10
    13      37         29          7          13       231          10
    14      2         11          10          56       239          10
    15      37         28          10          14       236          10
    16      21         25          7          104       225          10
    17      26         10          5          79       200          10
    18      40         42          8          11       239          10
    19      20         28          9          103       244          10
    20      42         34          8          42       229          10
    21      48         48          9          47       238          10
    22      18         47          9          36       201          10
    23      14         0          5          117       204          10
    24      42         23          8          101       200          10
    25      22         44          6          76       208          10
