r495
VEHICLE
NUMBER     CAPACITY
  10         100

CUSTOMER
CUST NO.  XCOORD.   YCOORD.    DEMAND   READY TIME  DUE DATE   SERVICE   TIME

    0      25         25          0          0          250         0
    1      5         0          7          81       236          10
    2      28         14          5          76       204          10
    3      47         38          5          99       242          10
    4      15         23          7          99       245          10
    5      18         48          8          68       240          10
    6      10         1          9          43       202          10
    7      6         13          7          44       217          10
    8      4         27          5          1       207          10
    9      34         0          5          41       220          10
    10      39         46          10          97       206          10
    11      25         46          9          95       226          10
    12      39         32          5          116       201          10
    13      24         16          8          3       227          10
    14      15         42          5          98       221          10
    15      12         1          7          41       211          10
    16      35         23          5          31       213          10
    17      38         44          7          112       226          10
    18      31         25          9          70       221          10
    19      0         30          10          84       238          10
    20      13         45          8          63       225          10
    21      5         14          5          83       239          10
    22      10         22          7          63       229          10
    23      16         46          7          14       241          10
    24      39         38          7          44       204          10
    25      38         38          6          65       207          10
