r497
VEHICLE
NUMBER     CAPACITY
  10         100

CUSTOMER
CUST NO.  XCOORD.   YCOORD.    DEMAND   READY TIME  DUE DATE   SERVICE   TIME

    0      25         25          0          0          250         0
    1      16         13          7          34       222          10
    2      18         37          5          20       247          10
    3      17         12          7          111       226          10
    4      16         37          8          30       244          10
    5      14         28          9          18       226          10
    6      39         32          7          49       222          10
    7      6         15          9          23       201          10
    8      32         30          7          48       217          10
    9      26         50          7          7       221          10
    10      12         6          10          44       212          10
    11      1         15          10          29       210          10
    12      9         11          10          120       240          10
    13      33         49          10          67       243          10
    14      8         28          9          20       225          10
    15      22         0          7          106       211          10
    16      9         38          5          64       238          10
    17      15         4          9          108       210          10
    18      21         30          8          15       229          10
    19      33         37          7          114       235          10
    20      24         48          7          103       247          10
    21      39         47          6          33       225          10
    22      12         4          7          30       209          10
    23      0         50          8          48       211          10
    24      12         45          5          15       233          10
    25      47         7          5          46       247          10
