r500
VEHICLE
NUMBER     CAPACITY
  10         100

CUSTOMER
CUST NO.  XCOORD.   YCOORD.    DEMAND   READY TIME  DUE DATE   SERVICE   TIME

    0      25         25          0          0          250         0
    1      9         26          5          70       212          10
    2      21         5          6          111       221          10
    3      22         8          8          39       209          10
    4      7         37          5          82       201          10
    5      47         13          9          16       239          10
    6      23         28          10          95       226          10
    7      9         30          9          54       250          10
    8      32         29          5          7       224          10
    9      40         29          9          94       249          10
    10      42         10          6          61       241          10
    11      12         20          9          92       209          10
    12      14         15          6          4       211          10
    13      38         6          7          93       228          10
    14      23         45          8          94       217          10
    15      46         21          8          84       212          10
    16      4         37          10          37       221          10
    17      36         2          9          112       222          10
    18      32         28          9          17       207          10
    19      38         9          7          102       224          10
    20      40         20          5          99       207          10
    21      33         42          8          80       201          10
    22      46         12          9          69       226          10
    23      12         16          10          36       246          10
    24      39         2          5          99       247          10
    25      46         12          6          25       248          10
