r504
VEHICLE
NUMBER     CAPACITY
  10         100

CUSTOMER
CUST NO.  XCOORD.   YCOORD.    DEMAND   READY TIME  DUE DATE   SERVICE   TIME

    0      25         25          0          0          250         0
    1      43         41          6          118       243          10
    2      41         13          9          105       209          10
    3      6         20          10          120       204          10
    4      32         13          8          45       228          10
    5      10         2          9          45       237          10
    6      33         3          6          28       239          10
    7      35         10          9          57       202          10
    8      47         13          9          99       220          10
    9      20         31          9          90       225          10
    10      50         13          8          34       234          10
    11      31         49          5          93       218          10
    12      41         14          8          61       242          10
    13      46         28          6          49       209          10
    14      17         46          8          76       219          10
    15      48         42          10          25       222          10
    16      26         27          6          0       227          10
    17      34         15          8          96       207          10
    18      49         24          7          7       214          10
    19      14         17          5          86       233          10
    20      3         16          8          90       230          10
    21      26         8          9          79       245          10
    22      22         13          7          78       227          10
    23      0         39          8          5       221          10
    24      38         18          6          112       244          10
    25      12         46          5          46       218          10
