r505
VEHICLE
NUMBER     CAPACITY
  10         100

CUSTOMER
CUST NO.  XCOORD.   YCOORD.    DEMAND   READY TIME  DUE DATE   SERVICE   TIME

    0      25         25          0          0          250         0
    1      39         2          10          91       249          10
    2      7         37          10          19       244          10
    3      24         18          10          21       242          10
    4      4         1          6          73       218          10
    5      45         26          6          72       234          10
    6      36         12          8          80       249          10
    7      46         42          8          3       207          10
    8      49         42          6          15       231          10
    9      4         39          10          35       217          10
    10      16         41          9          65       231          10
    11      13         17          7          77       230          10
    12      10         21          7          75       242          10
    13      0         49          9          9       208          10
    14      38         17          9          82       200          10
    15      23         34          10          96       234          10
    16      6         34          7          101       237          10
    17      47         4          9          45       207          10
    18      6         16          6          81       241          10
    19      36         25          10          41       247          10
    20      28         13          6          99       225          10
    21      46         25          5          7       214          10
    22      39         42          10          110       249          10
    23      39         42          7          15       229          10
    24      46         31          7          119       221          10
    25      17         47          5          8       240          10
