r509
VEHICLE
NUMBER     CAPACITY
  10         100

CUSTOMER
CUST NO.  XCOORD.   YCOORD.    DEMAND   READY TIME  DUE DATE   SERVICE   TIME

    0      25         25          0          0          250         0
    1      2         17          10          91       208          10
    2      28         36          8          41       230          10
    3      45         35          7          62       205          10
    4      39         0          10          28       221          10
    5      29         16          7          87       248          10
    6      6         20          6          102       249          10
    7      2         20          6          12       231          10
    8      49         39          7          62       220          10
    9      22         16          7          99       223          10
    10      34         3          8          100       241          10
    11      31         10          9          116       239          10
    12      25         19          7          11       220          10
    13      6         39          8          18       228          10
    14      41         26          7          24       216          10
    15      27         45          7          96       227          10
    16      33         49          5          34       212          10
    17      42         47          10          13       221          10
    18      9         29          10          0       203          10
    19      50         24          10          17       221          10
    20      17         49          6          105       209          10
    21      6         49          7          93       223          10
    22      10         43          10          67       248          10
    23      45         5          8          35       206          10
    24      44         29          8          13       214          10
    25      18         28          6          83       232          10
