r511
VEHICLE
NUMBER     CAPACITY
  10         100

CUSTOMER
CUST NO.  XCOORD.   YCOORD.    DEMAND   READY TIME  DUE DATE   SERVICE   TIME

    0      25         25          0          0          250         0
    1      37         5          6          112       200          10
    2      47         38          6          114       232          10
    3      38         5          10          91       209          10
    4      38         45          5          47       221          10
    5      42         8          6          20       242          10
    6      21         21          10          6       201          10
    7      46         39          10          92       243          10
    8      13         35          8          4       245          10
    9      31         45          10          114       250          10
    10      46         46          5          35       246          10
    11      35         42          5          86       249          10
    12      31         40          10          79       221          10
    13      33         50          6          30       249          10
    14      6         34          9          90       214          10
    15      4         20          7          18       246          10
    16      0         0          8          113       245          10
    17      9         0          7          113       223          10
    18      47         46          10          23       231          10
    19      35         30          5          50       215          10
    20      32         18          8          117       243          10
    21      21         1          8          20       200          10
    22      13         44          7          75       233          10
    23      26         40          6          84       213          10
    24      33         30          8          56       248          10
    25      3         4          7          84       221          10
