r512
VEHICLE
NUMBER     CAPACITY
  10         100

CUSTOMER
CUST NO.  XCOORD.   YCOORD.    DEMAND   READY TIME  DUE DATE   SERVICE   TIME

    0      25         25          0          0          250         0
    1      9         1          10          109       235          10
    2      44         5          8          7       216          10
    3      11         30          6          24       245          10
    4      10         24          10          87       200          10
    5      37         22          6          116       238          10
    6      23         21          8          49       231          10
    7      31         1          6          15       242          10
    8      12         45          8          67       220          10
    9      19         49          8          31       204          10
    10      47         35          10          31       239          10
    11      38         49          6          19       201          10
    12      26         23          7          83       229          10
    13      24         35          7          92       203          10
    14      20         31          5          95       223          10
    15      19         31          7          39       213          10
    16      25         23          6          42       244          10
    17      37         17          8          42       209          10
    18      43         46          10          52       201          10
    19      7         1          7          43       225          10
    20      25         20          5          91       247          10
    21      44         5          8          31       209          10
    22      33         20          5          92       244          10
    23      32         32          5          113       239          10
    24      43         11          5          110       221          10
    25      46         36          10          119       226          10
