r513
VEHICLE
NUMBER     CAPACITY
  10         100

CUSTOMER
CUST NO.  XCOORD.   YCOORD.    DEMAND   READY TIME  DUE DATE   SERVICE   TIME

    0      25         25          0          0          250         0
    1      29         47          9          74       207          10
    2      12         20          8          38       205          10
    3      8         49          8          43       213          10
    4      25         3          9          25       230          10
    5      50         33          5          11       230          10
    6      42         12          8          62       206          10
    7      33         9          6          94       241          10
    8      5         29          8          67       221          10
    9      4         14          8          33       208          10
    10      17         8          6          108       245          10
    11      2         3          8          13       242          10
    12      11         30          8          102       213          10
    13      38         7          6          89       216          10
    14      26         15          6          101       211          10
    15      0         42          6          32       215          10
    16      37         43          8          90       223          10
    17      49         45          7          11       233          10
    18      44         38          9          90       221          10
    19      38         24          5          101       208          10
    20      41         13          6          25       208          10
    21      30         28          9          47       219          10
    22      49         29          7          111       205          10
    23      13         45          7          112       242          10
    24      46         48          6          36       246          10
    25      24         8          10          32       225          10
