r514
VEHICLE
NUMBER     CAPACITY
  10         100

CUSTOMER
CUST NO.  XCOORD.   YCOORD.    DEMAND   READY TIME  DUE DATE   SERVICE   TIME

    0      25         25          0          0          250         0
    1      12         42          7          54       215          10
    2      14         25          10          34       206          10
    3      11         47          7          38       231          10
    4      46         32          9          6       223          10
    5      43         23          10          65       212          10
    6      28         11          9          39       241          10
    7      20         17          9          56       234          10
    8      26         5          7          44       202          10
    9      45         40          9          56       250          10
    10      41         22          8          73       210          10
    11      18         0          8          23       240          10
    12      8         36          7          91       246          10
    13      49         21          7          66       212          10
    14      3         46          6          52       235          10
    15      42         32          10          64       237          10
    16      50         28          10          57       224          10
    17      4         42          5          71       200          10
    18      30         3          6          70       209          10
    19      23         35          8          46       208          10
    20      9         30          10          28       226          10
    21      35         17          10          79       224          10
    22      30         36          10          49       204          10
    23      11         4          9          32       210          10
    24      15         13          5          22       250          10
    25      16         32          6          96       212          10
