r516
VEHICLE
NUMBER     CAPACITY
  10         100

CUSTOMER
CUST NO.  XCOORD.   YCOORD.    DEMAND   READY TIME  DUE DATE   SERVICE   TIME

    0      25         25          0          0          250         0
    1      1         43          6          59       230          10
    2      8         26          8          103       240          10
    3      42         22          9          106       234          10
    4      34         1          7          106       200          10
    5      48         7          5          83       249          10
    6      46         15          8          84       232          10
    7      38         2          5          54       225          10
    8      27         22          7          8       213          10
    9      38         20          5          6       227          10
    10      49         8          8          39       243          10
    11      3         5          6          21       235          10
    12      5         33          6          108       206          10
    13      9         26          6          119       238          10
    14      9         34          5          39       222          10
    15      35         41          9          88       243          10
    16      49         27          7          44       225          10
    17      14         41          9          83       218          10
    18      11         6          8          41       209          10
    19      7         30          6          86       234          10
    20      32         8          9          104       245          10
    21      1         40          9          72       215          10
    22      3         49          5          35       239          10
    23      44         48          8          88       217          10
    24      50         11          6          101       212          10
    25      25         32          7          24       240          10
