r518
VEHICLE
NUMBER     CAPACITY
  10         100

CUSTOMER
CUST NO.  XCOORD.   YCOORD.    DEMAND   READY TIME  DUE DATE   SERVICE   TIME

    0      25         25          0          0          250         0
    1      47         28          5          59       201          10
    2      48         48          7          92       222          10
    3      21         14          5          24       214          10
    4      39         37          7          67       216          10
    5      16         34          6          8       238          10
    6      37         42          8          109       202          10
    7      1         28          9          13       222          10
    8      2         40          9          41       212          10
    9      23         47          9          81       248          10
    10      4         31          7          44       203          10
    11      11         33          8          19       206          10
    12      22         44          10          43       227          10
    13      18         47          5          79       224          10
    14      10         41          10          24       211          10
    15      2         23          9          105       228          10
    16      18         46          10          42       203          10
    17      3         5          9          48       211          10
    18      12         27          10          45       207          10
    19      18         24          10          24       240          10
    20      35         37          10          36       245          10
    21      10         21          5          95       236          10
    22      17         13          10          108       213          10
    23      15         22          9          54       215          10
    24      36         37          8          99       211          10
    25      45         17          10          95       224          10
