r522
VEHICLE
NUMBER     CAPACITY
  10         100

CUSTOMER
CUST NO.  XCOORD.   YCOORD.    DEMAND   READY TIME  DUE DATE   SERVICE   TIME

    0      25         25          0          0          250         0
    1      38         25          6          93       200          10
    2      39         4          7          60       209          10
    3      17         11          8          98       244          10
    4      26         43          9          48       200          10
    5      25         38          6          82       243          10
    6      10         16          5          25       224          10
    7      46         7          5          66       223          10
    8      50         42          8          19       231          10
    9      39         7          5          47       239          10
    10      50         46          6          118       248          10
    11      13         29          5          27       234          10
    12      38         17          5          51       217          10
    13      25         26          8          104       205          10
    14      47         48          9          11       224          10
    15      9         18          5          113       201          10
    16      24         32          6          102       223          10
    17      36         44          7          34       240          10
    18      49         28          10          76       204          10
    19      37         26          9          111       234          10
    20      24         6          9          47       201          10
    21      21         29          10          119       217          10
    22      1         10          9          19       223          10
    23      18         0          10          36       248          10
    24      46         20          9          45       226          10
    25      3         15          10          120       229          10
