r523
VEHICLE
NUMBER     CAPACITY
  10         100

CUSTOMER
CUST NO.  XCOORD.   YCOORD.    DEMAND   READY TIME  DUE DATE   SERVICE   TIME

    0      25         25          0          0          250         0
    1      11         24          7          73       219          10
    2      34         31          6          91       217          10
    3      8         7          7          109       249          10
    4      49         39          7          15       231          10
    5      27         40          9          6       201          10
    6      43         22          5          51       210          10
    7      21         8          10          56       248          10
    8      26         2          7          84       221          10
    9      44         28          9          70       236          10
    10      43         10          6          54       233          10
    11      49         0          10          49       228          10
    12      25         2          8          4       209          10
    13      5         10          10          27       245          10
    14      21         14          10          72       239          10
    15      38         45          5          85       250          10
    16      11         34          8          23       209          10
    17      40         10          9          62       239          10
    18      46         47          10          106       208          10
    19      39         18          7          100       239          10
    20      32         7          5          7       245          10
    21      2         34          5          35       215          10
    22      46         34          6          41       248          10
    23      8         3          10          68       201          10
    24      2         14          5          41       222          10
    25      44         27          10          104       250          10
