r527
VEHICLE
NUMBER     CAPACITY
  10         100

CUSTOMER
CUST NO.  XCOORD.   YCOORD.    DEMAND   READY TIME  DUE DATE   SERVICE   TIME

    0      25         25          0          0          250         0
    1      15         50          9          12       248          10
    2      29         47          6          68       212          10
    3      0         24          6          99       220          10
    4      41         44          8          61       224          10
    5      23         19          10          50       229          10
    6      21         11          7          84       211          10
    7      32         18          5          81       212          10
    8      18         37          7          24       250          10
    9      3         39          6          51       231          10
    10      44         13          5          113       239          10
    11      11         18          6          30       227          10
    12      24         15          10          38       247          10
    13      50         48          7          110       239          10
    14      37         20          9          105       232          10
    15      15         49          10          6       241          10
    16      50         10          5          32       228          10
    17      38         40          6          80       238          10
    18      3         34          10          100       203          10
    19      41         8          9          113       212          10
    20      38         8          8          16       205          10
    21      18         8          9          1       239          10
    22      34         6          10          12       242          10
    23      41         32          5          14       232          10
    24      40         34          5          63       237          10
    25      28         17          10          73       216          10
