r529
VEHICLE
NUMBER     CAPACITY
  10         100

CUSTOMER
CUST NO.  XCOORD.   YCOORD.    DEMAND   READY TIME  DUE DATE   SERVICE   TIME

    0      25         25          0          0          250         0
    1      5         42          5          28       225          10
    2      24         49          10          31       212          10
    3      5         44          8          102       201          10
    4      25         45          5          87       245          10
    5      18         41          6          70       205          10
    6      40         19          8          60       234          10
    7      27         46          7          52       233          10
    8      26         2          10          48       207          10
    9      44         46          7          74       227          10
    10      17         30          9          12       249          10
    11      45         4          8          28       230          10
    12      37         35          8          55       232          10
    13      8         48          9          80       205          10
    14      26         21          9          9       206          10
    15      8         1          10          109       210          10
    16      1         16          9          76       202          10
    17      15         42          7          107       219          10
    18      25         33          9          84       215          10
    19      15         14          9          25       203          10
    20      36         29          7          83       236          10
    21      5         49          5          20       250          10
    22      50         5          7          42       247          10
    23      1         8          10          103       208          10
    24      41         46          10          1       233          10
    25      11         39          9          70       226          10
