r531
VEHICLE
NUMBER     CAPACITY
  10         100

CUSTOMER
CUST NO.  XCOORD.   YCOORD.    DEMAND   READY TIME  DUE DATE   SERVICE   TIME

    0      25         25          0          0          250         0
    1      24         35          9          35       244          10
    2      10         17          5          77       204          10
    3      38         14          8          27       222          10
    4      2         10          5          25       244          10
    5      8         50          7          5       201          10
    6      40         20          10          59       235          10
    7      45         15          9          46       211          10
    8      50         19          5          89       223          10
    9      11         16          6          114       222          10
    10      39         14          8          16       236          10
    11      39         19          8          33       230          10
    12      25         36          7          97       236          10
    13      26         12          9          84       232          10
    14      22         10          7          3       246          10
    15      47         28          9          69       206          10
    16      7         7          10          48       215          10
    17      37         31          8          7       223          10
    18      34         43          10          41       203          10
    19      10         26          7          14       238          10
    20      42         50          7          87       207          10
    21      7         37          7          0       226          10
    22      27         1          7          95       200          10
    23      28         18          8          14       239          10
    24      3         8          6          91       224          10
    25      21         43          10          108       234          10
