r535
VEHICLE
NUMBER     CAPACITY
  10         100

CUSTOMER
CUST NO.  XCOORD.   YCOORD.    DEMAND   READY TIME  DUE DATE   SERVICE   TIME

    0      25         25          0          0          250         0
    1      12         18          10          90       217          10
    2      32         50          6          104       246          10
    3      5         16          8          56       213          10
    4      36         36          10          25       214          10
    5      48         41          5          60       211          10
    6      16         0          7          65       245          10
    7      43         33          9          53       243          10
    8      22         18          10          86       201          10
    9      11         47          7          94       216          10
    10      15         22          10          86       205          10
    11      22         37          7          69       231          10
    12      8         31          5          69       219          10
    13      6         20          6          110       207          10
    14      12         47          8          99       205          10
    15      50         14          7          87       220          10
    16      2         8          5          1       222          10
    17      47         22          9          113       244          10
    18      26         32          5          74       224          10
    19      50         16          7          113       243          10
    20      19         24          5          83       227          10
    21      18         5          8          38       250          10
    22      16         22          8          79       236          10
    23      35         6          7          104       202          10
    24      39         0          8          117       227          10
    25      23         26          8          4       212          10
