r536
VEHICLE
NUMBER     CAPACITY
  10         100

CUSTOMER
CUST NO.  XCOORD.   YCOORD.    DEMAND   READY TIME  DUE DATE   SERVICE   TIME

    0      25         25          0          0          250         0
    1      6         24          9          21       237          10
    2      39         25          6          11       230          10
    3      34         0          7          113       236          10
    4      35         2          7          65       229          10
    5      15         18          7          13       206          10
    6      44         7          9          51       229          10
    7      29         40          9          95       227          10
    8      28         22          7          29       236          10
    9      43         0          6          65       217          10
    10      39         49          9          69       215          10
    11      28         49          9          26       229          10
    12      17         29          10          3       214          10
    13      48         22          6          43       201          10
    14      17         28          7          30       241          10
    15      32         23          8          78       209          10
    16      29         20          5          49       248          10
    17      47         47          8          80       240          10
    18      15         49          5          15       250          10
    19      39         17          7          31       222          10
    20      40         50          7          40       237          10
    21      50         28          10          44       208          10
    22      20         42          10          104       204          10
    23      31         24          7          63       239          10
    24      46         35          6          2       200          10
    25      7         0          7          43       243          10
