r537
VEHICLE
NUMBER     CAPACITY
  10         100

CUSTOMER
CUST NO.  XCOORD.   YCOORD.    DEMAND   READY TIME  DUE DATE   SERVICE   TIME

    0      25         25          0          0          250         0
    1      25         42          8          109       211          10
    2      28         32          5          75       239          10
    3      19         27          9          20       210          10
    4      42         10          9          73       209          10
    5      46         1          5          32       219          10
    6      6         49          10          35       245          10
    7      1         34          5          20       230          10
    8      50         21          5          93       235          10
    9      43         37          8          108       249          10
    10      41         32          6          113       243          10
    11      47         26          9          40       242          10
    12      35         23          10          35       237          10
    13      41         24          9          120       237          10
    14      14         11          6          55       223          10
    15      39         41          5          113       202          10
    16      26         11          8          66       244          10
    17      44         46          10          13       237          10
    18      50         8          10          92       240          10
    19      16         28          8          54       248          10
    20      31         0          8          52       214          10
    21      3         0          8          16       230          10
    22      32         31          5          81       236          10
    23      32         29          7          32       220          10
    24      1         41          8          109       248          10
    25      30         36          7          56       250          10
