r539
VEHICLE
NUMBER     CAPACITY
  10         100

CUSTOMER
CUST NO.  XCOORD.   YCOORD.    DEMAND   READY TIME  DUE DATE   SERVICE   TIME

    0      25         25          0          0          250         0
    1      4         16          7          95       240          10
    2      47         49          6          112       211          10
    3      34         11          6          57       245          10
    4      44         30          7          18       216          10
    5      41         34          7          7       208          10
    6      10         2          9          26       244          10
    7      32         16          8          61       234          10
    8      3         48          7          74       211          10
    9      17         31          10          27       243          10
    10      45         5          5          44       214          10
    11      45         17          6          66       214          10
    12      47         26          9          15       218          10
    13      40         48          7          58       227          10
    14      46         42          10          55       211          10
    15      48         37          8          34       216          10
    16      25         39          5          38       216          10
    17      46         46          6          10       237          10
    18      15         49          8          10       200          10
    19      50         24          5          117       242          10
    20      2         22          8          34       227          10
    21      39         5          6          78       206          10
    22      10         16          5          83       240          10
    23      28         41          10          62       213          10
    24      10         44          5          101       202          10
    25      16         45          9          99       229          10
