r541
VEHICLE
NUMBER     CAPACITY
  10         100

CUSTOMER
CUST NO.  XCOORD.   YCOORD.    DEMAND   READY TIME  DUE DATE   SERVICE   TIME

    0      25         25          0          0          250         0
    1      12         32          5          117       227          10
    2      30         10          8          37       214          10
    3      2         43          10          91       246          10
    4      24         30          6          60       219          10
    5      18         19          6          14       203          10
    6      27         20          10          59       208          10
    7      36         35          9          75       235          10
    8      40         46          6          47       213          10
    9      12         7          5          102       207          10
    10      36         39          9          73       222          10
    11      23         31          10          50       235          10
    12      9         2          7          11       207          10
    13      44         37          5          104       213          10
    14      43         18          10          11       239          10
    15      45         8          5          72       202          10
    16      14         0          6          47       203          10
    17      36         48          9          15       202          10
    18      31         20          10          88       233          10
    19      50         36          8          25       214          10
    20      7         26          8          72       214          10
    21      36         20          7          4       239          10
    22      23         9          7          34       242          10
    23      49         9          6          75       214          10
    24      23         28          9          106       219          10
    25      30         48          6          69       219          10
