r544
VEHICLE
NUMBER     CAPACITY
  10         100

CUSTOMER
CUST NO.  XCOORD.   YCOORD.    DEMAND   READY TIME  DUE DATE   SERVICE   TIME

    0      25         25          0          0          250         0
    1      5         0          9          85       231          10
    2      33         32          10          115       233          10
    3      42         32          5          23       219          10
    4      29         40          5          115       248          10
    5      33         47          7          28       217          10
    6      6         32          6          85       222          10
    7      39         38          9          102       208          10
    8      46         15          9          69       241          10
    9      31         48          5          61       223          10
    10      1         34          5          22       233          10
    11      49         41          8          4       204          10
    12      38         9          6          67       206          10
    13      42         48          10          80       220          10
    14      42         43          9          57       235          10
    15      5         29          5          85       220          10
    16      1         14          9          61       204          10
    17      35         2          9          55       223          10
    18      29         1          10          9       222          10
    19      6         6          8          3       240          10
    20      19         39          9          50       235          10
    21      20         30          5          80       242          10
    22      47         46          9          115       203          10
    23      36         45          10          86       236          10
    24      45         9          8          19       217          10
    25      38         4          10          67       223          10
