r545
VEHICLE
NUMBER     CAPACITY
  10         100

CUSTOMER
CUST NO.  XCOORD.   YCOORD.    DEMAND   READY TIME  DUE DATE   SERVICE   TIME

    0      25         25          0          0          250         0
    1      11         7          5          37       229          10
    2      20         41          9          20       200          10
    3      50         50          9          17       221          10
    4      24         22          6          119       226          10
    5      30         21          9          38       202          10
    6      37         48          5          31       219          10
    7      47         15          10          31       212          10
    8      5         3          7          1       248          10
    9      43         25          5          37       236          10
    10      7         28          6          46       206          10
    11      20         38          9          107       230          10
    12      49         0          6          70       215          10
    13      14         22          7          22       215          10
    14      21         6          9          100       226          10
    15      45         1          6          21       250          10
    16      11         33          8          83       248          10
    17      10         18          6          71       245          10
    18      9         18          9          84       218          10
    19      27         3          10          3       234          10
    20      21         5          9          119       227          10
    21      21         35          10          111       234          10
    22      42         28          5          43       249          10
    23      12         22          8          94       213          10
    24      1         41          10          41       222          10
    25      13         0          5          109       229          10
