r547
VEHICLE
NUMBER     CAPACITY
  10         100

CUSTOMER
CUST NO.  XCOORD.   YCOORD.    DEMAND   READY TIME  DUE DATE   SERVICE   TIME

    0      25         25          0          0          250         0
    1      43         20          8          115       240          10
    2      34         12          9          106       225          10
    3      48         17          8          37       235          10
    4      13         41          10          20       212          10
    5      13         26          8          8       205          10
    6      39         37          7          74       207          10
    7      21         43          6          10       221          10
    8      39         27          9          39       212          10
    9      13         40          8          25       241          10
    10      42         28          10          82       248          10
    11      35         50          9          109       246          10
    12      42         18          10          110       225          10
    13      41         3          5          69       231          10
    14      4         29          10          23       211          10
    15      36         42          5          31       212          10
    16      24         8          7          69       244          10
    17      24         19          10          41       238          10
    18      47         22          6          70       248          10
    19      38         39          10          81       208          10
    20      13         26          5          2       240          10
    21      9         15          6          93       233          10
    22      0         17          10          102       249          10
    23      15         29          8          75       213          10
    24      18         21          9          70       227          10
    25      6         3          10          48       220          10
