r549
VEHICLE
NUMBER     CAPACITY
  10         100

CUSTOMER
CUST NO.  XCOORD.   YCOORD.    DEMAND   READY TIME  DUE DATE   SERVICE   TIME

    0      25         25          0          0          250         0
    1      26         23          7          116       218          10
    2      42         10          8          84       233          10
    3      39         20          5          26       208          10
    4      8         41          6          36       208          10
    5      24         1          8          67       217          10
    6      31         21          6          93       205          10
    7      36         30          7          21       221          10
    8      7         0          5          93       213          10
    9      34         50          8          76       211          10
    10      50         13          7          107       250          10
    11      11         43          10          16       206          10
    12      5         16          9          66       214          10
    13      2         30          5          29       238          10
    14      0         36          9          35       210          10
    15      0         24          5          30       218          10
    16      2         4          9          43       228          10
    17      19         21          8          75       211          10
    18      48         44          7          72       231          10
    19      1         6          5          46       218          10
    20      9         31          7          24       221          10
    21      44         20          6          23       202          10
    22      44         12          5          0       221          10
    23      26         34          6          3       200          10
    24      48         46          8          104       206          10
    25      18         50          8          11       231          10
