r551
VEHICLE
NUMBER     CAPACITY
  10         100

CUSTOMER
CUST NO.  XCOORD.   YCOORD.    DEMAND   READY TIME  DUE DATE   SERVICE   TIME

    0      25         25          0          0          250         0
    1      9         4          7          1       201          10
    2      23         37          9          50       214          10
    3      34         44          10          115       217          10
    4      15         19          5          48       247          10
    5      42         18          5          103       247          10
    6      19         17          10          97       224          10
    7      42         7          6          99       228          10
    8      36         45          8          43       222          10
    9      2         33          5          31       225          10
    10      40         38          6          34       244          10
    11      31         10          5          66       218          10
    12      36         38          5          38       231          10
    13      35         33          9          29       212          10
    14      45         3          9          117       215          10
    15      32         8          5          105       241          10
    16      20         16          9          47       217          10
    17      9         30          6          23       213          10
    18      32         46          5          114       224          10
    19      27         8          6          19       235          10
    20      31         15          5          39       235          10
    21      10         27          9          14       219          10
    22      32         28          9          119       222          10
    23      37         20          9          33       224          10
    24      38         5          9          48       222          10
    25      34         15          7          22       216          10
