r554
VEHICLE
NUMBER     CAPACITY
  10         100

CUSTOMER
CUST NO.  XCOORD.   YCOORD.    DEMAND   READY TIME  DUE DATE   SERVICE   TIME

    0      25         25          0          0          250         0
    1      10         1          8          24       220          10
    2      30         5          5          20       216          10
    3      4         26          9          88       221          10
    4      45         41          5          53       217          10
    5      42         44          9          76       217          10
    6      18         5          9          87       230          10
    7      50         16          7          46       208          10
    8      2         47          5          21       232          10
    9      3         16          9          106       201          10
    10      45         6          9          23       240          10
    11      24         26          5          41       210          10
    12      22         8          9          46       224          10
    13      44         40          10          68       233          10
    14      43         6          5          29       208          10
    15      45         37          9          97       232          10
    16      4         48          8          4       245          10
    17      38         37          10          84       236          10
    18      10         28          9          81       223          10
    19      9         25          6          75       228          10
    20      6         37          9          27       247          10
    21      43         3          6          10       233          10
    22      38         30          5          113       216          10
    23      4         30          8          109       238          10
    24      23         43          6          26       215          10
    25      26         10          9          46       244          10
