r555
VEHICLE
NUMBER     CAPACITY
  10         100

CUSTOMER
CUST NO.  XCOORD.   YCOORD.    DEMAND   READY TIME  DUE DATE   SERVICE   TIME

    0      25         25          0          0          250         0
    1      11         17          10          58       214          10
    2      2         15          9          70       243          10
    3      32         26          5          98       246          10
    4      37         8          9          12       210          10
    5      9         47          10          56       243          10
    6      25         12          5          7       230          10
    7      28         22          10          100       220          10
    8      43         5          8          11       240          10
    9      3         34          7          55       218          10
    10      33         48          10          92       222          10
    11      1         49          6          98       205          10
    12      14         30          7          7       248          10
    13      17         20          6          38       244          10
    14      19         15          7          96       202          10
    15      46         5          5          21       234          10
    16      5         36          9          82       247          10
    17      5         5          7          22       232          10
    18      34         25          8          61       235          10
    19      0         30          7          105       222          10
    20      14         22          8          62       205          10
    21      30         25          6          42       231          10
    22      15         18          8          112       211          10
    23      17         0          5          9       206          10
    24      0         15          8          44       215          10
    25      34         33          9          66       233          10
