r556
VEHICLE
NUMBER     CAPACITY
  10         100

CUSTOMER
CUST NO.  XCOORD.   YCOORD.    DEMAND   READY TIME  DUE DATE   SERVICE   TIME

    0      25         25          0          0          250         0
    1      29         11          10          24       228          10
    2      24         6          5          35       227          10
    3      17         7          8          89       222          10
    4      17         30          6          103       200          10
    5      18         33          5          115       250          10
    6      47         48          7          63       222          10
    7      8         22          10          78       200          10
    8      3         42          10          87       204          10
    9      29         23          8          85       225          10
    10      28         19          9          36       230          10
    11      33         14          6          114       234          10
    12      31         33          6          52       243          10
    13      8         16          6          40       233          10
    14      37         36          5          59       207          10
    15      7         0          7          54       250          10
    16      37         34          7          100       244          10
    17      31         10          5          87       247          10
    18      19         49          9          33       225          10
    19      45         35          6          83       225          10
    20      39         9          8          19       246          10
    21      30         3          6          96       208          10
    22      29         6          8          68       208          10
    23      26         44          8          38       234          10
    24      50         7          8          40       211          10
    25      16         5          7          106       244          10
