r560
VEHICLE
NUMBER     CAPACITY
  10         100

CUSTOMER
CUST NO.  XCOORD.   YCOORD.    DEMAND   READY TIME  DUE DATE   SERVICE   TIME

    0      25         25          0          0          250         0
    1      38         0          5          85       201          10
    2      39         35          10          64       211          10
    3      44         49          5          9       203          10
    4      41         38          7          97       201          10
    5      47         43          9          97       241          10
    6      24         43          7          45       214          10
    7      2         37          10          85       228          10
    8      34         5          6          80       225          10
    9      38         19          5          60       235          10
    10      25         9          9          50       221          10
    11      37         42          7          55       237          10
    12      43         2          10          100       202          10
    13      4         24          7          43       241          10
    14      21         4          6          50       223          10
    15      21         29          6          107       238          10
    16      3         40          5          42       234          10
    17      9         44          5          77       212          10
    18      18         23          5          60       214          10
    19      2         49          8          100       239          10
    20      44         35          5          71       209          10
    21      0         47          8          39       207          10
    22      18         17          8          80       240          10
    23      46         41          10          37       240          10
    24      35         37          6          72       250          10
    25      20         12          5          100       237          10
