r562
VEHICLE
NUMBER     CAPACITY
  10         100

CUSTOMER
CUST NO.  XCOORD.   YCOORD.    DEMAND   READY TIME  DUE DATE   SERVICE   TIME

    0      25         25          0          0          250         0
    1      39         5          9          41       235          10
    2      29         39          9          104       227          10
    3      31         38          10          102       208          10
    4      20         17          5          83       215          10
    5      18         11          6          75       223          10
    6      47         26          7          36       240          10
    7      33         36          5          32       237          10
    8      41         39          6          78       222          10
    9      17         42          9          98       245          10
    10      19         28          7          47       211          10
    11      11         21          9          79       212          10
    12      38         11          9          10       239          10
    13      43         12          5          105       219          10
    14      36         4          10          75       231          10
    15      43         31          8          58       227          10
    16      11         16          5          80       205          10
    17      10         22          8          109       242          10
    18      35         5          5          36       242          10
    19      42         36          6          86       228          10
    20      10         26          5          105       217          10
    21      42         36          7          60       245          10
    22      25         21          10          24       222          10
    23      48         27          5          110       218          10
    24      16         22          7          47       239          10
    25      39         45          10          118       225          10
