r563
VEHICLE
NUMBER     CAPACITY
  10         100

CUSTOMER
CUST NO.  XCOORD.   YCOORD.    DEMAND   READY TIME  DUE DATE   SERVICE   TIME

    0      25         25          0          0          250         0
    1      6         32          9          67       217          10
    2      27         12          10          118       209          10
    3      36         38          7          22       206          10
    4      1         1          6          22       220          10
    5      31         24          8          58       217          10
    6      45         47          9          44       235          10
    7      9         49          10          108       233          10
    8      46         17          5          88       223          10
    9      18         13          9          82       236          10
    10      3         16          5          78       227          10
    11      17         46          7          34       209          10
    12      50         20          6          118       223          10
    13      36         29          9          76       233          10
    14      45         40          10          0       221          10
    15      23         3          7          25       202          10
    16      20         3          8          54       239          10
    17      33         11          8          107       215          10
    18      34         49          9          70       211          10
    19      11         33          6          96       248          10
    20      43         31          7          87       229          10
    21      34         19          5          31       205          10
    22      43         11          10          84       228          10
    23      25         13          7          102       201          10
    24      22         0          8          112       217          10
    25      40         9          6          5       246          10
