r564
VEHICLE
NUMBER     CAPACITY
  10         100

CUSTOMER
CUST NO.  XCOORD.   YCOORD.    DEMAND   READY TIME  DUE DATE   SERVICE   TIME

    0      25         25          0          0          250         0
    1      29         44          7          102       204          10
    2      11         3          7          18       228          10
    3      2         35          7          29       224          10
    4      45         38          8          44       225          10
    5      22         44          5          69       203          10
    6      41         39          8          23       233          10
    7      23         27          9          120       248          10
    8      6         8          9          61       205          10
    9      30         40          10          40       205          10
    10      9         10          10          116       247          10
    11      21         6          7          113       243          10
    12      4         31          5          10       222          10
    13      23         41          9          46       200          10
    14      14         49          10          18       243          10
    15      41         39          7          29       204          10
    16      13         11          6          39       203          10
    17      1         11          7          15       235          10
    18      28         21          8          3       230          10
    19      23         1          10          4       244          10
    20      4         42          8          85       246          10
    21      24         24          6          7       235          10
    22      32         35          6          61       205          10
    23      4         10          9          105       242          10
    24      29         11          10          95       208          10
    25      0         39          9          113       236          10
