r566
VEHICLE
NUMBER     CAPACITY
  10         100

CUSTOMER
CUST NO.  XCOORD.   YCOORD.    DEMAND   READY TIME  DUE DATE   SERVICE   TIME

    0      25         25          0          0          250         0
    1      11         2          9          9       245          10
    2      33         14          7          37       206          10
    3      19         9          5          11       228          10
    4      48         35          9          85       200          10
    5      7         0          7          48       238          10
    6      28         44          10          114       210          10
    7      1         38          9          99       213          10
    8      0         48          5          5       236          10
    9      1         31          10          113       207          10
    10      13         28          9          103       210          10
    11      4         16          9          66       239          10
    12      2         35          5          6       212          10
    13      38         41          8          1       219          10
    14      43         41          5          50       202          10
    15      45         41          10          51       238          10
    16      34         49          6          53       212          10
    17      2         4          7          69       228          10
    18      20         35          6          49       208          10
    19      38         34          10          110       223          10
    20      38         10          9          107       212          10
    21      25         26          7          19       223          10
    22      47         16          9          54       249          10
    23      16         19          5          100       221          10
    24      18         46          6          49       200          10
    25      19         47          10          59       218          10
