r567
VEHICLE
NUMBER     CAPACITY
  10         100

CUSTOMER
CUST NO.  XCOORD.   YCOORD.    DEMAND   READY TIME  DUE DATE   SERVICE   TIME

    0      25         25          0          0          250         0
    1      6         44          9          62       217          10
    2      7         32          5          92       202          10
    3      42         11          7          38       212          10
    4      43         39          7          84       222          10
    5      40         4          6          109       204          10
    6      18         16          10          9       220          10
    7      50         36          9          66       227          10
    8      30         40          6          52       239          10
    9      25         7          6          74       216          10
    10      1         5          8          4       218          10
    11      40         16          5          31       209          10
    12      24         49          10          60       244          10
    13      22         49          5          117       208          10
    14      38         10          8          17       244          10
    15      38         20          8          87       204          10
    16      48         26          7          105       242          10
    17      12         12          7          111       234          10
    18      8         48          8          58       240          10
    19      16         8          5          21       232          10
    20      41         3          9          57       240          10
    21      13         19          5          89       200          10
    22      44         35          6          29       246          10
    23      34         25          9          23       221          10
    24      36         47          9          119       245          10
    25      50         39          6          56       211          10
