r568
VEHICLE
NUMBER     CAPACITY
  10         100

CUSTOMER
CUST NO.  XCOORD.   YCOORD.    DEMAND   READY TIME  DUE DATE   SERVICE   TIME

    0      25         25          0          0          250         0
    1      46         13          7          117       233          10
    2      48         27          10          115       220          10
    3      19         49          10          89       231          10
    4      23         19          9          17       234          10
    5      19         10          8          82       209          10
    6      11         26          9          43       214          10
    7      30         41          10          49       222          10
    8      12         8          5          40       242          10
    9      23         5          5          39       231          10
    10      25         49          9          18       205          10
    11      22         37          5          84       249          10
    12      10         1          9          57       218          10
    13      37         33          6          46       209          10
    14      29         9          8          17       234          10
    15      14         44          5          83       225          10
    16      20         6          10          34       239          10
    17      9         2          6          26       217          10
    18      17         39          5          3       234          10
    19      2         21          8          18       217          10
    20      50         25          5          69       219          10
    21      22         34          10          112       234          10
    22      13         2          6          101       200          10
    23      46         37          10          75       237          10
    24      3         34          8          4       230          10
    25      8         8          9          117       203          10
