r572
VEHICLE
NUMBER     CAPACITY
  10         100

CUSTOMER
CUST NO.  XCOORD.   YCOORD.    DEMAND   READY TIME  DUE DATE   SERVICE   TIME

    0      25         25          0          0          250         0
    1      5         49          7          114       250          10
    2      30         32          10          5       213          10
    3      44         4          5          21       242          10
    4      23         39          7          46       240          10
    5      42         32          8          14       241          10
    6      3         42          9          67       205          10
    7      13         10          6          59       201          10
    8      7         28          6          51       249          10
    9      22         19          10          52       211          10
    10      22         26          10          84       220          10
    11      18         45          9          43       214          10
    12      0         13          7          89       215          10
    13      29         30          9          41       226          10
    14      23         50          8          61       221          10
    15      12         24          5          21       206          10
    16      8         49          9          88       208          10
    17      4         15          5          110       231          10
    18      50         38          9          18       221          10
    19      28         6          10          120       246          10
    20      45         21          9          41       200          10
    21      26         31          6          109       247          10
    22      11         22          9          15       238          10
    23      46         11          5          2       213          10
    24      11         13          7          52       236          10
    25      23         44          6          32       211          10
