r573
VEHICLE
NUMBER     CAPACITY
  10         100

CUSTOMER
CUST NO.  XCOORD.   YCOORD.    DEMAND   READY TIME  DUE DATE   SERVICE   TIME

    0      25         25          0          0          250         0
    1      50         16          8          101       241          10
    2      21         7          6          35       234          10
    3      8         7          6          0       231          10
    4      48         18          7          111       243          10
    5      23         25          8          13       215          10
    6      13         47          7          39       233          10
    7      35         39          8          28       218          10
    8      34         39          9          32       233          10
    9      4         4          5          29       227          10
    10      9         24          5          51       235          10
    11      19         48          10          104       245          10
    12      5         16          10          57       231          10
    13      45         33          8          82       234          10
    14      7         15          6          27       220          10
    15      9         4          6          2       239          10
    16      37         21          7          48       209          10
    17      46         31          7          104       215          10
    18      8         0          10          79       212          10
    19      2         46          8          52       247          10
    20      29         9          7          38       248          10
    21      18         18          10          70       232          10
    22      30         20          6          41       248          10
    23      37         36          9          5       238          10
    24      1         13          8          21       240          10
    25      15         14          8          106       220          10
