r574
VEHICLE
NUMBER     CAPACITY
  10         100

CUSTOMER
CUST NO.  XCOORD.   YCOORD.    DEMAND   READY TIME  DUE DATE   SERVICE   TIME

    0      25         25          0          0          250         0
    1      39         14          9          36       220          10
    2      50         45          5          60       203          10
    3      44         4          7          88       245          10
    4      35         0          7          44       250          10
    5      35         23          9          89       250          10
    6      45         14          8          56       243          10
    7      4         38          6          77       225          10
    8      26         32          5          64       233          10
    9      2         38          7          110       244          10
    10      9         24          9          24       231          10
    11      33         42          10          105       205          10
    12      33         37          7          28       217          10
    13      39         25          6          119       239          10
    14      1         13          6          72       202          10
    15      11         24          8          82       250          10
    16      50         33          10          46       240          10
    17      41         13          10          31       245          10
    18      20         14          10          120       245          10
    19      40         25          7          15       241          10
    20      49         44          5          92       227          10
    21      46         15          10          76       238          10
    22      30         35          5          73       221          10
    23      19         7          9          107       202          10
    24      14         33          9          90       205          10
    25      21         16          10          118       247          10
