r575
VEHICLE
NUMBER     CAPACITY
  10         100

CUSTOMER
CUST NO.  XCOORD.   YCOORD.    DEMAND   READY TIME  DUE DATE   SERVICE   TIME

    0      25         25          0          0          250         0
    1      26         25          8          74       215          10
    2      27         6          6          42       202          10
    3      49         18          8          34       205          10
    4      19         49          10          54       242          10
    5      26         20          8          34       223          10
    6      18         27          10          56       231          10
    7      40         5          6          66       234          10
    8      45         12          8          101       225          10
    9      18         29          7          116       246          10
    10      0         7          9          117       226          10
    11      12         36          10          22       236          10
    12      12         15          10          71       250          10
    13      1         28          5          67       246          10
    14      12         14          9          105       238          10
    15      0         2          8          109       207          10
    16      17         23          9          102       245          10
    17      41         18          9          57       226          10
    18      21         16          10          74       227          10
    19      1         50          5          46       231          10
    20      11         22          8          28       248          10
    21      17         17          5          85       203          10
    22      45         14          6          19       222          10
    23      22         1          6          106       231          10
    24      11         31          5          75       214          10
    25      25         27          8          100       211          10
