r576
VEHICLE
NUMBER     CAPACITY
  10         100

CUSTOMER
CUST NO.  XCOORD.   YCOORD.    DEMAND   READY TIME  DUE DATE   SERVICE   TIME

    0      25         25          0          0          250         0
    1      17         35          5          108       214          10
    2      24         41          10          101       206          10
    3      13         25          6          38       239          10
    4      13         22          6          102       234          10
    5      5         46          10          40       227          10
    6      26         6          8          18       218          10
    7      28         11          10          118       249          10
    8      8         23          7          108       238          10
    9      14         18          7          88       232          10
    10      32         38          6          31       210          10
    11      39         15          10          20       231          10
    12      11         32          9          93       216          10
    13      18         33          9          84       209          10
    14      44         32          10          46       208          10
    15      46         23          6          107       219          10
    16      8         19          10          113       218          10
    17      28         24          8          29       204          10
    18      24         37          10          44       204          10
    19      20         6          9          73       202          10
    20      7         25          5          99       215          10
    21      17         49          5          65       226          10
    22      19         1          6          65       223          10
    23      29         28          10          78       205          10
    24      13         28          7          107       203          10
    25      29         44          5          66       231          10
