r580
VEHICLE
NUMBER     CAPACITY
  10         100

CUSTOMER
CUST NO.  XCOORD.   YCOORD.    DEMAND   READY TIME  DUE DATE   SERVICE   TIME

    0      25         25          0          0          250         0
    1      50         48          9          115       248          10
    2      11         31          8          4       218          10
    3      14         48          10          14       205          10
    4      44         31          10          12       214          10
    5      31         15          7          97       242          10
    6      35         25          5          29       227          10
    7      24         26          7          48       237          10
    8      25         41          6          27       233          10
    9      18         48          6          85       245          10
    10      26         5          10          94       235          10
    11      31         33          8          108       243          10
    12      27         44          6          77       243          10
    13      48         7          6          105       227          10
    14      8         17          9          14       230          10
    15      40         11          7          66       235          10
    16      15         5          9          32       228          10
    17      13         31          6          43       220          10
    18      25         26          10          7       205          10
    19      46         22          5          89       242          10
    20      32         43          8          6       224          10
    21      19         48          5          38       212          10
    22      40         1          7          27       210          10
    23      48         41          8          17       222          10
    24      28         42          10          50       235          10
    25      13         39          5          102       227          10
