r582
VEHICLE
NUMBER     CAPACITY
  10         100

CUSTOMER
CUST NO.  XCOORD.   YCOORD.    DEMAND   READY TIME  DUE DATE   SERVICE   TIME

    0      25         25          0          0          250         0
    1      22         15          7          31       215          10
    2      38         24          5          111       221          10
    3      10         17          8          51       221          10
    4      13         16          6          5       250          10
    5      1         16          10          83       242          10
    6      19         16          9          11       203          10
    7      49         43          5          100       211          10
    8      45         15          10          63       212          10
    9      14         14          5          4       202          10
    10      16         24          8          101       244          10
    11      37         46          8          53       232          10
    12      26         49          9          43       237          10
    13      27         2          7          69       220          10
    14      1         22          5          107       238          10
    15      46         31          8          42       201          10
    16      49         12          8          7       237          10
    17      45         44          5          97       241          10
    18      4         18          9          64       221          10
    19      31         21          8          35       232          10
    20      48         1          10          11       210          10
    21      20         42          8          107       216          10
    22      31         50          5          53       237          10
    23      1         22          10          36       219          10
    24      41         23          5          64       212          10
    25      5         48          9          47       228          10
