r583
VEHICLE
NUMBER     CAPACITY
  10         100

CUSTOMER
CUST NO.  XCOORD.   YCOORD.    DEMAND   READY TIME  DUE DATE   SERVICE   TIME

    0      25         25          0          0          250         0
    1      19         9          10          82       233          10
    2      17         3          9          20       230          10
    3      30         24          6          31       249          10
    4      9         5          10          63       215          10
    5      44         50          10          93       233          10
    6      32         39          10          60       204          10
    7      25         6          10          23       223          10
    8      10         36          8          102       212          10
    9      31         41          5          46       206          10
    10      32         36          5          55       225          10
    11      13         27          7          2       208          10
    12      34         18          9          110       219          10
    13      14         43          8          25       230          10
    14      41         44          5          84       246          10
    15      41         11          10          117       217          10
    16      26         15          8          63       215          10
    17      30         39          8          89       232          10
    18      38         32          10          110       234          10
    19      23         17          10          18       210          10
    20      6         39          9          105       247          10
    21      37         25          9          87       228          10
    22      41         31          10          90       235          10
    23      28         24          10          19       203          10
    24      17         10          6          53       238          10
    25      2         28          9          23       217          10
