r584
VEHICLE
NUMBER     CAPACITY
  10         100

CUSTOMER
CUST NO.  XCOORD.   YCOORD.    DEMAND   READY TIME  DUE DATE   SERVICE   TIME

    0      25         25          0          0          250         0
    1      11         19          7          41       227          10
    2      7         12          9          89       214          10
    3      12         24          5          12       201          10
    4      0         6          7          117       224          10
    5      36         48          9          74       245          10
    6      46         45          8          68       230          10
    7      25         26          5          97       213          10
    8      50         35          10          93       230          10
    9      48         39          6          92       232          10
    10      35         46          6          44       247          10
    11      7         35          9          30       216          10
    12      12         34          9          57       212          10
    13      28         25          5          97       248          10
    14      7         31          10          75       209          10
    15      44         50          9          67       239          10
    16      31         12          5          73       250          10
    17      13         45          10          103       244          10
    18      23         15          6          113       234          10
    19      4         40          9          10       243          10
    20      46         23          8          14       224          10
    21      2         24          8          87       241          10
    22      8         10          6          93       229          10
    23      28         40          10          91       245          10
    24      1         46          6          61       246          10
    25      9         41          9          0       227          10
