r586
VEHICLE
NUMBER     CAPACITY
  10         100

CUSTOMER
CUST NO.  XCOORD.   YCOORD.    DEMAND   READY TIME  DUE DATE   SERVICE   TIME

    0      25         25          0          0          250         0
    1      49         3          5          33       250          10
    2      10         14          8          46       216          10
    3      34         31          10          57       212          10
    4      7         3          5          92       214          10
    5      34         24          6          10       239          10
    6      28         27          5          112       236          10
    7      47         24          7          83       209          10
    8      49         38          10          62       206          10
    9      48         4          8          91       201          10
    10      3         40          6          38       231          10
    11      41         14          6          5       215          10
    12      18         1          6          82       206          10
    13      43         34          10          23       249          10
    14      30         4          6          36       250          10
    15      48         10          6          24       234          10
    16      26         5          10          21       215          10
    17      40         21          8          109       218          10
    18      21         6          8          114       212          10
    19      13         38          5          58       208          10
    20      9         26          7          24       217          10
    21      18         10          10          7       224          10
    22      50         35          10          55       248          10
    23      9         23          6          88       232          10
    24      30         37          10          6       229          10
    25      9         20          10          15       221          10
