r588
VEHICLE
NUMBER     CAPACITY
  10         100

CUSTOMER
CUST NO.  XCOORD.   YCOORD.    DEMAND   READY TIME  DUE DATE   SERVICE   TIME

    0      25         25          0          0          250         0
    1      46         50          7          57       216          10
    2      44         1          7          95       236          10
    3      16         4          6          22       228          10
    4      40         39          5          4       240          10
    5      21         48          5          17       232          10
    6      35         8          6          98       213          10
    7      12         3          5          17       249          10
    8      22         17          10          111       238          10
    9      17         24          7          103       249          10
    10      23         30          8          4       241          10
    11      39         11          5          24       239          10
    12      30         39          9          104       215          10
    13      47         47          9          44       222          10
    14      8         23          7          86       216          10
    15      40         1          10          50       214          10
    16      34         23          7          71       214          10
    17      32         29          5          34       230          10
    18      43         33          7          36       240          10
    19      14         29          8          53       202          10
    20      44         18          7          87       201          10
    21      21         38          5          9       209          10
    22      3         3          10          115       212          10
    23      0         33          10          95       214          10
    24      37         1          9          35       223          10
    25      11         21          8          20       208          10
