r591
VEHICLE
NUMBER     CAPACITY
  10         100

CUSTOMER
CUST NO.  XCOORD.   YCOORD.    DEMAND   READY TIME  DUE DATE   SERVICE   TIME

    0      25         25          0          0          250         0
    1      29         27          8          59       244          10
    2      21         29          8          15       237          10
    3      29         0          7          63       207          10
    4      5         47          7          17       223          10
    5      6         3          8          104       234          10
    6      21         7          7          88       222          10
    7      12         0          7          45       203          10
    8      27         22          10          71       212          10
    9      9         21          5          12       223          10
    10      10         0          6          96       230          10
    11      13         50          10          69       225          10
    12      45         38          7          72       231          10
    13      12         16          9          21       208          10
    14      29         15          10          91       241          10
    15      8         24          5          70       211          10
    16      20         15          6          77       200          10
    17      1         16          7          102       239          10
    18      34         3          6          4       208          10
    19      11         27          5          96       214          10
    20      28         43          7          58       225          10
    21      21         5          6          37       203          10
    22      35         22          9          37       201          10
    23      41         47          8          86       231          10
    24      16         25          10          101       226          10
    25      24         26          8          61       223          10
