r594
VEHICLE
NUMBER     CAPACITY
  10         100

CUSTOMER
CUST NO.  XCOORD.   YCOORD.    DEMAND   READY TIME  DUE DATE   SERVICE   TIME

    0      25         25          0          0          250         0
    1      40         34          8          99       206          10
    2      36         25          10          19       204          10
    3      38         39          5          109       234          10
    4      26         22          6          16       202          10
    5      34         27          7          98       229          10
    6      11         33          10          80       239          10
    7      44         14          9          52       248          10
    8      22         8          10          54       207          10
    9      21         19          5          44       235          10
    10      33         42          9          19       236          10
    11      2         22          5          106       226          10
    12      0         10          7          1       224          10
    13      20         29          6          112       239          10
    14      35         39          5          63       213          10
    15      10         13          7          26       216          10
    16      30         3          8          107       206          10
    17      25         9          5          32       201          10
    18      2         10          10          59       206          10
    19      24         16          6          15       223          10
    20      20         7          5          7       228          10
    21      1         5          8          13       242          10
    22      46         22          5          106       205          10
    23      24         50          10          53       229          10
    24      44         35          7          41       226          10
    25      13         34          5          82       219          10
