r598
VEHICLE
NUMBER     CAPACITY
  10         100

CUSTOMER
CUST NO.  XCOORD.   YCOORD.    DEMAND   READY TIME  DUE DATE   SERVICE   TIME

    0      25         25          0          0          250         0
    1      43         12          7          93       208          10
    2      23         36          6          62       249          10
    3      50         5          5          65       215          10
    4      6         43          7          98       216          10
    5      43         21          6          84       244          10
    6      47         28          9          105       229          10
    7      7         49          8          39       201          10
    8      8         29          8          45       229          10
    9      26         4          8          28       208          10
    10      21         37          9          112       223          10
    11      4         4          10          109       236          10
    12      30         13          9          76       203          10
    13      37         47          5          96       242          10
    14      5         9          7          106       227          10
    15      41         10          6          85       202          10
    16      8         22          7          46       232          10
    17      30         4          9          31       246          10
    18      26         25          8          54       213          10
    19      34         38          5          28       218          10
    20      28         43          8          43       247          10
    21      47         26          9          92       220          10
    22      50         46          6          11       200          10
    23      35         20          9          42       213          10
    24      2         5          5          16       243          10
    25      37         31          5          63       214          10
