r599
VEHICLE
NUMBER     CAPACITY
  10         100

CUSTOMER
CUST NO.  XCOORD.   YCOORD.    DEMAND   READY TIME  DUE DATE   SERVICE   TIME

    0      25         25          0          0          250         0
    1      32         40          8          61       229          10
    2      9         1          8          8       219          10
    3      7         15          8          109       214          10
    4      25         29          9          118       231          10
    5      19         49          10          99       231          10
    6      28         38          10          43       246          10
    7      19         22          7          26       234          10
    8      2         4          8          32       246          10
    9      38         46          6          68       244          10
    10      17         13          7          5       220          10
    11      19         45          7          6       249          10
    12      40         11          6          34       213          10
    13      45         40          6          96       210          10
    14      33         28          10          103       209          10
    15      17         24          7          91       223          10
    16      37         17          7          69       233          10
    17      18         3          5          50       237          10
    18      25         21          9          103       243          10
    19      16         17          5          69       203          10
    20      16         12          9          35       219          10
    21      20         6          5          70       239          10
    22      0         33          5          111       205          10
    23      6         14          6          69       241          10
    24      9         42          9          67       220          10
    25      15         48          7          102       228          10
