r600
VEHICLE
NUMBER     CAPACITY
  10         100

CUSTOMER
CUST NO.  XCOORD.   YCOORD.    DEMAND   READY TIME  DUE DATE   SERVICE   TIME

    0      25         25          0          0          250         0
    1      43         35          9          68       210          10
    2      3         26          5          87       216          10
    3      0         33          6          53       205          10
    4      39         9          7          98       211          10
    5      42         34          8          49       221          10
    6      32         1          6          33       229          10
    7      45         3          6          41       221          10
    8      47         4          6          46       246          10
    9      34         31          8          10       236          10
    10      18         0          7          71       210          10
    11      41         5          5          77       215          10
    12      16         23          5          58       217          10
    13      13         34          8          3       228          10
    14      42         35          8          55       242          10
    15      10         48          6          14       209          10
    16      40         15          5          105       217          10
    17      49         25          9          50       230          10
    18      35         47          8          51       202          10
    19      50         16          10          42       210          10
    20      44         19          6          36       229          10
    21      46         47          10          26       240          10
    22      12         38          9          33       205          10
    23      6         13          10          94       248          10
    24      21         2          5          47       229          10
    25      9         47          5          44       223          10
