r601
VEHICLE
NUMBER     CAPACITY
  10         100

CUSTOMER
CUST NO.  XCOORD.   YCOORD.    DEMAND   READY TIME  DUE DATE   SERVICE   TIME

    0      25         25          0          0          250         0
    1      47         29          6          77       202          10
    2      26         11          7          86       232          10
    3      50         26          10          3       224          10
    4      5         7          7          78       227          10
    5      21         42          5          49       246          10
    6      20         3          6          99       209          10
    7      48         44          10          103       202          10
    8      17         16          6          87       210          10
    9      5         5          7          91       231          10
    10      50         20          5          40       228          10
    11      49         18          5          31       246          10
    12      15         38          10          11       201          10
    13      6         45          6          119       205          10
    14      42         24          6          70       220          10
    15      42         10          8          55       233          10
    16      24         7          7          37       237          10
    17      38         44          9          26       217          10
    18      8         41          7          34       222          10
    19      8         35          10          19       202          10
    20      32         19          8          61       245          10
    21      34         11          7          115       211          10
    22      21         45          6          81       226          10
    23      45         33          9          102       215          10
    24      7         30          6          33       212          10
    25      18         35          8          54       248          10
