r603
VEHICLE
NUMBER     CAPACITY
  10         100

CUSTOMER
CUST NO.  XCOORD.   YCOORD.    DEMAND   READY TIME  DUE DATE   SERVICE   TIME

    0      25         25          0          0          250         0
    1      38         6          8          19       216          10
    2      26         23          8          28       202          10
    3      11         9          8          119       229          10
    4      1         12          6          75       206          10
    5      50         48          8          20       231          10
    6      46         48          8          19       213          10
    7      21         43          5          54       225          10
    8      41         13          7          13       228          10
    9      29         5          5          44       242          10
    10      9         20          5          17       227          10
    11      46         46          9          12       225          10
    12      20         7          10          91       209          10
    13      35         37          9          76       222          10
    14      4         4          9          50       230          10
    15      21         29          8          38       230          10
    16      11         16          9          38       221          10
    17      21         18          8          97       232          10
    18      12         34          5          108       217          10
    19      45         35          5          79       202          10
    20      43         1          7          94       237          10
    21      17         30          8          69       234          10
    22      8         46          5          96       228          10
    23      32         34          8          91       250          10
    24      49         32          9          109       248          10
    25      17         45          9          95       202          10
