r604
VEHICLE
NUMBER     CAPACITY
  10         100

CUSTOMER
CUST NO.  XCOORD.   YCOORD.    DEMAND   READY TIME  DUE DATE   SERVICE   TIME

    0      25         25          0          0          250         0
    1      49         49          5          35       205          10
    2      7         24          5          92       208          10
    3      8         15          7          46       215          10
    4      43         18          8          50       213          10
    5      28         4          5          11       232          10
    6      4         7          10          58       216          10
    7      1         26          10          39       220          10
    8      26         46          10          61       204          10
    9      21         0          9          77       231          10
    10      50         41          6          86       235          10
    11      13         35          7          54       247          10
    12      15         50          5          12       212          10
    13      37         17          7          22       229          10
    14      38         49          10          86       246          10
    15      38         39          5          24       202          10
    16      45         6          9          70       219          10
    17      49         48          8          87       248          10
    18      43         26          6          41       218          10
    19      50         31          5          114       248          10
    20      37         41          6          101       218          10
    21      20         26          10          13       229          10
    22      12         38          7          106       207          10
    23      4         50          10          50       216          10
    24      10         18          9          51       208          10
    25      33         9          5          68       214          10
