r609
VEHICLE
NUMBER     CAPACITY
  10         100

CUSTOMER
CUST NO.  XCOORD.   YCOORD.    DEMAND   READY TIME  DUE DATE   SERVICE   TIME

    0      25         25          0          0          250         0
    1      45         3          9          52       200          10
    2      38         6          5          80       232          10
    3      9         30          7          24       243          10
    4      7         14          8          27       217          10
    5      20         17          6          90       217          10
    6      49         5          9          21       243          10
    7      41         15          5          111       200          10
    8      35         23          5          31       218          10
    9      30         32          9          76       231          10
    10      45         12          5          116       227          10
    11      43         38          5          45       230          10
    12      38         2          8          117       215          10
    13      28         14          9          99       207          10
    14      4         46          10          110       244          10
    15      2         43          9          38       202          10
    16      12         20          7          102       241          10
    17      34         15          8          115       233          10
    18      20         27          8          31       243          10
    19      27         6          8          68       234          10
    20      40         8          6          110       217          10
    21      44         28          8          58       208          10
    22      18         45          5          81       227          10
    23      10         20          7          53       248          10
    24      31         48          5          103       231          10
    25      17         9          8          69       242          10
