r610
VEHICLE
NUMBER     CAPACITY
  10         100

CUSTOMER
CUST NO.  XCOORD.   YCOORD.    DEMAND   READY TIME  DUE DATE   SERVICE   TIME

    0      25         25          0          0          250         0
    1      46         45          7          23       229          10
    2      6         24          6          77       234          10
    3      44         25          9          4       221          10
    4      28         42          8          54       222          10
    5      0         13          7          36       207          10
    6      14         28          10          36       212          10
    7      39         9          5          82       212          10
    8      23         39          7          68       233          10
    9      14         7          5          87       227          10
    10      39         49          6          75       215          10
    11      43         14          5          19       228          10
    12      43         3          6          97       203          10
    13      37         45          10          63       230          10
    14      19         35          6          82       225          10
    15      10         23          10          31       241          10
    16      2         42          10          106       212          10
    17      20         28          5          53       202          10
    18      6         31          7          97       228          10
    19      14         7          8          45       234          10
    20      12         16          8          116       234          10
    21      21         0          9          2       234          10
    22      37         16          10          81       228          10
    23      41         0          6          92       223          10
    24      45         40          8          78       210          10
    25      39         12          6          75       237          10
