r611
VEHICLE
NUMBER     CAPACITY
  10         100

CUSTOMER
CUST NO.  XCOORD.   YCOORD.    DEMAND   READY TIME  DUE DATE   SERVICE   TIME

    0      25         25          0          0          250         0
    1      10         3          9          24       200          10
    2      29         0          8          3       245          10
    3      19         1          6          78       225          10
    4      4         16          6          61       227          10
    5      8         28          7          58       249          10
    6      42         38          7          62       203          10
    7      13         3          10          102       203          10
    8      6         25          10          89       200          10
    9      1         21          6          28       204          10
    10      37         35          6          35       210          10
    11      3         17          7          93       225          10
    12      31         37          9          57       234          10
    13      6         33          7          18       229          10
    14      44         45          7          81       215          10
    15      38         3          9          24       209          10
    16      24         46          6          82       201          10
    17      25         11          6          29       224          10
    18      12         20          10          57       237          10
    19      30         12          6          21       239          10
    20      23         15          5          100       241          10
    21      39         36          9          33       212          10
    22      1         24          7          57       218          10
    23      7         34          10          5       250          10
    24      18         27          5          60       250          10
    25      47         0          7          44       238          10
