r613
VEHICLE
NUMBER     CAPACITY
  10         100

CUSTOMER
CUST NO.  XCOORD.   YCOORD.    DEMAND   READY TIME  DUE DATE   SERVICE   TIME

    0      25         25          0          0          250         0
    1      16         27          6          57       235          10
    2      21         42          9          22       242          10
    3      10         7          6          111       235          10
    4      48         16          9          81       249          10
    5      16         21          7          66       226          10
    6      1         11          5          36       215          10
    7      25         42          9          59       238          10
    8      12         7          6          90       223          10
    9      8         7          7          23       230          10
    10      45         30          9          27       227          10
    11      30         42          8          58       223          10
    12      28         28          9          110       205          10
    13      7         21          8          15       225          10
    14      47         11          8          57       239          10
    15      3         49          6          49       232          10
    16      39         50          7          83       231          10
    17      25         4          9          11       249          10
    18      7         10          5          72       210          10
    19      5         21          10          57       227          10
    20      38         15          6          109       218          10
    21      11         24          5          21       244          10
    22      48         45          10          115       200          10
    23      47         23          7          29       216          10
    24      7         14          9          25       200          10
    25      0         36          9          57       245          10
