r614
VEHICLE
NUMBER     CAPACITY
  10         100

CUSTOMER
CUST NO.  XCOORD.   YCOORD.    DEMAND   READY TIME  DUE DATE   SERVICE   TIME

    0      25         25          0          0          250         0
    1      49         10          8          51       236          10
    2      11         21          7          83       242          10
    3      40         4          7          101       233          10
    4      29         26          5          88       229          10
    5      47         22          7          45       239          10
    6      40         21          6          83       224          10
    7      3         49          5          69       210          10
    8      24         46          9          11       250          10
    9      24         11          10          57       209          10
    10      10         11          8          103       200          10
    11      3         18          9          104       205          10
    12      35         7          9          62       208          10
    13      3         34          10          24       218          10
    14      13         20          8          77       202          10
    15      40         45          9          10       210          10
    16      25         36          9          22       233          10
    17      32         6          7          102       242          10
    18      24         27          10          53       235          10
    19      22         27          9          98       214          10
    20      33         32          6          79       222          10
    21      18         50          8          47       206          10
    22      21         44          8          62       224          10
    23      27         5          5          63       225          10
    24      22         31          6          21       235          10
    25      17         48          6          7       243          10
