r616
VEHICLE
NUMBER     CAPACITY
  10         100

CUSTOMER
CUST NO.  XCOORD.   YCOORD.    DEMAND   READY TIME  DUE DATE   SERVICE   TIME

    0      25         25          0          0          250         0
    1      10         32          10          108       227          10
    2      1         46          6          49       235          10
    3      39         7          7          105       250          10
    4      18         39          7          112       236          10
    5      0         29          8          19       206          10
    6      27         1          9          67       220          10
    7      24         29          5          116       201          10
    8      41         46          5          0       218          10
    9      19         11          5          7       207          10
    10      29         32          5          36       237          10
    11      28         35          5          90       211          10
    12      0         37          7          93       240          10
    13      19         15          8          26       241          10
    14      27         4          5          86       203          10
    15      13         33          7          99       206          10
    16      34         44          6          80       208          10
    17      9         10          10          49       231          10
    18      48         13          6          77       236          10
    19      7         4          9          38       231          10
    20      40         39          9          37       225          10
    21      2         43          9          101       226          10
    22      24         50          7          7       204          10
    23      0         19          6          21       239          10
    24      4         0          10          71       233          10
    25      11         13          9          96       247          10
