r619
VEHICLE
NUMBER     CAPACITY
  10         100

CUSTOMER
CUST NO.  XCOORD.   YCOORD.    DEMAND   READY TIME  DUE DATE   SERVICE   TIME

    0      25         25          0          0          250         0
    1      44         13          7          67       216          10
    2      16         9          8          57       244          10
    3      17         21          8          62       236          10
    4      36         49          9          64       235          10
    5      11         35          6          117       248          10
    6      50         11          7          23       238          10
    7      18         42          5          90       200          10
    8      7         17          9          67       239          10
    9      42         31          10          109       240          10
    10      39         20          9          15       220          10
    11      3         13          10          94       246          10
    12      6         40          9          27       227          10
    13      44         40          10          69       212          10
    14      44         37          8          105       221          10
    15      3         43          6          88       224          10
    16      14         22          9          103       224          10
    17      14         11          10          2       212          10
    18      23         46          9          58       210          10
    19      26         18          6          38       205          10
    20      10         22          8          26       212          10
    21      29         21          10          19       206          10
    22      26         23          9          109       205          10
    23      36         26          9          60       233          10
    24      44         14          7          75       235          10
    25      39         28          6          62       243          10
