r620
VEHICLE
NUMBER     CAPACITY
  10         100

CUSTOMER
CUST NO.  XCOORD.   YCOORD.    DEMAND   READY TIME  DUE DATE   SERVICE   TIME

    0      25         25          0          0          250         0
    1      21         50          5          109       221          10
    2      44         18          10          46       204          10
    3      36         39          8          11       240          10
    4      44         16          6          102       231          10
    5      1         37          6          70       237          10
    6      36         44          5          36       219          10
    7      27         36          9          89       247          10
    8      21         29          9          91       244          10
    9      46         31          7          39       219          10
    10      5         34          7          58       226          10
    11      36         41          6          11       200          10
    12      26         50          7          92       247          10
    13      12         44          6          25       250          10
    14      18         37          5          54       218          10
    15      20         23          7          28       250          10
    16      48         30          7          80       220          10
    17      29         29          8          39       232          10
    18      23         48          8          87       239          10
    19      5         33          5          78       214          10
    20      3         33          6          120       241          10
    21      22         22          9          37       245          10
    22      36         7          8          34       205          10
    23      1         5          9          88       213          10
    24      48         23          7          82       200          10
    25      48         24          10          33       246          10
