r622
VEHICLE
NUMBER     CAPACITY
  10         100

CUSTOMER
CUST NO.  XCOORD.   YCOORD.    DEMAND   READY TIME  DUE DATE   SERVICE   TIME

    0      25         25          0          0          250         0
    1      15         37          6          71       203          10
    2      39         35          10          70       228          10
    3      5         1          6          1       248          10
    4      46         38          5          89       221          10
    5      7         5          7          39       202          10
    6      24         9          5          62       211          10
    7      8         6          9          117       230          10
    8      30         22          5          9       236          10
    9      17         42          8          54       218          10
    10      31         49          8          91       224          10
    11      11         24          9          28       238          10
    12      10         48          10          51       210          10
    13      17         13          7          5       235          10
    14      40         18          8          91       215          10
    15      25         50          6          80       218          10
    16      44         43          9          58       242          10
    17      23         29          10          109       200          10
    18      19         17          9          74       225          10
    19      46         7          9          42       246          10
    20      18         3          6          81       232          10
    21      19         49          10          103       232          10
    22      50         32          5          91       213          10
    23      2         22          6          44       227          10
    24      49         30          5          88       224          10
    25      33         37          10          58       200          10
