r624
VEHICLE
NUMBER     CAPACITY
  10         100

CUSTOMER
CUST NO.  XCOORD.   YCOORD.    DEMAND   READY TIME  DUE DATE   SERVICE   TIME

    0      25         25          0          0          250         0
    1      5         44          9          30       231          10
    2      40         39          7          77       233          10
    3      21         32          6          93       212          10
    4      3         1          7          111       215          10
    5      0         0          6          104       240          10
    6      15         48          5          50       223          10
    7      4         40          6          60       226          10
    8      11         41          7          100       246          10
    9      18         7          7          107       208          10
    10      46         29          8          17       241          10
    11      45         35          10          114       237          10
    12      35         50          9          64       238          10
    13      36         18          8          89       222          10
    14      5         0          6          29       219          10
    15      18         44          8          31       217          10
    16      32         1          9          109       213          10
    17      19         20          8          5       209          10
    18      6         10          6          12       223          10
    19      31         17          8          29       206          10
    20      48         50          10          83       220          10
    21      33         14          10          57       231          10
    22      39         6          5          92       223          10
    23      2         45          9          34       207          10
    24      35         49          10          28       250          10
    25      19         5          10          111       225          10
