r627
VEHICLE
NUMBER     CAPACITY
  10         100

CUSTOMER
CUST NO.  XCOORD.   YCOORD.    DEMAND   READY TIME  DUE DATE   SERVICE   TIME

    0      25         25          0          0          250         0
    1      38         26          8          53       246          10
    2      6         21          9          116       215          10
    3      47         25          7          26       236          10
    4      48         6          6          32       226          10
    5      8         23          7          44       250          10
    6      4         22          8          106       242          10
    7      50         43          6          51       241          10
    8      28         40          5          94       227          10
    9      43         39          9          38       204          10
    10      40         10          10          48       201          10
    11      9         19          5          19       217          10
    12      34         24          10          40       238          10
    13      48         45          7          116       239          10
    14      31         0          7          17       218          10
    15      37         45          8          69       225          10
    16      46         7          5          87       200          10
    17      0         14          5          30       235          10
    18      2         6          8          3       250          10
    19      3         5          6          119       245          10
    20      35         2          5          11       250          10
    21      24         0          8          28       225          10
    22      19         12          5          32       213          10
    23      39         37          10          11       233          10
    24      42         15          8          31       232          10
    25      7         44          8          99       220          10
