r631
VEHICLE
NUMBER     CAPACITY
  10         100

CUSTOMER
CUST NO.  XCOORD.   YCOORD.    DEMAND   READY TIME  DUE DATE   SERVICE   TIME

    0      25         25          0          0          250         0
    1      40         7          6          110       205          10
    2      6         20          10          72       207          10
    3      2         2          5          41       244          10
    4      37         5          10          74       237          10
    5      14         35          10          33       245          10
    6      0         0          7          77       249          10
    7      47         26          8          50       223          10
    8      23         26          6          6       246          10
    9      45         20          10          33       229          10
    10      40         10          10          98       239          10
    11      0         37          7          92       208          10
    12      42         9          9          52       233          10
    13      29         10          10          4       209          10
    14      32         8          8          30       207          10
    15      38         25          7          87       223          10
    16      17         1          9          14       226          10
    17      1         28          10          36       204          10
    18      44         43          8          90       220          10
    19      13         7          8          61       222          10
    20      7         32          7          59       207          10
    21      49         45          10          68       223          10
    22      4         11          7          5       207          10
    23      6         14          5          57       226          10
    24      31         14          9          22       241          10
    25      48         50          9          7       240          10
