r633
VEHICLE
NUMBER     CAPACITY
  10         100

CUSTOMER
CUST NO.  XCOORD.   YCOORD.    DEMAND   READY TIME  DUE DATE   SERVICE   TIME

    0      25         25          0          0          250         0
    1      13         20          9          49       216          10
    2      8         50          6          111       207          10
    3      12         29          5          92       232          10
    4      24         47          6          93       228          10
    5      36         10          8          33       206          10
    6      21         12          7          2       227          10
    7      25         30          10          48       233          10
    8      0         17          9          36       232          10
    9      45         35          7          65       249          10
    10      36         23          8          114       205          10
    11      1         9          7          105       231          10
    12      46         7          6          58       206          10
    13      12         35          5          101       221          10
    14      43         7          10          17       237          10
    15      36         0          5          97       246          10
    16      5         12          8          88       217          10
    17      18         35          8          71       222          10
    18      49         7          5          74       209          10
    19      30         16          6          71       240          10
    20      43         39          5          115       212          10
    21      2         30          10          119       210          10
    22      10         32          9          62       232          10
    23      36         34          7          10       234          10
    24      29         42          10          62       216          10
    25      45         24          5          17       230          10
