r635
VEHICLE
NUMBER     CAPACITY
  10         100

CUSTOMER
CUST NO.  XCOORD.   YCOORD.    DEMAND   READY TIME  DUE DATE   SERVICE   TIME

    0      25         25          0          0          250         0
    1      45         14          8          89       235          10
    2      31         40          5          22       234          10
    3      49         40          6          83       231          10
    4      0         31          5          57       245          10
    5      3         17          7          84       245          10
    6      27         44          9          32       232          10
    7      21         10          9          46       230          10
    8      43         39          6          109       211          10
    9      48         4          10          102       210          10
    10      9         38          6          62       206          10
    11      2         46          7          6       203          10
    12      15         33          5          37       204          10
    13      35         42          7          29       244          10
    14      13         11          6          79       227          10
    15      2         21          10          109       223          10
    16      21         6          9          40       248          10
    17      36         3          9          0       224          10
    18      25         19          8          45       229          10
    19      49         31          6          42       225          10
    20      45         1          10          81       249          10
    21      17         11          8          43       204          10
    22      14         19          10          40       222          10
    23      35         34          10          0       235          10
    24      27         15          5          92       239          10
    25      2         28          9          63       207          10
