r636
VEHICLE
NUMBER     CAPACITY
  10         100

CUSTOMER
CUST NO.  XCOORD.   YCOORD.    DEMAND   READY TIME  DUE DATE   SERVICE   TIME

    0      25         25          0          0          250         0
    1      7         30          7          29       221          10
    2      26         5          6          81       249          10
    3      20         12          5          57       217          10
    4      28         8          9          101       231          10
    5      49         40          7          1       206          10
    6      24         8          7          75       227          10
    7      49         37          8          99       219          10
    8      38         39          7          99       242          10
    9      10         46          5          0       220          10
    10      34         43          6          118       209          10
    11      38         41          10          113       200          10
    12      3         6          5          109       208          10
    13      11         10          7          35       231          10
    14      4         29          5          103       227          10
    15      10         36          5          103       235          10
    16      49         46          8          97       227          10
    17      29         1          9          99       227          10
    18      15         24          6          6       213          10
    19      3         35          10          113       242          10
    20      1         34          10          38       216          10
    21      31         29          5          85       214          10
    22      30         1          8          39       242          10
    23      24         0          7          70       228          10
    24      22         35          7          3       240          10
    25      50         43          5          7       216          10
