r637
VEHICLE
NUMBER     CAPACITY
  10         100

CUSTOMER
CUST NO.  XCOORD.   YCOORD.    DEMAND   READY TIME  DUE DATE   SERVICE   TIME

    0      25         25          0          0          250         0
    1      49         16          5          105       231          10
    2      20         22          9          28       217          10
    3      26         37          7          81       212          10
    4      41         10          8          7       249          10
    5      22         19          8          65       247          10
    6      46         5          7          115       232          10
    7      9         20          10          13       207          10
    8      38         14          10          84       228          10
    9      50         39          9          69       207          10
    10      13         30          6          18       208          10
    11      39         49          6          8       247          10
    12      22         29          6          12       202          10
    13      46         42          6          114       238          10
    14      23         30          9          46       239          10
    15      16         13          8          64       201          10
    16      22         16          10          54       243          10
    17      31         49          10          29       202          10
    18      13         14          10          49       227          10
    19      39         37          6          30       214          10
    20      8         4          9          61       232          10
    21      32         6          7          33       220          10
    22      31         6          5          70       249          10
    23      20         2          5          7       216          10
    24      29         42          10          20       215          10
    25      24         26          5          19       219          10
