r639
VEHICLE
NUMBER     CAPACITY
  10         100

CUSTOMER
CUST NO.  XCOORD.   YCOORD.    DEMAND   READY TIME  DUE DATE   SERVICE   TIME

    0      25         25          0          0          250         0
    1      22         15          10          79       246          10
    2      16         35          7          52       247          10
    3      11         20          10          18       210          10
    4      24         24          9          39       205          10
    5      42         38          7          5       216          10
    6      40         42          10          3       220          10
    7      4         26          8          14       220          10
    8      26         24          8          107       223          10
    9      6         34          6          21       233          10
    10      23         50          6          35       213          10
    11      17         27          8          89       230          10
    12      15         7          10          28       218          10
    13      42         0          10          75       208          10
    14      7         42          6          70       235          10
    15      41         25          6          3       228          10
    16      14         46          9          5       235          10
    17      40         13          10          81       230          10
    18      23         32          5          109       247          10
    19      14         38          9          12       207          10
    20      10         3          8          38       238          10
    21      15         49          8          48       206          10
    22      45         23          6          10       217          10
    23      15         50          10          70       241          10
    24      18         28          9          17       210          10
    25      19         1          6          4       244          10
