r640
VEHICLE
NUMBER     CAPACITY
  10         100

CUSTOMER
CUST NO.  XCOORD.   YCOORD.    DEMAND   READY TIME  DUE DATE   SERVICE   TIME

    0      25         25          0          0          250         0
    1      32         26          7          33       227          10
    2      30         8          7          1       240          10
    3      48         40          5          12       215          10
    4      12         48          7          38       220          10
    5      27         12          7          48       245          10
    6      34         14          5          58       241          10
    7      41         10          9          58       243          10
    8      2         2          8          14       203          10
    9      25         47          9          52       210          10
    10      1         32          8          59       207          10
    11      45         48          7          92       249          10
    12      49         36          9          29       248          10
    13      0         39          7          33       204          10
    14      7         33          5          103       247          10
    15      32         50          8          48       222          10
    16      7         23          9          69       212          10
    17      17         23          7          110       250          10
    18      47         5          7          102       244          10
    19      26         43          9          81       226          10
    20      31         11          8          20       238          10
    21      28         11          9          86       247          10
    22      27         0          5          78       239          10
    23      29         10          7          72       218          10
    24      24         10          10          93       209          10
    25      45         42          9          4       224          10
