r641
VEHICLE
NUMBER     CAPACITY
  10         100

CUSTOMER
CUST NO.  XCOORD.   YCOORD.    DEMAND   READY TIME  DUE DATE   SERVICE   TIME

    0      25         25          0          0          250         0
    1      19         13          5          71       241          10
    2      1         49          9          86       238          10
    3      42         2          5          88       223          10
    4      3         20          6          40       241          10
    5      16         32          9          19       221          10
    6      43         25          9          97       242          10
    7      26         28          9          71       208          10
    8      7         18          5          18       209          10
    9      17         18          7          97       217          10
    10      46         44          6          5       227          10
    11      9         19          7          62       247          10
    12      50         36          6          19       237          10
    13      49         48          9          95       237          10
    14      20         46          7          89       242          10
    15      4         25          5          64       219          10
    16      45         23          8          56       207          10
    17      50         21          5          14       226          10
    18      9         40          5          74       230          10
    19      4         21          9          95       209          10
    20      25         4          7          58       226          10
    21      27         11          9          85       218          10
    22      38         25          6          51       226          10
    23      10         9          7          39       217          10
    24      29         9          9          58       202          10
    25      20         44          5          20       209          10
