r643
VEHICLE
NUMBER     CAPACITY
  10         100

CUSTOMER
CUST NO.  XCOORD.   YCOORD.    DEMAND   READY TIME  DUE DATE   SERVICE   TIME

    0      25         25          0          0          250         0
    1      46         17          10          19       221          10
    2      32         38          9          39       234          10
    3      16         20          9          14       220          10
    4      37         41          10          26       240          10
    5      12         25          5          90       221          10
    6      50         24          8          54       223          10
    7      0         14          8          32       221          10
    8      18         26          10          112       234          10
    9      48         32          8          9       231          10
    10      21         4          9          37       241          10
    11      30         4          6          61       235          10
    12      40         13          5          103       238          10
    13      11         32          10          56       230          10
    14      33         11          6          90       235          10
    15      26         4          9          14       238          10
    16      3         49          7          17       249          10
    17      0         44          6          114       246          10
    18      24         21          5          70       237          10
    19      31         24          10          19       243          10
    20      4         8          7          21       234          10
    21      44         13          7          114       210          10
    22      38         38          7          48       229          10
    23      22         12          10          37       239          10
    24      49         16          8          30       220          10
    25      11         44          5          68       224          10
