r645
VEHICLE
NUMBER     CAPACITY
  10         100

CUSTOMER
CUST NO.  XCOORD.   YCOORD.    DEMAND   READY TIME  DUE DATE   SERVICE   TIME

    0      25         25          0          0          250         0
    1      1         42          8          66       248          10
    2      24         17          9          81       218          10
    3      24         35          8          27       247          10
    4      17         4          6          77       240          10
    5      38         42          8          27       236          10
    6      42         0          10          63       214          10
    7      41         10          5          72       233          10
    8      7         1          5          2       250          10
    9      7         20          6          107       238          10
    10      10         11          10          62       224          10
    11      27         32          6          5       226          10
    12      12         0          10          24       216          10
    13      3         9          7          4       242          10
    14      44         3          7          44       220          10
    15      2         6          8          73       229          10
    16      6         9          10          83       201          10
    17      17         26          5          61       249          10
    18      45         17          8          120       223          10
    19      2         2          6          38       227          10
    20      50         28          7          19       210          10
    21      46         45          10          41       246          10
    22      16         31          8          74       248          10
    23      6         22          5          57       202          10
    24      24         27          9          90       237          10
    25      24         42          10          46       240          10
