r646
VEHICLE
NUMBER     CAPACITY
  10         100

CUSTOMER
CUST NO.  XCOORD.   YCOORD.    DEMAND   READY TIME  DUE DATE   SERVICE   TIME

    0      25         25          0          0          250         0
    1      11         40          6          95       213          10
    2      39         42          6          96       236          10
    3      46         3          6          74       210          10
    4      18         48          9          82       231          10
    5      16         38          8          37       202          10
    6      12         11          8          16       249          10
    7      4         10          7          17       220          10
    8      44         7          7          109       242          10
    9      44         5          7          120       244          10
    10      41         20          5          12       245          10
    11      28         16          9          12       212          10
    12      7         21          8          55       203          10
    13      15         32          10          62       202          10
    14      1         28          8          55       200          10
    15      15         13          8          18       249          10
    16      1         30          8          80       210          10
    17      30         38          10          82       200          10
    18      35         25          7          34       226          10
    19      42         44          7          109       216          10
    20      28         48          8          75       206          10
    21      49         44          6          77       211          10
    22      7         42          9          4       224          10
    23      7         46          9          60       231          10
    24      24         19          9          34       236          10
    25      39         18          9          23       247          10
