r650
VEHICLE
NUMBER     CAPACITY
  10         100

CUSTOMER
CUST NO.  XCOORD.   YCOORD.    DEMAND   READY TIME  DUE DATE   SERVICE   TIME

    0      25         25          0          0          250         0
    1      31         40          6          67       206          10
    2      19         9          7          50       211          10
    3      36         28          6          69       206          10
    4      19         40          6          62       246          10
    5      19         41          9          52       227          10
    6      3         31          9          9       225          10
    7      35         43          8          51       248          10
    8      49         47          8          90       233          10
    9      45         32          9          120       244          10
    10      38         2          9          60       205          10
    11      12         4          6          10       230          10
    12      16         14          6          35       246          10
    13      5         5          8          47       224          10
    14      32         25          5          13       208          10
    15      30         3          10          120       217          10
    16      10         10          5          12       232          10
    17      7         26          5          93       210          10
    18      2         41          8          46       202          10
    19      49         5          7          40       215          10
    20      40         48          7          111       245          10
    21      10         21          9          96       221          10
    22      21         46          9          34       235          10
    23      25         0          10          3       245          10
    24      37         11          7          119       212          10
    25      49         37          10          11       226          10
