r651
VEHICLE
NUMBER     CAPACITY
  10         100

CUSTOMER
CUST NO.  XCOORD.   YCOORD.    DEMAND   READY TIME  DUE DATE   SERVICE   TIME

    0      25         25          0          0          250         0
    1      27         46          7          40       221          10
    2      30         26          10          23       234          10
    3      21         15          10          119       209          10
    4      15         46          9          27       207          10
    5      24         39          10          58       229          10
    6      48         4          7          76       227          10
    7      49         12          5          42       201          10
    8      14         20          9          119       233          10
    9      24         44          6          101       217          10
    10      26         11          8          61       233          10
    11      35         8          9          18       238          10
    12      3         4          9          81       212          10
    13      21         3          5          28       214          10
    14      23         43          9          19       219          10
    15      20         39          10          86       223          10
    16      15         25          5          8       231          10
    17      24         44          9          110       225          10
    18      40         37          10          20       241          10
    19      5         32          7          92       237          10
    20      36         0          9          99       237          10
    21      19         3          9          18       217          10
    22      5         28          6          59       234          10
    23      29         21          8          6       210          10
    24      17         47          6          31       223          10
    25      34         2          5          43       215          10
