r652
VEHICLE
NUMBER     CAPACITY
  10         100

CUSTOMER
CUST NO.  XCOORD.   YCOORD.    DEMAND   READY TIME  DUE DATE   SERVICE   TIME

    0      25         25          0          0          250         0
    1      38         9          9          80       247          10
    2      47         21          6          88       211          10
    3      32         9          5          54       204          10
    4      1         13          7          28       230          10
    5      10         21          7          103       218          10
    6      23         33          6          54       218          10
    7      17         41          6          91       200          10
    8      9         34          10          108       228          10
    9      14         35          8          25       224          10
    10      23         24          7          112       218          10
    11      2         37          8          57       212          10
    12      34         26          5          115       247          10
    13      36         43          9          33       209          10
    14      27         41          6          67       237          10
    15      34         43          8          16       230          10
    16      39         41          10          36       238          10
    17      18         43          6          49       231          10
    18      17         35          10          10       238          10
    19      28         37          9          20       231          10
    20      8         13          10          75       206          10
    21      23         20          6          87       218          10
    22      17         5          8          29       237          10
    23      44         32          5          23       212          10
    24      12         20          10          76       203          10
    25      20         5          8          112       248          10
