r656
VEHICLE
NUMBER     CAPACITY
  10         100

CUSTOMER
CUST NO.  XCOORD.   YCOORD.    DEMAND   READY TIME  DUE DATE   SERVICE   TIME

    0      25         25          0          0          250         0
    1      48         15          8          24       220          10
    2      13         27          6          104       249          10
    3      16         10          5          69       234          10
    4      24         44          8          49       239          10
    5      0         18          9          0       207          10
    6      7         7          10          64       234          10
    7      15         46          7          72       220          10
    8      39         33          5          50       205          10
    9      48         9          9          28       222          10
    10      21         7          5          19       247          10
    11      7         40          6          7       229          10
    12      38         44          7          89       236          10
    13      12         5          8          17       231          10
    14      46         11          10          83       219          10
    15      45         36          6          37       222          10
    16      9         29          9          93       206          10
    17      28         3          6          88       215          10
    18      30         44          10          68       203          10
    19      3         30          6          48       204          10
    20      41         12          9          65       229          10
    21      35         6          10          56       235          10
    22      26         29          9          85       234          10
    23      44         45          9          26       226          10
    24      11         16          8          38       226          10
    25      43         22          10          33       239          10
