r658
VEHICLE
NUMBER     CAPACITY
  10         100

CUSTOMER
CUST NO.  XCOORD.   YCOORD.    DEMAND   READY TIME  DUE DATE   SERVICE   TIME

    0      25         25          0          0          250         0
    1      42         5          7          46       233          10
    2      18         40          5          108       221          10
    3      9         44          10          84       246          10
    4      32         32          9          21       214          10
    5      44         29          5          116       211          10
    6      0         45          5          87       243          10
    7      43         43          8          72       226          10
    8      5         4          10          112       226          10
    9      11         13          9          76       220          10
    10      20         43          10          0       205          10
    11      28         22          7          84       212          10
    12      14         49          5          37       215          10
    13      16         14          10          89       203          10
    14      32         45          8          93       207          10
    15      3         37          7          99       242          10
    16      7         26          9          92       202          10
    17      31         36          8          35       215          10
    18      50         14          7          16       245          10
    19      50         11          6          114       220          10
    20      32         37          5          87       248          10
    21      6         22          8          11       200          10
    22      21         26          8          81       244          10
    23      4         5          9          46       248          10
    24      23         9          7          39       232          10
    25      15         19          8          114       207          10
