r662
VEHICLE
NUMBER     CAPACITY
  10         100

CUSTOMER
CUST NO.  XCOORD.   YCOORD.    DEMAND   READY TIME  DUE DATE   SERVICE   TIME

    0      25         25          0          0          250         0
    1      43         48          7          67       201          10
    2      6         10          10          81       239          10
    3      3         12          8          23       228          10
    4      18         43          7          86       244          10
    5      13         41          8          25       245          10
    6      20         50          9          117       247          10
    7      29         27          5          110       244          10
    8      12         7          6          55       206          10
    9      22         16          6          28       207          10
    10      5         9          10          13       229          10
    11      30         0          7          21       248          10
    12      20         6          9          73       241          10
    13      23         16          7          34       213          10
    14      20         36          9          56       240          10
    15      24         42          9          64       228          10
    16      14         28          8          52       224          10
    17      32         20          7          84       249          10
    18      28         20          5          2       249          10
    19      15         33          7          36       225          10
    20      47         18          5          20       217          10
    21      17         9          6          54       205          10
    22      26         24          6          35       234          10
    23      9         19          6          63       226          10
    24      2         4          8          79       205          10
    25      11         38          8          11       209          10
