r664
VEHICLE
NUMBER     CAPACITY
  10         100

CUSTOMER
CUST NO.  XCOORD.   YCOORD.    DEMAND   READY TIME  DUE DATE   SERVICE   TIME

    0      25         25          0          0          250         0
    1      33         49          6          68       203          10
    2      37         13          6          56       239          10
    3      26         18          9          74       216          10
    4      27         42          10          30       222          10
    5      46         13          7          44       224          10
    6      23         23          9          53       234          10
    7      38         46          7          81       216          10
    8      11         46          10          30       229          10
    9      47         7          5          28       206          10
    10      2         40          5          29       202          10
    11      40         6          5          41       206          10
    12      6         46          7          3       211          10
    13      39         32          7          106       200          10
    14      35         49          9          30       222          10
    15      48         19          8          53       203          10
    16      44         37          7          64       216          10
    17      41         43          5          1       219          10
    18      5         32          9          6       220          10
    19      16         17          6          59       249          10
    20      25         19          7          9       231          10
    21      28         7          10          77       241          10
    22      3         36          10          41       235          10
    23      33         23          10          53       214          10
    24      7         48          9          63       214          10
    25      23         29          7          34       232          10
