r668
VEHICLE
NUMBER     CAPACITY
  10         100

CUSTOMER
CUST NO.  XCOORD.   YCOORD.    DEMAND   READY TIME  DUE DATE   SERVICE   TIME

    0      25         25          0          0          250         0
    1      35         30          7          28       239          10
    2      24         45          9          66       201          10
    3      9         36          7          52       217          10
    4      7         35          9          19       250          10
    5      7         9          5          77       250          10
    6      1         6          9          6       202          10
    7      27         46          10          34       207          10
    8      24         23          6          48       213          10
    9      16         45          7          50       250          10
    10      13         24          7          12       228          10
    11      21         42          7          5       236          10
    12      21         42          10          75       247          10
    13      11         36          10          79       229          10
    14      37         25          7          94       235          10
    15      26         0          7          46       246          10
    16      30         31          7          86       211          10
    17      31         21          7          58       201          10
    18      48         9          6          117       232          10
    19      42         48          8          76       245          10
    20      47         35          8          12       217          10
    21      45         37          9          117       248          10
    22      35         12          7          23       210          10
    23      40         33          6          23       233          10
    24      0         4          10          29       209          10
    25      17         17          10          80       212          10
