r670
VEHICLE
NUMBER     CAPACITY
  10         100

CUSTOMER
CUST NO.  XCOORD.   YCOORD.    DEMAND   READY TIME  DUE DATE   SERVICE   TIME

    0      25         25          0          0          250         0
    1      26         42          8          62       236          10
    2      27         13          6          102       219          10
    3      0         31          6          39       249          10
    4      30         29          10          119       247          10
    5      27         35          8          51       215          10
    6      39         17          6          19       234          10
    7      10         6          6          26       248          10
    8      33         37          6          47       246          10
    9      5         22          10          120       231          10
    10      36         33          10          38       241          10
    11      20         27          7          115       227          10
    12      45         42          7          80       202          10
    13      48         2          5          110       201          10
    14      8         49          6          12       223          10
    15      38         9          10          50       219          10
    16      11         44          5          99       207          10
    17      30         0          6          40       229          10
    18      32         50          6          31       233          10
    19      37         3          9          14       221          10
    20      17         44          5          63       250          10
    21      21         5          5          63       223          10
    22      7         43          6          39       215          10
    23      43         3          8          109       219          10
    24      21         32          9          25       220          10
    25      32         9          6          103       245          10
