r672
VEHICLE
NUMBER     CAPACITY
  10         100

CUSTOMER
CUST NO.  XCOORD.   YCOORD.    DEMAND   READY TIME  DUE DATE   SERVICE   TIME

    0      25         25          0          0          250         0
    1      49         4          8          3       234          10
    2      2         37          8          53       233          10
    3      36         46          10          34       226          10
    4      41         31          7          70       220          10
    5      19         25          9          55       228          10
    6      31         36          5          62       247          10
    7      8         35          9          22       248          10
    8      14         43          8          72       226          10
    9      0         37          7          31       224          10
    10      41         35          6          43       225          10
    11      5         31          10          103       241          10
    12      36         4          8          68       211          10
    13      21         2          7          105       241          10
    14      29         49          9          13       228          10
    15      46         16          10          3       236          10
    16      4         39          8          43       244          10
    17      36         7          10          20       247          10
    18      18         5          7          119       213          10
    19      41         10          8          71       234          10
    20      11         10          8          95       247          10
    21      34         12          6          82       237          10
    22      10         34          5          98       241          10
    23      35         10          7          76       212          10
    24      12         22          10          106       237          10
    25      10         27          7          34       248          10
