r673
VEHICLE
NUMBER     CAPACITY
  10         100

CUSTOMER
CUST NO.  XCOORD.   YCOORD.    DEMAND   READY TIME  DUE DATE   SERVICE   TIME

    0      25         25          0          0          250         0
    1      13         42          8          20       209          10
    2      37         20          8          63       240          10
    3      3         17          10          94       249          10
    4      36         42          6          69       203          10
    5      19         5          10          104       242          10
    6      32         37          10          109       231          10
    7      16         48          10          43       221          10
    8      5         16          8          41       244          10
    9      25         5          10          66       219          10
    10      15         41          5          45       210          10
    11      40         15          7          7       214          10
    12      26         44          9          56       203          10
    13      37         25          5          96       250          10
    14      14         8          5          42       209          10
    15      38         10          8          105       236          10
    16      0         17          7          22       216          10
    17      23         47          10          92       202          10
    18      39         22          5          78       239          10
    19      22         29          9          117       223          10
    20      12         29          6          110       210          10
    21      2         10          10          118       215          10
    22      34         40          7          101       203          10
    23      41         46          7          114       248          10
    24      29         46          10          38       244          10
    25      32         30          6          89       240          10
