r677
VEHICLE
NUMBER     CAPACITY
  10         100

CUSTOMER
CUST NO.  XCOORD.   YCOORD.    DEMAND   READY TIME  DUE DATE   SERVICE   TIME

    0      25         25          0          0          250         0
    1      37         18          8          36       230          10
    2      22         8          5          71       228          10
    3      30         10          5          97       200          10
    4      27         43          5          57       243          10
    5      7         47          10          46       238          10
    6      41         47          8          49       236          10
    7      29         0          10          4       246          10
    8      48         15          7          33       246          10
    9      11         50          8          45       227          10
    10      4         16          7          46       238          10
    11      15         0          10          29       238          10
    12      15         48          8          8       200          10
    13      23         44          5          87       216          10
    14      17         15          5          65       228          10
    15      37         26          7          44       220          10
    16      44         17          8          2       234          10
    17      11         44          5          22       249          10
    18      46         8          8          73       244          10
    19      8         7          8          67       210          10
    20      26         15          10          27       243          10
    21      32         26          9          47       250          10
    22      9         19          8          76       241          10
    23      2         8          9          109       207          10
    24      1         44          8          50       227          10
    25      10         13          7          85       214          10
