r678
VEHICLE
NUMBER     CAPACITY
  10         100

CUSTOMER
CUST NO.  XCOORD.   YCOORD.    DEMAND   READY TIME  DUE DATE   SERVICE   TIME

    0      25         25          0          0          250         0
    1      8         7          6          91       223          10
    2      30         30          5          16       202          10
    3      13         44          6          116       247          10
    4      22         0          7          9       205          10
    5      28         3          6          104       227          10
    6      22         39          7          86       215          10
    7      45         19          7          97       215          10
    8      8         40          9          63       202          10
    9      6         37          10          4       211          10
    10      44         24          7          57       224          10
    11      15         9          9          108       207          10
    12      5         29          7          103       209          10
    13      48         15          10          27       234          10
    14      18         3          9          37       214          10
    15      4         27          8          97       206          10
    16      36         49          9          16       241          10
    17      15         32          6          41       236          10
    18      45         50          9          8       236          10
    19      37         7          8          14       244          10
    20      30         3          7          33       236          10
    21      43         10          9          1       209          10
    22      36         5          5          90       249          10
    23      33         38          5          33       201          10
    24      11         47          10          104       234          10
    25      37         12          7          75       209          10
