r679
VEHICLE
NUMBER     CAPACITY
  10         100

CUSTOMER
CUST NO.  XCOORD.   YCOORD.    DEMAND   READY TIME  DUE DATE   SERVICE   TIME

    0      25         25          0          0          250         0
    1      47         20          6          29       248          10
    2      8         18          7          15       221          10
    3      24         7          9          72       245          10
    4      12         38          6          45       230          10
    5      4         18          10          72       200          10
    6      37         21          9          94       241          10
    7      42         41          5          75       244          10
    8      20         43          7          83       237          10
    9      9         21          9          47       211          10
    10      30         39          7          21       219          10
    11      34         7          6          60       219          10
    12      16         22          5          58       250          10
    13      14         11          5          57       229          10
    14      16         0          6          99       207          10
    15      3         19          9          45       204          10
    16      27         36          9          94       235          10
    17      17         39          10          91       247          10
    18      29         7          5          42       209          10
    19      46         45          7          58       215          10
    20      9         36          7          82       235          10
    21      31         6          7          89       209          10
    22      44         28          6          13       221          10
    23      31         49          7          0       228          10
    24      3         16          5          52       222          10
    25      33         27          5          108       231          10
