r680
VEHICLE
NUMBER     CAPACITY
  10         100

CUSTOMER
CUST NO.  XCOORD.   YCOORD.    DEMAND   READY TIME  DUE DATE   SERVICE   TIME

    0      25         25          0          0          250         0
    1      31         7          8          70       233          10
    2      48         37          9          100       212          10
    3      25         22          10          24       219          10
    4      14         25          10          58       222          10
    5      34         40          10          30       222          10
    6      35         7          6          97       226          10
    7      24         19          6          95       227          10
    8      26         44          6          70       200          10
    9      44         49          7          106       204          10
    10      44         47          6          38       205          10
    11      41         16          8          29       218          10
    12      44         2          6          102       214          10
    13      28         40          5          34       237          10
    14      43         38          9          78       212          10
    15      42         3          8          90       228          10
    16      49         29          6          67       224          10
    17      6         21          6          77       222          10
    18      42         27          5          61       240          10
    19      18         9          5          115       210          10
    20      39         19          5          104       241          10
    21      36         6          7          95       214          10
    22      49         44          8          55       202          10
    23      21         37          6          19       250          10
    24      10         42          8          80       209          10
    25      42         39          6          116       202          10
