r681
VEHICLE
NUMBER     CAPACITY
  10         100

CUSTOMER
CUST NO.  XCOORD.   YCOORD.    DEMAND   READY TIME  DUE DATE   SERVICE   TIME

    0      25         25          0          0          250         0
    1      32         33          7          19       215          10
    2      31         33          7          14       228          10
    3      19         42          5          88       234          10
    4      45         3          7          119       200          10
    5      5         5          9          11       224          10
    6      10         45          8          83       200          10
    7      0         41          6          17       243          10
    8      41         17          10          74       244          10
    9      4         3          6          15       224          10
    10      50         35          6          99       203          10
    11      24         27          8          11       239          10
    12      48         14          10          112       238          10
    13      40         48          10          90       228          10
    14      13         2          5          34       226          10
    15      41         33          9          80       237          10
    16      2         29          7          95       207          10
    17      6         28          9          99       227          10
    18      41         47          5          44       232          10
    19      44         13          9          103       247          10
    20      12         3          8          12       210          10
    21      13         20          5          70       201          10
    22      22         18          5          7       211          10
    23      20         16          10          110       212          10
    24      11         18          6          18       232          10
    25      12         32          5          98       206          10
