r683
VEHICLE
NUMBER     CAPACITY
  10         100

CUSTOMER
CUST NO.  XCOORD.   YCOORD.    DEMAND   READY TIME  DUE DATE   SERVICE   TIME

    0      25         25          0          0          250         0
    1      3         39          8          24       207          10
    2      29         15          6          98       241          10
    3      19         31          6          52       245          10
    4      3         27          8          24       243          10
    5      31         30          8          57       233          10
    6      3         33          9          95       201          10
    7      10         27          6          115       209          10
    8      13         24          10          24       211          10
    9      38         0          6          47       240          10
    10      30         20          7          50       209          10
    11      44         41          9          80       232          10
    12      33         31          5          110       245          10
    13      29         8          10          120       228          10
    14      7         50          8          1       208          10
    15      34         24          9          110       203          10
    16      3         47          8          93       241          10
    17      25         30          10          97       246          10
    18      47         32          8          78       249          10
    19      21         10          7          79       237          10
    20      23         0          9          74       229          10
    21      8         7          6          25       210          10
    22      17         4          7          104       206          10
    23      44         16          7          116       218          10
    24      46         0          5          56       204          10
    25      12         6          10          37       217          10
