r684
VEHICLE
NUMBER     CAPACITY
  10         100

CUSTOMER
CUST NO.  XCOORD.   YCOORD.    DEMAND   READY TIME  DUE DATE   SERVICE   TIME

    0      25         25          0          0          250         0
    1      25         10          7          55       204          10
    2      37         44          5          6       217          10
    3      6         19          9          9       225          10
    4      23         31          10          101       247          10
    5      15         10          6          47       240          10
    6      13         24          5          96       216          10
    7      47         41          10          118       234          10
    8      13         39          10          24       244          10
    9      42         5          9          23       216          10
    10      43         47          6          74       203          10
    11      36         39          9          93       201          10
    12      20         7          10          87       217          10
    13      37         39          10          34       203          10
    14      7         3          9          0       212          10
    15      12         42          7          62       231          10
    16      42         43          7          11       216          10
    17      44         3          10          82       222          10
    18      25         44          9          86       216          10
    19      22         34          5          80       240          10
    20      24         32          6          80       207          10
    21      30         9          7          45       234          10
    22      1         34          10          114       233          10
    23      21         18          9          69       227          10
    24      2         3          10          109       231          10
    25      39         35          7          74       212          10
