r685
VEHICLE
NUMBER     CAPACITY
  10         100

CUSTOMER
CUST NO.  XCOORD.   YCOORD.    DEMAND   READY TIME  DUE DATE   SERVICE   TIME

    0      25         25          0          0          250         0
    1      48         3          10          53       222          10
    2      38         14          9          14       229          10
    3      12         48          8          42       207          10
    4      15         11          10          49       246          10
    5      11         45          7          79       200          10
    6      23         22          6          118       207          10
    7      1         40          6          25       202          10
    8      25         31          8          41       212          10
    9      49         41          6          58       223          10
    10      15         29          8          64       232          10
    11      12         24          7          30       219          10
    12      40         19          10          50       231          10
    13      50         17          6          22       213          10
    14      46         2          9          58       226          10
    15      12         40          10          44       250          10
    16      37         27          8          23       221          10
    17      29         47          6          75       240          10
    18      18         28          9          33       230          10
    19      5         29          10          85       229          10
    20      15         29          6          87       237          10
    21      15         38          6          53       245          10
    22      32         2          9          20       208          10
    23      14         45          5          65       236          10
    24      15         32          10          45       243          10
    25      45         27          6          87       243          10
