r686
VEHICLE
NUMBER     CAPACITY
  10         100

CUSTOMER
CUST NO.  XCOORD.   YCOORD.    DEMAND   READY TIME  DUE DATE   SERVICE   TIME

    0      25         25          0          0          250         0
    1      33         48          7          79       245          10
    2      14         6          10          6       247          10
    3      28         17          7          44       209          10
    4      18         19          9          77       204          10
    5      26         12          10          64       247          10
    6      43         19          5          87       212          10
    7      5         4          10          106       220          10
    8      13         49          6          97       239          10
    9      13         28          5          117       236          10
    10      30         24          9          118       221          10
    11      50         14          5          44       205          10
    12      39         9          10          64       249          10
    13      41         43          5          16       213          10
    14      16         23          10          15       222          10
    15      38         0          10          51       240          10
    16      48         9          9          106       217          10
    17      42         24          5          28       228          10
    18      36         15          5          2       244          10
    19      47         21          8          5       228          10
    20      23         7          6          91       210          10
    21      20         24          9          76       229          10
    22      21         43          6          66       234          10
    23      35         44          7          63       227          10
    24      15         28          8          98       237          10
    25      11         27          7          103       213          10
