r687
VEHICLE
NUMBER     CAPACITY
  10         100

CUSTOMER
CUST NO.  XCOORD.   YCOORD.    DEMAND   READY TIME  DUE DATE   SERVICE   TIME

    0      25         25          0          0          250         0
    1      18         11          6          20       241          10
    2      39         5          8          25       209          10
    3      21         16          7          18       244          10
    4      43         1          6          102       201          10
    5      27         41          9          99       216          10
    6      19         6          10          32       237          10
    7      16         24          10          51       247          10
    8      9         8          6          117       211          10
    9      13         14          7          94       249          10
    10      5         17          10          48       228          10
    11      8         30          5          22       204          10
    12      45         12          7          85       250          10
    13      30         40          7          72       223          10
    14      47         38          5          1       234          10
    15      42         4          6          77       207          10
    16      22         41          6          12       204          10
    17      49         17          10          72       231          10
    18      13         17          7          111       219          10
    19      35         23          9          48       237          10
    20      18         3          5          45       249          10
    21      13         23          5          81       244          10
    22      1         8          10          36       224          10
    23      21         40          10          36       218          10
    24      46         28          6          11       221          10
    25      3         20          6          107       250          10
