r689
VEHICLE
NUMBER     CAPACITY
  10         100

CUSTOMER
CUST NO.  XCOORD.   YCOORD.    DEMAND   READY TIME  DUE DATE   SERVICE   TIME

    0      25         25          0          0          250         0
    1      22         17          10          33       250          10
    2      18         17          9          69       228          10
    3      32         11          10          95       247          10
    4      50         48          6          88       220          10
    5      26         5          6          0       218          10
    6      16         37          5          41       202          10
    7      5         36          7          84       201          10
    8      19         23          9          98       239          10
    9      37         13          7          107       226          10
    10      8         47          6          92       241          10
    11      7         3          9          106       202          10
    12      40         30          7          6       230          10
    13      29         44          9          69       217          10
    14      38         27          7          44       214          10
    15      38         27          8          13       214          10
    16      25         2          10          102       217          10
    17      50         14          6          25       224          10
    18      37         48          9          111       228          10
    19      25         49          9          91       213          10
    20      9         7          5          44       247          10
    21      18         7          6          81       204          10
    22      16         15          10          54       215          10
    23      30         39          8          99       200          10
    24      17         27          8          74       248          10
    25      14         9          8          68       237          10
