r695
VEHICLE
NUMBER     CAPACITY
  10         100

CUSTOMER
CUST NO.  XCOORD.   YCOORD.    DEMAND   READY TIME  DUE DATE   SERVICE   TIME

    0      25         25          0          0          250         0
    1      46         5          5          26       243          10
    2      2         40          9          71       248          10
    3      41         11          9          24       242          10
    4      21         19          9          40       247          10
    5      32         43          7          37       244          10
    6      0         14          7          112       217          10
    7      45         15          10          11       224          10
    8      6         43          10          50       210          10
    9      47         33          8          42       243          10
    10      19         22          8          93       237          10
    11      40         47          5          105       232          10
    12      17         23          10          38       204          10
    13      25         32          9          80       249          10
    14      27         10          6          33       250          10
    15      7         50          10          66       220          10
    16      25         20          10          71       250          10
    17      17         29          8          77       245          10
    18      10         34          7          38       223          10
    19      35         12          5          1       242          10
    20      20         24          8          69       211          10
    21      29         22          6          53       223          10
    22      15         40          8          21       242          10
    23      4         24          10          14       216          10
    24      46         35          5          8       244          10
    25      7         20          9          96       221          10
