r698
VEHICLE
NUMBER     CAPACITY
  10         100

CUSTOMER
CUST NO.  XCOORD.   YCOORD.    DEMAND   READY TIME  DUE DATE   SERVICE   TIME

    0      25         25          0          0          250         0
    1      1         38          7          94       242          10
    2      41         16          10          66       245          10
    3      35         22          8          117       212          10
    4      49         28          9          63       225          10
    5      37         7          5          100       231          10
    6      3         41          5          54       220          10
    7      6         21          6          11       250          10
    8      17         29          8          109       236          10
    9      35         32          10          94       233          10
    10      1         39          5          111       210          10
    11      20         24          9          40       243          10
    12      31         14          8          60       233          10
    13      47         23          9          61       227          10
    14      36         17          5          64       206          10
    15      10         28          10          92       203          10
    16      14         10          7          48       212          10
    17      23         47          6          53       247          10
    18      35         1          7          51       248          10
    19      49         49          7          106       226          10
    20      6         16          5          98       205          10
    21      41         40          10          3       217          10
    22      12         36          10          110       211          10
    23      44         36          5          8       222          10
    24      41         21          8          108       226          10
    25      28         26          8          97       221          10
