r699
VEHICLE
NUMBER     CAPACITY
  10         100

CUSTOMER
CUST NO.  XCOORD.   YCOORD.    DEMAND   READY TIME  DUE DATE   SERVICE   TIME

    0      25         25          0          0          250         0
    1      13         28          9          46       243          10
    2      41         50          9          20       223          10
    3      15         46          9          72       220          10
    4      40         48          9          80       241          10
    5      25         42          7          22       208          10
    6      10         9          5          59       240          10
    7      28         40          7          87       225          10
    8      7         36          8          112       239          10
    9      4         19          7          9       210          10
    10      8         3          8          99       211          10
    11      9         48          6          21       217          10
    12      37         47          7          45       202          10
    13      17         8          8          14       210          10
    14      2         34          7          109       250          10
    15      13         23          6          13       211          10
    16      8         40          7          61       207          10
    17      16         18          6          81       228          10
    18      23         2          7          72       214          10
    19      31         50          7          104       226          10
    20      41         37          5          98       233          10
    21      46         24          9          25       225          10
    22      39         21          5          6       216          10
    23      47         11          10          56       246          10
    24      10         4          10          51       221          10
    25      22         13          7          91       237          10
