r701
VEHICLE
NUMBER     CAPACITY
  10         100

CUSTOMER
CUST NO.  XCOORD.   YCOORD.    DEMAND   READY TIME  DUE DATE   SERVICE   TIME

    0      25         25          0          0          250         0
    1      29         40          6          63       204          10
    2      7         5          9          16       230          10
    3      32         13          8          17       241          10
    4      17         46          8          29       246          10
    5      50         14          6          58       238          10
    6      10         47          8          76       232          10
    7      40         24          9          3       215          10
    8      16         0          10          82       226          10
    9      18         50          8          105       243          10
    10      37         13          10          99       249          10
    11      15         20          9          31       211          10
    12      12         38          7          11       230          10
    13      50         5          10          34       244          10
    14      48         15          6          80       243          10
    15      0         43          9          60       216          10
    16      32         0          5          93       209          10
    17      18         0          8          9       249          10
    18      32         35          8          73       212          10
    19      7         3          7          65       219          10
    20      48         44          8          25       202          10
    21      19         39          5          50       226          10
    22      12         46          5          91       234          10
    23      28         28          10          107       248          10
    24      48         22          9          63       216          10
    25      40         17          5          53       245          10
