r702
VEHICLE
NUMBER     CAPACITY
  10         100

CUSTOMER
CUST NO.  XCOORD.   YCOORD.    DEMAND   READY TIME  DUE DATE   SERVICE   TIME

    0      25         25          0          0          250         0
    1      10         3          5          55       214          10
    2      50         44          9          69       209          10
    3      17         28          7          3       244          10
    4      28         43          8          105       211          10
    5      35         25          6          35       230          10
    6      0         46          8          50       230          10
    7      0         18          6          74       249          10
    8      6         0          7          47       238          10
    9      26         17          10          29       208          10
    10      1         50          8          78       246          10
    11      24         0          6          47       234          10
    12      17         47          10          105       237          10
    13      42         21          9          118       211          10
    14      14         16          10          111       232          10
    15      9         21          8          58       225          10
    16      20         6          7          50       232          10
    17      17         32          8          31       250          10
    18      4         27          5          56       205          10
    19      6         26          8          55       230          10
    20      35         24          10          65       245          10
    21      45         47          7          35       242          10
    22      38         28          8          25       245          10
    23      5         23          8          0       230          10
    24      42         24          8          101       224          10
    25      1         10          10          45       230          10
