r703
VEHICLE
NUMBER     CAPACITY
  10         100

CUSTOMER
CUST NO.  XCOORD.   YCOORD.    DEMAND   READY TIME  DUE DATE   SERVICE   TIME

    0      25         25          0          0          250         0
    1      45         37          8          44       212          10
    2      28         0          10          63       217          10
    3      0         48          5          13       225          10
    4      14         46          10          18       245          10
    5      7         19          7          8       224          10
    6      21         4          8          61       207          10
    7      43         37          8          63       242          10
    8      15         8          7          65       229          10
    9      49         21          8          63       234          10
    10      30         11          10          65       209          10
    11      33         47          8          100       205          10
    12      4         16          5          65       218          10
    13      28         18          7          115       227          10
    14      9         36          10          58       232          10
    15      13         48          9          98       247          10
    16      43         31          9          78       241          10
    17      16         46          10          45       207          10
    18      50         28          6          28       221          10
    19      43         33          9          103       209          10
    20      40         24          9          78       211          10
    21      11         4          7          108       234          10
    22      7         0          7          119       205          10
    23      0         19          9          25       202          10
    24      45         48          6          23       212          10
    25      6         13          6          9       214          10
