r707
VEHICLE
NUMBER     CAPACITY
  10         100

CUSTOMER
CUST NO.  XCOORD.   YCOORD.    DEMAND   READY TIME  DUE DATE   SERVICE   TIME

    0      25         25          0          0          250         0
    1      42         38          9          84       200          10
    2      15         2          9          1       227          10
    3      41         36          7          13       216          10
    4      50         2          5          18       226          10
    5      5         46          6          117       206          10
    6      26         43          7          43       240          10
    7      34         9          5          108       236          10
    8      9         29          7          4       237          10
    9      14         27          9          16       223          10
    10      35         11          7          116       228          10
    11      35         6          7          12       216          10
    12      50         45          7          92       217          10
    13      26         0          9          36       200          10
    14      43         25          7          62       210          10
    15      16         21          10          113       247          10
    16      16         2          9          111       242          10
    17      45         20          5          14       243          10
    18      38         49          8          120       223          10
    19      19         0          6          28       206          10
    20      38         35          6          17       212          10
    21      39         46          10          57       237          10
    22      49         12          6          3       250          10
    23      41         27          5          91       249          10
    24      16         10          7          50       206          10
    25      20         23          6          2       207          10
