r709
VEHICLE
NUMBER     CAPACITY
  10         100

CUSTOMER
CUST NO.  XCOORD.   YCOORD.    DEMAND   READY TIME  DUE DATE   SERVICE   TIME

    0      25         25          0          0          250         0
    1      8         11          5          18       241          10
    2      42         17          7          90       230          10
    3      49         50          9          77       201          10
    4      23         33          7          92       248          10
    5      36         4          10          67       233          10
    6      9         17          7          72       240          10
    7      7         16          8          22       211          10
    8      48         45          8          78       226          10
    9      8         39          7          69       206          10
    10      36         45          7          117       224          10
    11      30         0          10          70       241          10
    12      9         33          7          20       203          10
    13      50         11          9          63       210          10
    14      9         8          6          58       229          10
    15      39         13          6          98       248          10
    16      1         19          9          52       232          10
    17      36         42          8          87       250          10
    18      26         20          5          78       233          10
    19      44         48          10          7       243          10
    20      11         19          7          8       207          10
    21      9         39          10          76       237          10
    22      30         8          8          75       223          10
    23      16         14          6          118       200          10
    24      49         4          8          53       242          10
    25      11         6          5          47       220          10
