r712
VEHICLE
NUMBER     CAPACITY
  10         100

CUSTOMER
CUST NO.  XCOORD.   YCOORD.    DEMAND   READY TIME  DUE DATE   SERVICE   TIME

    0      25         25          0          0          250         0
    1      47         34          10          43       234          10
    2      11         6          5          38       203          10
    3      21         25          8          66       221          10
    4      2         15          7          69       216          10
    5      40         24          8          108       236          10
    6      33         19          9          64       229          10
    7      9         47          10          26       243          10
    8      43         16          8          101       215          10
    9      39         17          6          53       226          10
    10      11         26          7          46       241          10
    11      28         40          7          34       240          10
    12      30         40          9          3       210          10
    13      36         33          7          12       242          10
    14      45         0          6          8       243          10
    15      49         29          5          34       211          10
    16      4         28          6          40       220          10
    17      33         48          10          109       202          10
    18      25         33          10          102       242          10
    19      12         1          10          3       214          10
    20      47         25          7          104       210          10
    21      31         14          7          39       247          10
    22      47         50          6          73       227          10
    23      35         45          6          95       243          10
    24      1         14          7          84       201          10
    25      1         40          7          86       239          10
