r713
VEHICLE
NUMBER     CAPACITY
  10         100

CUSTOMER
CUST NO.  XCOORD.   YCOORD.    DEMAND   READY TIME  DUE DATE   SERVICE   TIME

    0      25         25          0          0          250         0
    1      39         27          5          30       238          10
    2      20         12          6          70       250          10
    3      32         35          8          17       221          10
    4      44         21          9          73       243          10
    5      5         12          5          119       227          10
    6      16         10          9          36       218          10
    7      39         36          9          25       210          10
    8      6         0          6          85       216          10
    9      43         8          9          111       229          10
    10      36         18          6          64       211          10
    11      19         6          8          66       208          10
    12      50         29          9          79       205          10
    13      35         33          5          61       208          10
    14      4         8          10          36       227          10
    15      30         42          6          11       242          10
    16      31         7          9          66       213          10
    17      0         17          5          27       206          10
    18      19         1          8          26       204          10
    19      47         48          6          119       216          10
    20      29         41          10          6       200          10
    21      31         46          9          57       246          10
    22      49         25          10          13       217          10
    23      42         27          7          104       244          10
    24      27         1          6          114       250          10
    25      24         6          8          86       201          10
