r714
VEHICLE
NUMBER     CAPACITY
  10         100

CUSTOMER
CUST NO.  XCOORD.   YCOORD.    DEMAND   READY TIME  DUE DATE   SERVICE   TIME

    0      25         25          0          0          250         0
    1      32         9          7          17       247          10
    2      33         43          5          119       220          10
    3      7         8          8          37       210          10
    4      31         23          9          19       221          10
    5      39         11          8          82       213          10
    6      18         12          8          35       225          10
    7      18         2          8          26       201          10
    8      11         24          10          23       224          10
    9      31         32          7          30       248          10
    10      48         30          5          65       250          10
    11      46         16          10          107       219          10
    12      7         41          8          16       247          10
    13      13         11          5          85       221          10
    14      23         47          8          87       207          10
    15      6         19          6          120       223          10
    16      15         24          7          36       219          10
    17      12         30          9          63       207          10
    18      7         10          6          120       249          10
    19      40         12          10          32       243          10
    20      28         35          8          82       245          10
    21      23         2          7          84       214          10
    22      11         14          7          71       217          10
    23      28         1          6          64       226          10
    24      48         44          8          106       249          10
    25      15         47          7          2       211          10
