r715
VEHICLE
NUMBER     CAPACITY
  10         100

CUSTOMER
CUST NO.  XCOORD.   YCOORD.    DEMAND   READY TIME  DUE DATE   SERVICE   TIME

    0      25         25          0          0          250         0
    1      21         30          10          7       228          10
    2      13         43          9          6       240          10
    3      9         35          6          54       212          10
    4      0         41          6          82       210          10
    5      0         16          9          38       249          10
    6      39         12          6          12       224          10
    7      29         29          5          109       215          10
    8      0         8          7          49       220          10
    9      31         13          10          10       224          10
    10      20         13          9          54       229          10
    11      15         32          10          58       235          10
    12      43         12          7          97       235          10
    13      24         28          8          50       210          10
    14      9         15          9          92       240          10
    15      5         23          5          110       206          10
    16      25         32          5          9       212          10
    17      28         15          6          38       226          10
    18      13         18          8          32       226          10
    19      18         25          10          40       209          10
    20      34         49          8          113       246          10
    21      47         19          6          54       223          10
    22      12         6          5          12       221          10
    23      29         23          10          76       220          10
    24      10         28          7          60       241          10
    25      32         16          6          11       237          10
