r716
VEHICLE
NUMBER     CAPACITY
  10         100

CUSTOMER
CUST NO.  XCOORD.   YCOORD.    DEMAND   READY TIME  DUE DATE   SERVICE   TIME

    0      25         25          0          0          250         0
    1      5         29          8          83       208          10
    2      35         4          10          95       245          10
    3      23         41          7          45       222          10
    4      43         23          6          62       245          10
    5      49         19          7          98       230          10
    6      6         38          9          113       221          10
    7      3         1          9          57       232          10
    8      49         11          5          106       249          10
    9      42         1          8          35       234          10
    10      34         46          6          16       200          10
    11      11         36          5          110       246          10
    12      25         11          9          41       200          10
    13      1         18          8          15       217          10
    14      36         12          10          89       208          10
    15      10         11          5          83       218          10
    16      17         40          6          30       228          10
    17      40         17          8          60       224          10
    18      49         5          7          63       220          10
    19      24         42          6          78       200          10
    20      19         12          6          100       231          10
    21      0         0          5          6       224          10
    22      20         17          7          82       223          10
    23      27         0          9          40       231          10
    24      19         35          7          75       214          10
    25      36         6          5          17       243          10
