r717
VEHICLE
NUMBER     CAPACITY
  10         100

CUSTOMER
CUST NO.  XCOORD.   YCOORD.    DEMAND   READY TIME  DUE DATE   SERVICE   TIME

    0      25         25          0          0          250         0
    1      23         36          10          50       239          10
    2      16         44          5          70       238          10
    3      48         38          5          56       209          10
    4      13         5          9          106       224          10
    5      36         6          8          115       201          10
    6      39         3          5          0       234          10
    7      22         23          5          73       206          10
    8      26         47          8          50       238          10
    9      39         50          5          102       204          10
    10      0         3          9          92       203          10
    11      18         18          10          95       230          10
    12      37         31          5          39       218          10
    13      5         24          9          107       233          10
    14      32         37          7          101       201          10
    15      25         10          8          112       223          10
    16      14         28          6          34       205          10
    17      0         6          8          70       212          10
    18      45         40          8          33       204          10
    19      49         48          8          100       208          10
    20      12         45          9          0       226          10
    21      14         40          5          50       230          10
    22      15         39          8          32       230          10
    23      23         30          5          79       221          10
    24      25         6          5          93       210          10
    25      14         29          7          113       209          10
