r718
VEHICLE
NUMBER     CAPACITY
  10         100

CUSTOMER
CUST NO.  XCOORD.   YCOORD.    DEMAND   READY TIME  DUE DATE   SERVICE   TIME

    0      25         25          0          0          250         0
    1      12         19          7          82       242          10
    2      47         35          8          70       212          10
    3      45         28          8          89       224          10
    4      44         50          10          84       205          10
    5      2         14          5          25       217          10
    6      49         8          5          52       203          10
    7      38         37          5          0       228          10
    8      35         7          8          103       210          10
    9      42         48          10          74       216          10
    10      23         10          6          14       242          10
    11      13         43          8          10       212          10
    12      41         18          7          13       200          10
    13      2         21          7          93       238          10
    14      43         34          6          56       213          10
    15      49         50          7          75       230          10
    16      10         9          10          12       221          10
    17      47         14          8          92       216          10
    18      8         21          5          42       233          10
    19      42         7          8          104       222          10
    20      16         8          7          28       218          10
    21      27         43          5          63       207          10
    22      13         43          9          31       247          10
    23      32         37          10          35       227          10
    24      19         37          9          105       232          10
    25      26         31          6          56       235          10
