r720
VEHICLE
NUMBER     CAPACITY
  10         100

CUSTOMER
CUST NO.  XCOORD.   YCOORD.    DEMAND   READY TIME  DUE DATE   SERVICE   TIME

    0      25         25          0          0          250         0
    1      16         23          10          111       216          10
    2      20         4          6          83       224          10
    3      14         3          5          52       203          10
    4      41         42          6          43       217          10
    5      46         18          6          26       222          10
    6      46         39          7          31       219          10
    7      23         37          10          67       220          10
    8      40         17          7          4       211          10
    9      15         17          5          39       222          10
    10      50         11          7          66       203          10
    11      31         15          10          14       238          10
    12      44         23          7          38       215          10
    13      34         46          9          6       221          10
    14      34         12          6          81       236          10
    15      47         8          7          26       219          10
    16      21         34          6          114       213          10
    17      21         3          7          39       209          10
    18      48         9          8          37       227          10
    19      28         50          6          108       212          10
    20      22         46          10          8       202          10
    21      17         38          5          25       225          10
    22      9         21          9          79       244          10
    23      36         6          6          10       234          10
    24      36         30          9          56       216          10
    25      1         48          7          5       208          10
