r722
VEHICLE
NUMBER     CAPACITY
  10         100

CUSTOMER
CUST NO.  XCOORD.   YCOORD.    DEMAND   READY TIME  DUE DATE   SERVICE   TIME

    0      25         25          0          0          250         0
    1      2         16          5          38       246          10
    2      10         20          10          19       234          10
    3      15         20          10          97       249          10
    4      21         24          8          38       235          10
    5      46         0          7          48       231          10
    6      7         27          10          42       224          10
    7      26         11          6          105       216          10
    8      15         33          9          117       213          10
    9      44         4          5          51       230          10
    10      17         28          9          43       221          10
    11      0         22          6          94       213          10
    12      50         43          10          61       206          10
    13      25         32          7          115       245          10
    14      22         25          6          9       249          10
    15      43         35          6          94       239          10
    16      26         12          6          40       230          10
    17      48         10          5          10       225          10
    18      34         24          8          108       215          10
    19      28         47          8          82       213          10
    20      48         37          5          90       228          10
    21      2         1          6          89       216          10
    22      49         17          6          17       203          10
    23      13         43          7          87       219          10
    24      16         1          8          80       246          10
    25      3         4          5          51       221          10
