r723
VEHICLE
NUMBER     CAPACITY
  10         100

CUSTOMER
CUST NO.  XCOORD.   YCOORD.    DEMAND   READY TIME  DUE DATE   SERVICE   TIME

    0      25         25          0          0          250         0
    1      19         37          9          72       223          10
    2      5         30          5          49       207          10
    3      10         11          9          8       227          10
    4      36         23          9          0       240          10
    5      2         27          9          93       214          10
    6      30         50          7          70       250          10
    7      46         44          6          88       224          10
    8      31         24          8          43       231          10
    9      8         4          5          50       209          10
    10      3         33          9          36       235          10
    11      39         12          6          59       228          10
    12      32         27          5          118       205          10
    13      16         42          9          20       225          10
    14      41         31          10          34       227          10
    15      16         19          5          47       209          10
    16      30         8          8          1       205          10
    17      50         44          7          106       238          10
    18      23         27          8          38       205          10
    19      34         31          6          104       228          10
    20      32         26          8          62       200          10
    21      29         26          7          84       201          10
    22      17         19          8          53       250          10
    23      25         39          7          24       204          10
    24      5         8          5          21       248          10
    25      10         13          10          19       244          10
