r724
VEHICLE
NUMBER     CAPACITY
  10         100

CUSTOMER
CUST NO.  XCOORD.   YCOORD.    DEMAND   READY TIME  DUE DATE   SERVICE   TIME

    0      25         25          0          0          250         0
    1      50         36          8          96       211          10
    2      8         35          8          31       239          10
    3      34         16          7          119       222          10
    4      33         15          7          0       213          10
    5      28         31          5          5       204          10
    6      40         30          8          86       244          10
    7      17         45          10          113       208          10
    8      35         20          5          2       234          10
    9      17         13          9          27       217          10
    10      21         21          6          106       200          10
    11      7         25          10          108       201          10
    12      42         41          5          111       215          10
    13      13         50          10          84       229          10
    14      34         6          8          66       202          10
    15      12         1          10          0       215          10
    16      40         42          9          58       229          10
    17      35         23          10          55       214          10
    18      39         38          6          80       225          10
    19      12         37          6          14       228          10
    20      28         43          10          98       240          10
    21      48         26          10          89       204          10
    22      44         39          7          8       236          10
    23      6         46          9          6       235          10
    24      9         22          9          117       213          10
    25      30         32          8          95       202          10
