r726
VEHICLE
NUMBER     CAPACITY
  10         100

CUSTOMER
CUST NO.  XCOORD.   YCOORD.    DEMAND   READY TIME  DUE DATE   SERVICE   TIME

    0      25         25          0          0          250         0
    1      42         45          10          34       239          10
    2      28         26          8          15       246          10
    3      11         18          9          8       243          10
    4      24         18          6          22       235          10
    5      46         30          8          104       220          10
    6      28         42          6          103       209          10
    7      10         28          7          21       211          10
    8      22         37          5          116       206          10
    9      29         3          8          6       222          10
    10      1         0          5          40       241          10
    11      21         40          7          117       228          10
    12      11         48          10          14       205          10
    13      35         48          10          30       212          10
    14      23         5          8          38       206          10
    15      9         3          8          104       235          10
    16      8         39          5          74       218          10
    17      9         42          7          74       246          10
    18      33         40          7          84       230          10
    19      39         14          9          45       201          10
    20      31         11          8          82       216          10
    21      41         27          7          110       219          10
    22      45         11          5          32       236          10
    23      24         40          10          120       200          10
    24      22         3          8          68       206          10
    25      42         7          5          113       248          10
