r730
VEHICLE
NUMBER     CAPACITY
  10         100

CUSTOMER
CUST NO.  XCOORD.   YCOORD.    DEMAND   READY TIME  DUE DATE   SERVICE   TIME

    0      25         25          0          0          250         0
    1      0         40          7          113       218          10
    2      43         17          10          10       240          10
    3      36         31          9          6       250          10
    4      4         0          6          41       229          10
    5      9         44          6          3       233          10
    6      37         14          6          108       229          10
    7      37         34          8          116       236          10
    8      20         4          5          110       225          10
    9      47         3          10          97       226          10
    10      26         50          5          119       245          10
    11      24         8          8          89       220          10
    12      22         16          7          36       207          10
    13      32         5          7          51       210          10
    14      47         2          6          61       205          10
    15      11         3          6          96       200          10
    16      28         5          8          69       243          10
    17      38         37          9          67       206          10
    18      32         50          9          117       202          10
    19      9         33          5          2       217          10
    20      43         45          5          20       241          10
    21      8         50          7          8       211          10
    22      11         3          6          5       209          10
    23      38         32          6          101       201          10
    24      24         36          10          74       247          10
    25      39         12          9          68       244          10
