r731
VEHICLE
NUMBER     CAPACITY
  10         100

CUSTOMER
CUST NO.  XCOORD.   YCOORD.    DEMAND   READY TIME  DUE DATE   SERVICE   TIME

    0      25         25          0          0          250         0
    1      30         24          8          12       201          10
    2      33         42          6          51       246          10
    3      24         43          6          62       213          10
    4      41         33          10          70       228          10
    5      33         9          9          63       203          10
    6      50         31          6          8       216          10
    7      40         12          5          74       201          10
    8      1         42          9          28       216          10
    9      37         13          7          77       235          10
    10      39         31          10          6       237          10
    11      20         34          9          26       212          10
    12      36         45          5          116       223          10
    13      11         47          6          44       230          10
    14      31         39          5          88       244          10
    15      36         39          10          36       232          10
    16      15         48          9          28       207          10
    17      38         23          6          15       213          10
    18      19         22          8          30       248          10
    19      14         35          5          30       200          10
    20      41         23          5          38       249          10
    21      4         33          8          6       212          10
    22      6         25          5          97       208          10
    23      1         50          7          70       250          10
    24      49         33          8          70       235          10
    25      18         7          9          100       248          10
