r732
VEHICLE
NUMBER     CAPACITY
  10         100

CUSTOMER
CUST NO.  XCOORD.   YCOORD.    DEMAND   READY TIME  DUE DATE   SERVICE   TIME

    0      25         25          0          0          250         0
    1      2         25          8          15       213          10
    2      13         14          6          57       206          10
    3      19         32          10          59       236          10
    4      45         34          6          14       221          10
    5      28         27          5          59       204          10
    6      21         7          10          32       201          10
    7      11         10          9          120       243          10
    8      41         15          7          27       226          10
    9      4         50          6          27       247          10
    10      25         35          5          87       245          10
    11      48         43          8          82       208          10
    12      34         28          10          59       211          10
    13      17         1          10          9       236          10
    14      25         41          7          86       224          10
    15      15         44          8          6       215          10
    16      25         48          9          32       235          10
    17      43         12          5          47       216          10
    18      27         0          8          117       227          10
    19      22         19          6          80       222          10
    20      14         5          8          110       206          10
    21      2         0          9          1       227          10
    22      46         21          5          35       214          10
    23      6         2          7          105       201          10
    24      36         31          5          14       230          10
    25      12         41          6          106       222          10
