r734
VEHICLE
NUMBER     CAPACITY
  10         100

CUSTOMER
CUST NO.  XCOORD.   YCOORD.    DEMAND   READY TIME  DUE DATE   SERVICE   TIME

    0      25         25          0          0          250         0
    1      20         45          9          102       238          10
    2      24         2          8          80       225          10
    3      46         11          5          67       225          10
    4      32         18          5          3       234          10
    5      46         44          6          108       249          10
    6      3         22          8          99       209          10
    7      48         0          7          88       206          10
    8      23         35          9          11       217          10
    9      4         18          8          33       244          10
    10      14         48          8          75       212          10
    11      18         26          6          119       245          10
    12      42         41          6          55       221          10
    13      14         21          9          98       250          10
    14      6         16          7          16       228          10
    15      33         20          9          11       228          10
    16      11         21          5          91       233          10
    17      44         16          5          13       237          10
    18      32         30          7          96       218          10
    19      39         48          7          89       215          10
    20      11         11          8          78       219          10
    21      37         32          10          46       215          10
    22      32         27          7          7       248          10
    23      48         48          9          76       212          10
    24      13         9          5          56       205          10
    25      9         35          6          11       219          10
