r735
VEHICLE
NUMBER     CAPACITY
  10         100

CUSTOMER
CUST NO.  XCOORD.   YCOORD.    DEMAND   READY TIME  DUE DATE   SERVICE   TIME

    0      25         25          0          0          250         0
    1      16         39          9          15       214          10
    2      27         9          8          70       209          10
    3      23         35          8          93       208          10
    4      5         15          9          10       248          10
    5      47         42          10          83       205          10
    6      27         39          5          57       203          10
    7      2         7          9          4       235          10
    8      12         14          8          4       243          10
    9      10         47          9          56       241          10
    10      6         24          6          99       244          10
    11      21         44          5          86       223          10
    12      36         49          5          75       250          10
    13      18         28          5          28       242          10
    14      1         0          8          11       213          10
    15      36         19          10          36       205          10
    16      20         11          7          111       220          10
    17      28         23          5          59       233          10
    18      33         7          8          99       240          10
    19      32         40          7          60       204          10
    20      5         16          7          67       236          10
    21      24         28          6          76       226          10
    22      22         27          10          54       242          10
    23      21         41          5          22       243          10
    24      47         38          9          15       244          10
    25      35         32          5          44       224          10
