r738
VEHICLE
NUMBER     CAPACITY
  10         100

CUSTOMER
CUST NO.  XCOORD.   YCOORD.    DEMAND   READY TIME  DUE DATE   SERVICE   TIME

    0      25         25          0          0          250         0
    1      0         9          8          112       220          10
    2      37         33          8          27       237          10
    3      47         31          7          81       233          10
    4      34         33          5          2       211          10
    5      30         31          8          98       208          10
    6      39         9          7          45       237          10
    7      23         33          5          69       224          10
    8      10         2          9          116       241          10
    9      21         19          10          53       206          10
    10      23         36          9          41       228          10
    11      36         27          6          30       238          10
    12      18         44          6          116       202          10
    13      1         5          5          75       245          10
    14      9         18          9          29       217          10
    15      4         8          7          100       220          10
    16      35         14          6          9       208          10
    17      15         50          6          32       209          10
    18      24         2          7          34       216          10
    19      23         34          9          74       250          10
    20      19         11          10          6       209          10
    21      23         3          9          40       249          10
    22      48         10          9          69       243          10
    23      33         20          8          21       220          10
    24      5         31          10          85       249          10
    25      29         31          6          56       212          10
