r741
VEHICLE
NUMBER     CAPACITY
  10         100

CUSTOMER
CUST NO.  XCOORD.   YCOORD.    DEMAND   READY TIME  DUE DATE   SERVICE   TIME

    0      25         25          0          0          250         0
    1      2         17          9          28       202          10
    2      46         23          5          61       203          10
    3      36         32          6          103       230          10
    4      2         4          7          92       201          10
    5      31         26          9          36       208          10
    6      9         4          10          68       201          10
    7      29         10          10          42       248          10
    8      42         12          6          80       232          10
    9      13         19          7          53       205          10
    10      11         41          6          59       225          10
    11      2         25          10          96       224          10
    12      32         33          5          68       243          10
    13      41         23          7          119       229          10
    14      16         48          7          16       232          10
    15      41         9          5          65       235          10
    16      45         44          10          30       214          10
    17      23         46          5          114       215          10
    18      46         30          6          120       213          10
    19      15         39          9          2       225          10
    20      26         25          5          71       213          10
    21      23         45          10          42       219          10
    22      10         42          6          15       217          10
    23      39         1          5          23       247          10
    24      31         44          8          80       217          10
    25      14         6          6          52       246          10
