r743
VEHICLE
NUMBER     CAPACITY
  10         100

CUSTOMER
CUST NO.  XCOORD.   YCOORD.    DEMAND   READY TIME  DUE DATE   SERVICE   TIME

    0      25         25          0          0          250         0
    1      24         22          9          99       229          10
    2      34         24          8          64       250          10
    3      38         6          6          43       213          10
    4      1         25          6          103       206          10
    5      17         23          7          2       219          10
    6      43         44          6          65       206          10
    7      24         45          6          5       213          10
    8      7         47          10          89       208          10
    9      28         25          6          47       219          10
    10      46         32          8          46       238          10
    11      20         21          8          24       225          10
    12      6         0          8          53       247          10
    13      1         16          9          1       247          10
    14      31         15          8          52       232          10
    15      6         23          9          68       209          10
    16      23         18          7          5       226          10
    17      15         9          8          78       216          10
    18      44         17          6          32       207          10
    19      10         24          9          14       236          10
    20      9         8          7          52       243          10
    21      22         34          5          111       242          10
    22      32         31          10          88       216          10
    23      30         40          10          65       212          10
    24      12         19          8          51       209          10
    25      4         5          5          20       235          10
