r746
VEHICLE
NUMBER     CAPACITY
  10         100

CUSTOMER
CUST NO.  XCOORD.   YCOORD.    DEMAND   READY TIME  DUE DATE   SERVICE   TIME

    0      25         25          0          0          250         0
    1      40         35          6          45       212          10
    2      11         5          5          112       214          10
    3      33         17          5          23       209          10
    4      4         22          5          66       205          10
    5      23         26          7          39       243          10
    6      0         2          9          107       223          10
    7      15         16          9          19       238          10
    8      36         10          5          37       237          10
    9      37         45          8          115       207          10
    10      28         31          8          16       236          10
    11      26         3          5          33       224          10
    12      40         33          8          25       207          10
    13      40         45          6          18       249          10
    14      1         47          6          69       249          10
    15      45         46          6          37       244          10
    16      31         21          10          7       232          10
    17      35         7          9          48       228          10
    18      19         29          10          76       213          10
    19      5         12          5          86       223          10
    20      41         30          9          99       247          10
    21      15         11          8          42       211          10
    22      39         44          5          26       218          10
    23      27         44          7          51       201          10
    24      31         8          7          10       247          10
    25      26         43          10          74       226          10
