r747
VEHICLE
NUMBER     CAPACITY
  10         100

CUSTOMER
CUST NO.  XCOORD.   YCOORD.    DEMAND   READY TIME  DUE DATE   SERVICE   TIME

    0      25         25          0          0          250         0
    1      0         36          6          21       233          10
    2      43         2          6          3       222          10
    3      39         36          10          50       205          10
    4      23         3          7          39       207          10
    5      28         2          6          23       206          10
    6      44         42          5          52       221          10
    7      18         23          6          57       202          10
    8      31         36          6          65       215          10
    9      22         0          8          93       242          10
    10      22         41          8          35       234          10
    11      50         29          9          83       245          10
    12      13         11          5          49       230          10
    13      34         41          8          107       217          10
    14      37         13          8          106       249          10
    15      27         37          5          36       220          10
    16      2         10          5          94       207          10
    17      20         31          6          0       243          10
    18      24         45          10          6       213          10
    19      3         1          8          13       218          10
    20      30         27          8          11       217          10
    21      4         32          5          97       238          10
    22      12         25          6          30       206          10
    23      44         29          10          118       228          10
    24      12         32          8          57       213          10
    25      40         31          8          82       200          10
