r748
VEHICLE
NUMBER     CAPACITY
  10         100

CUSTOMER
CUST NO.  XCOORD.   YCOORD.    DEMAND   READY TIME  DUE DATE   SERVICE   TIME

    0      25         25          0          0          250         0
    1      13         42          8          9       211          10
    2      7         22          8          15       214          10
    3      3         31          7          72       244          10
    4      49         18          6          17       245          10
    5      39         5          10          96       208          10
    6      27         30          10          1       220          10
    7      35         25          7          52       250          10
    8      16         12          9          119       203          10
    9      6         9          9          62       250          10
    10      22         18          9          88       223          10
    11      29         50          6          92       240          10
    12      24         3          8          15       229          10
    13      18         47          9          113       201          10
    14      41         27          7          33       226          10
    15      20         24          7          15       228          10
    16      4         41          8          109       229          10
    17      6         48          5          33       212          10
    18      30         48          6          62       237          10
    19      19         43          6          4       243          10
    20      23         4          5          117       220          10
    21      34         5          6          84       248          10
    22      22         24          9          32       220          10
    23      29         43          7          85       243          10
    24      6         45          10          40       240          10
    25      2         17          10          117       238          10
