r749
VEHICLE
NUMBER     CAPACITY
  10         100

CUSTOMER
CUST NO.  XCOORD.   YCOORD.    DEMAND   READY TIME  DUE DATE   SERVICE   TIME

    0      25         25          0          0          250         0
    1      41         17          9          120       248          10
    2      15         33          10          68       244          10
    3      37         9          5          119       237          10
    4      41         20          5          44       226          10
    5      0         7          6          106       219          10
    6      39         23          5          2       214          10
    7      46         24          8          77       235          10
    8      30         12          5          104       231          10
    9      15         0          7          119       201          10
    10      31         44          7          70       240          10
    11      9         11          9          87       218          10
    12      16         43          8          81       210          10
    13      24         50          9          81       225          10
    14      17         6          7          117       201          10
    15      30         41          5          69       242          10
    16      5         13          7          87       201          10
    17      23         19          6          97       232          10
    18      34         12          8          11       240          10
    19      15         13          9          77       246          10
    20      8         7          9          19       216          10
    21      41         48          7          37       222          10
    22      12         35          7          16       212          10
    23      43         6          6          110       216          10
    24      27         49          8          12       220          10
    25      17         20          6          109       228          10
