r755
VEHICLE
NUMBER     CAPACITY
  10         100

CUSTOMER
CUST NO.  XCOORD.   YCOORD.    DEMAND   READY TIME  DUE DATE   SERVICE   TIME

    0      25         25          0          0          250         0
    1      29         35          6          65       239          10
    2      35         48          8          97       217          10
    3      36         31          7          78       234          10
    4      11         42          5          23       216          10
    5      31         9          5          2       216          10
    6      26         21          8          80       213          10
    7      0         11          6          32       231          10
    8      27         30          10          50       226          10
    9      42         7          7          72       207          10
    10      36         20          8          60       235          10
    11      41         27          5          76       233          10
    12      15         9          7          69       201          10
    13      50         25          10          11       221          10
    14      21         49          7          63       207          10
    15      16         6          10          75       220          10
    16      49         26          5          52       236          10
    17      15         6          9          112       214          10
    18      5         11          8          81       232          10
    19      15         12          6          45       207          10
    20      10         4          5          37       222          10
    21      10         17          5          77       210          10
    22      35         5          5          88       243          10
    23      2         42          5          54       219          10
    24      38         49          8          90       206          10
    25      46         33          5          9       233          10
