r757
VEHICLE
NUMBER     CAPACITY
  10         100

CUSTOMER
CUST NO.  XCOORD.   YCOORD.    DEMAND   READY TIME  DUE DATE   SERVICE   TIME

    0      25         25          0          0          250         0
    1      27         6          7          35       239          10
    2      3         11          6          47       235          10
    3      31         9          8          63       202          10
    4      37         16          9          103       212          10
    5      32         50          9          98       235          10
    6      6         44          10          52       229          10
    7      46         7          9          111       230          10
    8      29         48          10          15       205          10
    9      1         21          8          4       213          10
    10      22         44          8          4       246          10
    11      39         19          5          43       245          10
    12      10         30          5          74       201          10
    13      17         10          7          50       236          10
    14      41         47          9          30       209          10
    15      12         7          5          50       228          10
    16      43         18          5          40       210          10
    17      3         36          8          96       206          10
    18      45         46          8          10       222          10
    19      41         5          5          8       212          10
    20      29         8          10          29       215          10
    21      29         14          9          80       248          10
    22      42         35          10          109       211          10
    23      21         27          7          69       217          10
    24      21         11          7          6       202          10
    25      0         21          6          118       235          10
