r759
VEHICLE
NUMBER     CAPACITY
  10         100

CUSTOMER
CUST NO.  XCOORD.   YCOORD.    DEMAND   READY TIME  DUE DATE   SERVICE   TIME

    0      25         25          0          0          250         0
    1      7         4          9          32       218          10
    2      16         47          9          77       218          10
    3      35         33          5          57       213          10
    4      28         37          8          32       236          10
    5      38         8          9          64       249          10
    6      26         49          7          65       244          10
    7      40         42          6          46       207          10
    8      29         24          8          81       232          10
    9      48         33          5          10       230          10
    10      33         6          8          57       203          10
    11      47         39          6          0       210          10
    12      30         23          8          88       201          10
    13      31         49          9          108       227          10
    14      35         24          5          116       218          10
    15      48         43          9          40       202          10
    16      12         33          5          65       209          10
    17      23         7          5          93       234          10
    18      28         49          5          103       240          10
    19      25         30          5          110       228          10
    20      38         41          9          118       222          10
    21      47         10          5          65       243          10
    22      2         15          5          119       234          10
    23      24         23          5          99       236          10
    24      45         27          8          39       222          10
    25      7         0          8          77       200          10
