r760
VEHICLE
NUMBER     CAPACITY
  10         100

CUSTOMER
CUST NO.  XCOORD.   YCOORD.    DEMAND   READY TIME  DUE DATE   SERVICE   TIME

    0      25         25          0          0          250         0
    1      0         30          7          20       200          10
    2      47         13          8          0       218          10
    3      23         38          8          5       222          10
    4      16         34          7          48       207          10
    5      39         6          6          68       216          10
    6      14         19          5          89       250          10
    7      29         16          6          72       209          10
    8      6         11          10          59       229          10
    9      18         32          9          4       236          10
    10      48         19          8          34       233          10
    11      18         15          7          99       205          10
    12      0         39          9          52       245          10
    13      11         39          5          0       204          10
    14      34         43          8          13       232          10
    15      35         8          10          103       218          10
    16      18         45          7          101       222          10
    17      44         20          8          80       209          10
    18      49         35          9          75       232          10
    19      32         34          8          32       230          10
    20      39         17          7          94       222          10
    21      27         16          7          38       211          10
    22      35         27          10          34       240          10
    23      26         5          10          57       209          10
    24      21         24          8          90       211          10
    25      4         34          8          36       215          10
