r762
VEHICLE
NUMBER     CAPACITY
  10         100

CUSTOMER
CUST NO.  XCOORD.   YCOORD.    DEMAND   READY TIME  DUE DATE   SERVICE   TIME

    0      25         25          0          0          250         0
    1      14         29          9          113       205          10
    2      36         45          8          19       230          10
    3      15         49          6          33       230          10
    4      41         29          9          83       244          10
    5      35         21          10          31       242          10
    6      24         17          7          30       243          10
    7      46         32          8          94       239          10
    8      19         38          5          31       250          10
    9      24         43          5          1       214          10
    10      48         29          5          88       218          10
    11      35         16          8          71       212          10
    12      11         39          10          14       223          10
    13      40         40          6          16       214          10
    14      18         11          9          13       228          10
    15      27         39          5          110       201          10
    16      29         11          10          14       202          10
    17      44         46          8          29       213          10
    18      2         24          6          114       240          10
    19      12         13          7          120       214          10
    20      42         1          8          45       201          10
    21      17         37          8          105       230          10
    22      5         6          8          2       210          10
    23      16         19          6          90       211          10
    24      7         44          8          110       226          10
    25      33         12          10          108       219          10
