r763
VEHICLE
NUMBER     CAPACITY
  10         100

CUSTOMER
CUST NO.  XCOORD.   YCOORD.    DEMAND   READY TIME  DUE DATE   SERVICE   TIME

    0      25         25          0          0          250         0
    1      31         4          9          81       215          10
    2      1         0          5          53       233          10
    3      28         30          6          50       241          10
    4      2         36          7          37       247          10
    5      2         5          6          42       220          10
    6      45         37          7          9       211          10
    7      17         21          8          72       208          10
    8      48         28          5          57       215          10
    9      14         29          10          91       204          10
    10      25         1          10          113       211          10
    11      24         27          9          18       247          10
    12      12         18          7          24       248          10
    13      16         29          8          44       247          10
    14      32         8          5          82       228          10
    15      7         49          5          111       221          10
    16      41         35          10          11       216          10
    17      12         41          10          101       219          10
    18      31         19          10          17       219          10
    19      3         41          10          118       202          10
    20      30         22          10          99       248          10
    21      40         7          9          25       241          10
    22      6         49          7          66       215          10
    23      11         36          9          78       247          10
    24      10         3          7          79       213          10
    25      42         32          6          107       246          10
