r765
VEHICLE
NUMBER     CAPACITY
  10         100

CUSTOMER
CUST NO.  XCOORD.   YCOORD.    DEMAND   READY TIME  DUE DATE   SERVICE   TIME

    0      25         25          0          0          250         0
    1      4         19          6          0       217          10
    2      11         18          10          67       229          10
    3      5         16          9          66       206          10
    4      28         32          7          83       208          10
    5      7         30          8          12       234          10
    6      28         1          6          56       232          10
    7      35         47          9          31       244          10
    8      13         11          8          58       231          10
    9      43         22          6          41       239          10
    10      19         28          8          84       242          10
    11      34         40          10          33       203          10
    12      12         21          9          47       246          10
    13      16         27          8          17       211          10
    14      17         27          9          15       243          10
    15      20         15          6          114       224          10
    16      46         47          9          58       200          10
    17      13         31          5          60       226          10
    18      4         45          7          101       216          10
    19      22         25          7          99       209          10
    20      45         39          8          18       222          10
    21      48         41          8          19       230          10
    22      46         30          5          105       229          10
    23      14         6          5          58       219          10
    24      38         11          5          59       222          10
    25      24         12          8          97       244          10
