r766
VEHICLE
NUMBER     CAPACITY
  10         100

CUSTOMER
CUST NO.  XCOORD.   YCOORD.    DEMAND   READY TIME  DUE DATE   SERVICE   TIME

    0      25         25          0          0          250         0
    1      30         50          10          11       216          10
    2      40         21          10          56       250          10
    3      35         10          6          67       218          10
    4      46         6          6          55       237          10
    5      47         18          6          31       237          10
    6      1         18          9          1       243          10
    7      8         0          6          25       226          10
    8      17         31          8          0       246          10
    9      22         32          8          64       232          10
    10      10         22          7          44       232          10
    11      43         18          9          96       227          10
    12      23         34          8          83       210          10
    13      33         15          8          66       205          10
    14      50         4          5          115       202          10
    15      14         42          10          48       208          10
    16      38         30          8          27       203          10
    17      9         38          5          22       232          10
    18      15         26          8          26       221          10
    19      12         34          5          94       226          10
    20      49         23          5          53       204          10
    21      1         4          9          46       225          10
    22      15         50          9          7       228          10
    23      46         3          10          75       203          10
    24      37         30          6          13       231          10
    25      19         4          10          72       207          10
