r767
VEHICLE
NUMBER     CAPACITY
  10         100

CUSTOMER
CUST NO.  XCOORD.   YCOORD.    DEMAND   READY TIME  DUE DATE   SERVICE   TIME

    0      25         25          0          0          250         0
    1      4         10          8          108       208          10
    2      31         49          7          94       235          10
    3      41         39          9          98       200          10
    4      25         6          6          2       211          10
    5      30         33          10          2       216          10
    6      15         2          7          66       204          10
    7      32         46          7          47       221          10
    8      32         37          9          90       210          10
    9      18         47          8          28       220          10
    10      50         7          5          119       203          10
    11      2         4          10          12       230          10
    12      13         2          6          57       225          10
    13      32         3          5          55       209          10
    14      7         8          6          93       225          10
    15      22         17          7          55       201          10
    16      47         5          9          81       212          10
    17      9         31          5          47       233          10
    18      23         32          7          50       219          10
    19      45         36          6          23       209          10
    20      7         9          5          61       208          10
    21      39         43          6          55       221          10
    22      3         30          7          84       203          10
    23      25         45          9          56       241          10
    24      10         36          6          81       237          10
    25      1         29          9          0       211          10
