r770
VEHICLE
NUMBER     CAPACITY
  10         100

CUSTOMER
CUST NO.  XCOORD.   YCOORD.    DEMAND   READY TIME  DUE DATE   SERVICE   TIME

    0      25         25          0          0          250         0
    1      20         25          6          67       221          10
    2      41         49          10          85       224          10
    3      14         31          7          76       216          10
    4      42         8          7          45       220          10
    5      0         1          8          50       216          10
    6      30         4          5          73       224          10
    7      38         13          6          65       204          10
    8      17         19          7          90       224          10
    9      50         11          9          35       206          10
    10      7         22          7          68       228          10
    11      32         31          7          82       247          10
    12      5         50          8          50       249          10
    13      11         17          8          51       210          10
    14      30         18          8          34       213          10
    15      41         50          6          38       220          10
    16      46         17          9          73       228          10
    17      37         10          8          56       226          10
    18      46         45          10          73       232          10
    19      13         38          8          10       226          10
    20      45         34          5          77       208          10
    21      2         23          7          97       207          10
    22      50         38          7          0       224          10
    23      0         32          9          31       212          10
    24      48         34          6          66       203          10
    25      48         32          7          75       204          10
