r772
VEHICLE
NUMBER     CAPACITY
  10         100

CUSTOMER
CUST NO.  XCOORD.   YCOORD.    DEMAND   READY TIME  DUE DATE   SERVICE   TIME

    0      25         25          0          0          250         0
    1      3         30          10          24       231          10
    2      3         49          7          64       244          10
    3      23         26          7          91       244          10
    4      40         38          10          8       230          10
    5      39         17          8          56       204          10
    6      48         18          5          15       220          10
    7      27         47          9          15       220          10
    8      32         10          6          114       216          10
    9      46         42          10          64       235          10
    10      11         12          5          18       245          10
    11      9         25          9          89       244          10
    12      4         38          6          34       208          10
    13      18         5          5          119       227          10
    14      10         47          5          61       222          10
    15      11         5          7          19       222          10
    16      7         10          8          30       245          10
    17      34         46          8          53       220          10
    18      41         40          7          120       238          10
    19      44         44          10          81       207          10
    20      21         37          10          64       224          10
    21      0         43          8          1       234          10
    22      20         34          10          113       238          10
    23      45         16          5          57       214          10
    24      30         50          8          7       238          10
    25      28         38          7          80       246          10
