r774
VEHICLE
NUMBER     CAPACITY
  10         100

CUSTOMER
CUST NO.  XCOORD.   YCOORD.    DEMAND   READY TIME  DUE DATE   SERVICE   TIME

    0      25         25          0          0          250         0
    1      42         5          5          68       244          10
    2      30         40          9          26       224          10
    3      25         19          9          34       235          10
    4      38         43          6          31       223          10
    5      22         13          8          5       209          10
    6      42         26          7          9       245          10
    7      28         48          6          49       219          10
    8      37         43          9          21       207          10
    9      14         47          7          4       220          10
    10      30         25          8          49       211          10
    11      26         37          8          11       204          10
    12      19         0          10          88       217          10
    13      41         9          5          44       227          10
    14      3         15          8          27       246          10
    15      47         28          5          104       210          10
    16      44         5          9          18       214          10
    17      16         15          7          17       230          10
    18      22         40          8          46       245          10
    19      23         12          7          55       201          10
    20      25         25          9          85       228          10
    21      21         23          6          39       209          10
    22      50         10          5          120       231          10
    23      35         37          5          97       250          10
    24      8         25          6          35       222          10
    25      45         15          8          10       205          10
