r777
VEHICLE
NUMBER     CAPACITY
  10         100

CUSTOMER
CUST NO.  XCOORD.   YCOORD.    DEMAND   READY TIME  DUE DATE   SERVICE   TIME

    0      25         25          0          0          250         0
    1      49         33          10          111       219          10
    2      15         22          5          75       231          10
    3      28         18          7          36       224          10
    4      24         28          6          77       202          10
    5      29         40          6          52       244          10
    6      3         14          8          83       232          10
    7      26         33          7          117       208          10
    8      37         45          9          11       200          10
    9      21         19          8          10       238          10
    10      19         11          10          102       242          10
    11      42         42          8          56       231          10
    12      8         38          9          15       239          10
    13      2         1          8          117       244          10
    14      35         12          10          82       244          10
    15      34         12          8          23       206          10
    16      25         19          10          82       212          10
    17      35         50          6          113       232          10
    18      39         21          6          79       211          10
    19      13         29          5          115       204          10
    20      38         40          6          73       241          10
    21      45         13          8          40       204          10
    22      11         5          6          100       228          10
    23      7         15          10          51       237          10
    24      40         45          7          99       208          10
    25      32         28          8          48       222          10
