r778
VEHICLE
NUMBER     CAPACITY
  10         100

CUSTOMER
CUST NO.  XCOORD.   YCOORD.    DEMAND   READY TIME  DUE DATE   SERVICE   TIME

    0      25         25          0          0          250         0
    1      16         16          10          82       248          10
    2      42         10          8          23       243          10
    3      12         24          8          116       209          10
    4      48         33          8          44       240          10
    5      40         49          10          65       218          10
    6      12         49          10          28       209          10
    7      27         3          7          31       235          10
    8      0         29          6          66       224          10
    9      20         43          9          101       212          10
    10      13         31          6          27       230          10
    11      27         24          8          61       212          10
    12      15         35          5          18       241          10
    13      11         6          9          43       212          10
    14      24         41          5          9       244          10
    15      35         49          8          103       206          10
    16      32         31          10          83       236          10
    17      15         49          5          11       215          10
    18      25         32          10          2       231          10
    19      3         3          8          111       231          10
    20      13         50          9          14       248          10
    21      40         1          10          69       245          10
    22      34         28          5          3       202          10
    23      20         46          7          86       236          10
    24      23         43          10          90       236          10
    25      44         8          8          3       240          10
