r779
VEHICLE
NUMBER     CAPACITY
  10         100

CUSTOMER
CUST NO.  XCOORD.   YCOORD.    DEMAND   READY TIME  DUE DATE   SERVICE   TIME

    0      25         25          0          0          250         0
    1      48         7          9          58       233          10
    2      1         15          8          51       205          10
    3      2         44          7          48       221          10
    4      33         11          9          67       225          10
    5      0         14          8          74       204          10
    6      40         50          7          35       242          10
    7      28         30          5          23       201          10
    8      50         44          5          3       223          10
    9      13         38          5          116       240          10
    10      16         2          8          51       234          10
    11      23         30          5          15       213          10
    12      49         49          7          84       235          10
    13      14         20          8          27       242          10
    14      18         33          9          29       248          10
    15      32         23          5          109       228          10
    16      26         25          10          120       241          10
    17      6         42          9          80       234          10
    18      29         39          8          26       216          10
    19      50         31          10          40       215          10
    20      11         4          5          112       212          10
    21      3         39          9          54       240          10
    22      1         32          7          32       218          10
    23      3         20          7          50       206          10
    24      33         48          6          101       239          10
    25      48         44          9          38       223          10
