r780
VEHICLE
NUMBER     CAPACITY
  10         100

CUSTOMER
CUST NO.  XCOORD.   YCOORD.    DEMAND   READY TIME  DUE DATE   SERVICE   TIME

    0      25         25          0          0          250         0
    1      28         15          9          54       239          10
    2      33         46          6          95       206          10
    3      43         6          8          67       207          10
    4      40         6          9          8       224          10
    5      22         6          9          13       212          10
    6      31         7          6          10       233          10
    7      14         7          8          46       206          10
    8      11         9          10          0       222          10
    9      17         10          10          67       249          10
    10      46         23          8          69       214          10
    11      50         12          6          65       222          10
    12      15         37          5          26       231          10
    13      9         26          8          16       246          10
    14      15         27          7          83       217          10
    15      44         3          10          91       201          10
    16      30         6          8          103       250          10
    17      9         0          9          39       200          10
    18      46         23          5          88       218          10
    19      33         49          9          105       224          10
    20      18         19          9          18       220          10
    21      39         9          8          73       200          10
    22      42         36          5          120       211          10
    23      36         37          10          5       213          10
    24      8         13          8          37       246          10
    25      34         9          10          59       228          10
