r782
VEHICLE
NUMBER     CAPACITY
  10         100

CUSTOMER
CUST NO.  XCOORD.   YCOORD.    DEMAND   READY TIME  DUE DATE   SERVICE   TIME

    0      25         25          0          0          250         0
    1      7         12          8          99       218          10
    2      14         37          8          69       201          10
    3      29         40          9          22       200          10
    4      45         27          6          12       241          10
    5      7         19          7          113       245          10
    6      34         37          8          64       230          10
    7      14         15          5          114       226          10
    8      50         5          5          100       200          10
    9      19         44          6          109       226          10
    10      45         20          7          19       236          10
    11      50         32          5          61       246          10
    12      42         36          10          59       231          10
    13      28         15          9          70       221          10
    14      42         46          9          95       234          10
    15      3         32          7          71       240          10
    16      26         21          8          28       205          10
    17      25         48          7          25       237          10
    18      10         41          6          105       227          10
    19      26         33          7          19       239          10
    20      9         33          9          85       201          10
    21      18         47          7          34       249          10
    22      35         35          9          93       204          10
    23      31         39          6          38       218          10
    24      6         23          7          67       227          10
    25      30         19          9          70       207          10
