r783
VEHICLE
NUMBER     CAPACITY
  10         100

CUSTOMER
CUST NO.  XCOORD.   YCOORD.    DEMAND   READY TIME  DUE DATE   SERVICE   TIME

    0      25         25          0          0          250         0
    1      22         16          5          112       235          10
    2      9         35          6          21       237          10
    3      29         48          5          57       212          10
    4      10         8          6          96       225          10
    5      42         36          7          15       238          10
    6      45         5          8          7       210          10
    7      16         32          8          71       227          10
    8      40         37          10          11       221          10
    9      9         42          7          85       234          10
    10      28         16          5          108       222          10
    11      35         17          7          100       225          10
    12      48         10          5          102       200          10
    13      6         35          8          38       200          10
    14      29         25          8          2       248          10
    15      7         32          8          16       247          10
    16      47         39          8          5       246          10
    17      45         22          9          38       210          10
    18      12         21          6          113       236          10
    19      1         11          10          96       237          10
    20      42         4          5          3       210          10
    21      11         6          10          120       200          10
    22      45         36          5          36       230          10
    23      5         14          8          26       240          10
    24      24         25          8          1       211          10
    25      37         19          6          63       207          10
