r786
VEHICLE
NUMBER     CAPACITY
  10         100

CUSTOMER
CUST NO.  XCOORD.   YCOORD.    DEMAND   READY TIME  DUE DATE   SERVICE   TIME

    0      25         25          0          0          250         0
    1      25         2          9          37       228          10
    2      48         28          10          90       228          10
    3      17         29          9          23       234          10
    4      31         8          10          10       250          10
    5      6         40          7          6       221          10
    6      22         44          10          102       222          10
    7      11         23          9          22       249          10
    8      3         22          8          94       244          10
    9      37         28          6          55       218          10
    10      23         50          9          47       227          10
    11      20         39          10          24       241          10
    12      39         44          6          88       223          10
    13      36         5          7          97       212          10
    14      25         16          6          26       232          10
    15      19         5          8          102       208          10
    16      12         30          7          2       232          10
    17      16         19          10          115       205          10
    18      10         9          5          14       212          10
    19      39         11          6          119       210          10
    20      39         38          5          9       211          10
    21      36         41          7          103       226          10
    22      29         39          7          47       228          10
    23      42         38          5          17       223          10
    24      49         14          9          111       222          10
    25      5         9          8          63       246          10
