r787
VEHICLE
NUMBER     CAPACITY
  10         100

CUSTOMER
CUST NO.  XCOORD.   YCOORD.    DEMAND   READY TIME  DUE DATE   SERVICE   TIME

    0      25         25          0          0          250         0
    1      6         49          9          74       229          10
    2      17         31          10          71       208          10
    3      8         17          7          50       241          10
    4      20         18          10          115       223          10
    5      29         24          7          26       217          10
    6      47         18          10          93       202          10
    7      36         28          5          116       249          10
    8      50         19          8          94       248          10
    9      28         28          9          82       224          10
    10      47         20          10          88       213          10
    11      5         44          7          105       250          10
    12      24         36          8          22       242          10
    13      2         6          10          11       203          10
    14      48         49          8          118       215          10
    15      36         41          7          83       233          10
    16      8         34          8          69       225          10
    17      20         15          6          81       240          10
    18      1         37          5          12       238          10
    19      12         16          9          49       225          10
    20      46         4          10          88       236          10
    21      44         29          10          100       228          10
    22      1         40          5          88       228          10
    23      25         3          10          71       200          10
    24      1         44          10          27       223          10
    25      15         9          5          3       210          10
