r791
VEHICLE
NUMBER     CAPACITY
  10         100

CUSTOMER
CUST NO.  XCOORD.   YCOORD.    DEMAND   READY TIME  DUE DATE   SERVICE   TIME

    0      25         25          0          0          250         0
    1      36         38          7          60       235          10
    2      14         5          7          15       221          10
    3      26         16          9          33       217          10
    4      34         3          9          110       232          10
    5      10         47          6          114       241          10
    6      29         36          6          78       203          10
    7      16         21          6          106       235          10
    8      1         25          7          116       235          10
    9      9         25          6          58       214          10
    10      32         42          6          27       237          10
    11      24         46          8          87       214          10
    12      26         37          9          26       221          10
    13      32         26          10          98       210          10
    14      37         28          5          116       224          10
    15      25         33          8          19       248          10
    16      16         26          5          62       218          10
    17      21         44          5          37       248          10
    18      46         41          6          23       210          10
    19      35         11          9          70       227          10
    20      26         22          7          107       239          10
    21      18         14          6          18       233          10
    22      32         23          10          88       248          10
    23      49         41          10          83       206          10
    24      41         7          5          29       230          10
    25      13         46          5          34       202          10
