r793
VEHICLE
NUMBER     CAPACITY
  10         100

CUSTOMER
CUST NO.  XCOORD.   YCOORD.    DEMAND   READY TIME  DUE DATE   SERVICE   TIME

    0      25         25          0          0          250         0
    1      38         36          5          37       235          10
    2      46         43          10          25       204          10
    3      50         31          7          94       224          10
    4      42         35          9          112       200          10
    5      7         36          8          106       232          10
    6      11         1          10          19       222          10
    7      12         37          9          3       247          10
    8      2         11          9          64       204          10
    9      37         24          7          50       213          10
    10      19         22          6          63       221          10
    11      50         33          5          67       230          10
    12      49         5          6          104       217          10
    13      47         33          7          54       214          10
    14      20         45          7          62       215          10
    15      41         2          9          60       215          10
    16      28         5          8          84       215          10
    17      4         24          10          89       243          10
    18      10         38          5          46       207          10
    19      47         45          8          54       205          10
    20      14         17          7          64       208          10
    21      3         3          6          49       231          10
    22      36         36          6          51       244          10
    23      32         15          7          85       248          10
    24      32         7          5          13       243          10
    25      23         15          9          118       247          10
