r794
VEHICLE
NUMBER     CAPACITY
  10         100

CUSTOMER
CUST NO.  XCOORD.   YCOORD.    DEMAND   READY TIME  DUE DATE   SERVICE   TIME

    0      25         25          0          0          250         0
    1      31         19          5          109       212          10
    2      6         26          6          63       227          10
    3      16         15          10          95       203          10
    4      32         28          10          53       202          10
    5      31         34          8          54       207          10
    6      47         13          8          107       226          10
    7      45         41          6          71       235          10
    8      41         27          7          119       234          10
    9      34         15          9          18       221          10
    10      29         17          5          25       243          10
    11      16         12          9          6       205          10
    12      36         12          8          35       214          10
    13      4         47          5          1       205          10
    14      29         46          9          3       237          10
    15      14         21          7          114       216          10
    16      20         45          7          15       245          10
    17      36         49          9          43       249          10
    18      8         47          8          8       229          10
    19      1         9          8          1       221          10
    20      9         32          5          69       206          10
    21      26         22          7          49       204          10
    22      13         40          6          115       201          10
    23      13         39          9          10       249          10
    24      21         27          10          93       212          10
    25      37         49          8          66       241          10
