r795
VEHICLE
NUMBER     CAPACITY
  10         100

CUSTOMER
CUST NO.  XCOORD.   YCOORD.    DEMAND   READY TIME  DUE DATE   SERVICE   TIME

    0      25         25          0          0          250         0
    1      41         14          5          119       214          10
    2      24         18          6          95       236          10
    3      11         34          10          8       216          10
    4      32         30          8          57       226          10
    5      7         20          9          49       220          10
    6      50         8          10          104       213          10
    7      25         22          10          37       203          10
    8      16         12          10          17       240          10
    9      14         24          8          115       229          10
    10      4         46          9          45       247          10
    11      4         21          9          75       229          10
    12      11         8          5          105       242          10
    13      39         5          9          8       228          10
    14      23         49          8          52       205          10
    15      34         7          7          50       236          10
    16      36         8          8          18       226          10
    17      38         47          7          74       213          10
    18      19         31          7          55       211          10
    19      4         30          6          29       230          10
    20      7         25          10          89       237          10
    21      20         47          6          16       219          10
    22      18         20          8          73       215          10
    23      31         5          7          30       237          10
    24      18         40          10          13       212          10
    25      18         15          10          47       234          10
