r796
VEHICLE
NUMBER     CAPACITY
  10         100

CUSTOMER
CUST NO.  XCOORD.   YCOORD.    DEMAND   READY TIME  DUE DATE   SERVICE   TIME

    0      25         25          0          0          250         0
    1      33         12          8          21       231          10
    2      44         17          6          98       245          10
    3      42         11          8          55       203          10
    4      24         26          6          3       245          10
    5      4         44          9          90       228          10
    6      19         22          6          74       236          10
    7      46         11          7          104       204          10
    8      41         34          6          20       215          10
    9      9         6          9          48       227          10
    10      46         21          9          97       242          10
    11      30         13          10          109       246          10
    12      8         24          9          42       203          10
    13      44         7          9          47       202          10
    14      4         7          6          72       239          10
    15      24         48          8          59       214          10
    16      4         3          7          71       221          10
    17      11         49          5          11       208          10
    18      43         31          5          1       225          10
    19      16         32          10          27       230          10
    20      42         47          10          40       214          10
    21      13         38          7          8       217          10
    22      10         25          7          1       248          10
    23      38         17          8          25       228          10
    24      18         9          8          26       236          10
    25      33         33          10          101       203          10
