r801
VEHICLE
NUMBER     CAPACITY
  10         100

CUSTOMER
CUST NO.  XCOORD.   YCOORD.    DEMAND   READY TIME  DUE DATE   SERVICE   TIME

    0      25         25          0          0          250         0
    1      12         3          9          61       241          10
    2      28         20          5          20       211          10
    3      45         49          8          95       249          10
    4      36         48          9          32       227          10
    5      44         27          9          70       248          10
    6      30         37          6          18       205          10
    7      39         0          7          45       234          10
    8      36         43          8          78       224          10
    9      10         14          10          26       249          10
    10      50         21          5          3       230          10
    11      19         6          7          80       225          10
    12      46         28          7          53       243          10
    13      30         38          9          73       207          10
    14      25         49          7          2       232          10
    15      25         34          7          97       219          10
    16      19         37          6          32       213          10
    17      0         33          6          58       204          10
    18      16         37          8          101       241          10
    19      12         7          8          32       230          10
    20      50         14          9          111       201          10
    21      15         13          7          24       247          10
    22      6         34          5          34       219          10
    23      44         32          5          82       221          10
    24      34         21          8          69       202          10
    25      29         33          5          24       201          10
