r803
VEHICLE
NUMBER     CAPACITY
  10         100

CUSTOMER
CUST NO.  XCOORD.   YCOORD.    DEMAND   READY TIME  DUE DATE   SERVICE   TIME

    0      25         25          0          0          250         0
    1      36         38          5          62       223          10
    2      47         4          8          22       242          10
    3      19         11          8          66       250          10
    4      47         7          7          92       205          10
    5      39         41          9          30       222          10
    6      0         50          8          72       239          10
    7      43         39          6          76       230          10
    8      43         26          9          112       215          10
    9      18         10          6          7       219          10
    10      18         35          9          75       241          10
    11      38         50          8          51       224          10
    12      31         9          9          120       216          10
    13      40         41          5          42       208          10
    14      4         36          8          85       210          10
    15      16         21          6          120       204          10
    16      5         10          9          68       225          10
    17      41         45          5          27       225          10
    18      29         43          7          38       220          10
    19      31         3          10          112       217          10
    20      12         9          5          16       232          10
    21      22         33          6          9       242          10
    22      50         26          5          101       231          10
    23      23         25          6          60       220          10
    24      32         49          5          10       209          10
    25      9         5          8          64       233          10
