r805
VEHICLE
NUMBER     CAPACITY
  10         100

CUSTOMER
CUST NO.  XCOORD.   YCOORD.    DEMAND   READY TIME  DUE DATE   SERVICE   TIME

    0      25         25          0          0          250         0
    1      35         17          6          47       223          10
    2      2         26          7          106       230          10
    3      6         8          5          117       217          10
    4      40         28          8          30       246          10
    5      16         20          6          70       226          10
    6      6         24          10          23       211          10
    7      35         18          5          52       228          10
    8      32         13          9          77       234          10
    9      28         49          6          88       248          10
    10      44         39          5          42       227          10
    11      6         45          7          25       248          10
    12      42         28          10          0       200          10
    13      28         20          5          7       232          10
    14      22         46          8          63       225          10
    15      20         26          7          97       204          10
    16      38         30          9          40       231          10
    17      46         38          6          88       224          10
    18      32         16          6          111       208          10
    19      15         50          6          85       246          10
    20      8         35          7          95       222          10
    21      42         50          6          60       231          10
    22      35         33          10          45       222          10
    23      42         11          7          95       222          10
    24      36         24          8          98       210          10
    25      12         19          8          7       209          10
