r808
VEHICLE
NUMBER     CAPACITY
  10         100

CUSTOMER
CUST NO.  XCOORD.   YCOORD.    DEMAND   READY TIME  DUE DATE   SERVICE   TIME

    0      25         25          0          0          250         0
    1      39         43          6          96       226          10
    2      42         6          6          115       210          10
    3      30         1          8          116       203          10
    4      17         25          10          69       234          10
    5      36         49          9          95       237          10
    6      33         40          6          28       216          10
    7      7         50          5          20       206          10
    8      50         7          5          67       238          10
    9      42         3          9          9       220          10
    10      22         9          7          48       216          10
    11      45         29          10          36       243          10
    12      25         24          9          107       225          10
    13      28         4          10          6       248          10
    14      8         30          10          40       224          10
    15      8         49          7          101       226          10
    16      6         13          6          34       204          10
    17      20         8          6          25       222          10
    18      15         5          9          73       224          10
    19      37         22          6          43       239          10
    20      43         37          6          82       227          10
    21      3         38          6          26       229          10
    22      11         37          9          42       201          10
    23      4         15          9          62       213          10
    24      47         48          8          104       201          10
    25      39         22          6          57       238          10
