r811
VEHICLE
NUMBER     CAPACITY
  10         100

CUSTOMER
CUST NO.  XCOORD.   YCOORD.    DEMAND   READY TIME  DUE DATE   SERVICE   TIME

    0      25         25          0          0          250         0
    1      25         3          8          48       213          10
    2      1         39          6          84       208          10
    3      22         42          10          115       220          10
    4      35         43          9          29       214          10
    5      48         23          9          66       217          10
    6      32         34          7          36       234          10
    7      40         26          7          34       232          10
    8      49         24          5          106       238          10
    9      6         24          9          6       238          10
    10      44         32          7          12       224          10
    11      0         2          6          56       239          10
    12      8         49          9          12       214          10
    13      14         44          7          75       204          10
    14      19         2          8          41       207          10
    15      28         6          8          42       235          10
    16      23         10          6          85       236          10
    17      39         16          10          54       201          10
    18      20         37          8          105       202          10
    19      0         21          10          45       244          10
    20      17         38          5          9       224          10
    21      24         3          6          5       207          10
    22      29         28          6          103       205          10
    23      19         19          6          70       229          10
    24      25         4          9          113       227          10
    25      48         29          8          21       212          10
