r812
VEHICLE
NUMBER     CAPACITY
  10         100

CUSTOMER
CUST NO.  XCOORD.   YCOORD.    DEMAND   READY TIME  DUE DATE   SERVICE   TIME

    0      25         25          0          0          250         0
    1      7         17          10          98       229          10
    2      26         31          8          5       247          10
    3      41         40          6          35       219          10
    4      23         39          9          32       232          10
    5      22         12          10          3       223          10
    6      44         50          6          60       207          10
    7      24         36          6          85       232          10
    8      27         39          8          60       226          10
    9      14         41          8          79       213          10
    10      36         6          8          88       217          10
    11      9         0          7          77       203          10
    12      27         35          6          74       227          10
    13      22         14          6          52       243          10
    14      18         49          8          109       230          10
    15      21         13          5          106       236          10
    16      23         23          6          100       205          10
    17      8         49          6          75       210          10
    18      48         25          6          59       210          10
    19      35         40          6          74       214          10
    20      29         35          7          75       214          10
    21      3         39          8          79       207          10
    22      10         13          10          95       211          10
    23      39         21          8          68       210          10
    24      11         15          6          43       245          10
    25      1         2          9          38       209          10
