r813
VEHICLE
NUMBER     CAPACITY
  10         100

CUSTOMER
CUST NO.  XCOORD.   YCOORD.    DEMAND   READY TIME  DUE DATE   SERVICE   TIME

    0      25         25          0          0          250         0
    1      2         18          7          12       222          10
    2      12         27          5          3       222          10
    3      38         19          5          66       208          10
    4      36         47          9          4       208          10
    5      17         17          7          18       240          10
    6      6         32          6          48       223          10
    7      40         29          5          5       213          10
    8      39         39          9          99       243          10
    9      17         26          9          120       248          10
    10      12         47          8          58       249          10
    11      10         18          9          37       209          10
    12      15         28          7          108       208          10
    13      40         41          7          16       230          10
    14      3         24          10          8       203          10
    15      36         7          6          98       228          10
    16      15         0          9          106       247          10
    17      4         13          6          84       247          10
    18      29         13          5          42       229          10
    19      7         26          6          82       219          10
    20      13         21          9          96       201          10
    21      5         5          5          25       240          10
    22      1         15          10          6       203          10
    23      22         15          7          21       232          10
    24      3         47          9          4       201          10
    25      7         49          6          85       230          10
