r814
VEHICLE
NUMBER     CAPACITY
  10         100

CUSTOMER
CUST NO.  XCOORD.   YCOORD.    DEMAND   READY TIME  DUE DATE   SERVICE   TIME

    0      25         25          0          0          250         0
    1      5         45          5          92       227          10
    2      8         4          6          86       236          10
    3      21         46          10          9       239          10
    4      21         32          7          19       242          10
    5      34         47          6          72       206          10
    6      44         7          9          19       223          10
    7      9         43          9          44       205          10
    8      48         12          9          44       249          10
    9      9         41          8          74       223          10
    10      34         9          8          80       209          10
    11      38         33          7          92       250          10
    12      48         5          7          88       224          10
    13      6         10          5          37       232          10
    14      44         29          8          88       237          10
    15      4         25          8          17       207          10
    16      3         26          10          58       242          10
    17      1         41          7          46       248          10
    18      8         1          5          23       245          10
    19      25         5          9          72       243          10
    20      50         37          6          62       233          10
    21      39         29          5          89       220          10
    22      44         34          6          24       232          10
    23      19         44          5          84       205          10
    24      2         14          8          41       209          10
    25      20         30          7          21       243          10
