r815
VEHICLE
NUMBER     CAPACITY
  10         100

CUSTOMER
CUST NO.  XCOORD.   YCOORD.    DEMAND   READY TIME  DUE DATE   SERVICE   TIME

    0      25         25          0          0          250         0
    1      37         13          8          100       214          10
    2      50         44          6          94       208          10
    3      41         3          8          79       237          10
    4      43         38          7          89       215          10
    5      48         35          9          72       240          10
    6      41         17          9          75       234          10
    7      44         27          8          65       246          10
    8      1         3          8          95       221          10
    9      41         8          10          44       224          10
    10      40         25          5          60       201          10
    11      39         6          7          93       238          10
    12      2         11          5          118       247          10
    13      2         36          9          95       237          10
    14      15         34          9          7       210          10
    15      11         10          7          118       225          10
    16      25         7          9          78       235          10
    17      3         14          10          35       230          10
    18      47         43          9          112       248          10
    19      16         11          5          39       200          10
    20      9         32          7          103       242          10
    21      9         41          6          51       208          10
    22      43         5          10          106       209          10
    23      16         2          6          100       238          10
    24      37         18          6          64       233          10
    25      1         25          5          68       244          10
