r816
VEHICLE
NUMBER     CAPACITY
  10         100

CUSTOMER
CUST NO.  XCOORD.   YCOORD.    DEMAND   READY TIME  DUE DATE   SERVICE   TIME

    0      25         25          0          0          250         0
    1      43         15          7          39       201          10
    2      39         7          10          55       219          10
    3      7         36          6          99       223          10
    4      34         12          9          24       227          10
    5      46         49          8          22       243          10
    6      45         9          5          79       212          10
    7      22         9          5          17       227          10
    8      38         36          6          66       240          10
    9      21         25          6          40       234          10
    10      39         11          5          92       209          10
    11      14         47          9          33       243          10
    12      11         33          6          36       225          10
    13      19         37          8          96       232          10
    14      5         16          5          44       247          10
    15      8         44          10          100       250          10
    16      16         42          9          41       202          10
    17      2         34          5          33       200          10
    18      42         2          5          66       243          10
    19      7         35          10          27       243          10
    20      11         21          10          18       219          10
    21      17         10          5          49       213          10
    22      16         36          9          42       233          10
    23      25         28          9          31       235          10
    24      41         42          10          25       231          10
    25      45         22          10          44       229          10
