r817
VEHICLE
NUMBER     CAPACITY
  10         100

CUSTOMER
CUST NO.  XCOORD.   YCOORD.    DEMAND   READY TIME  DUE DATE   SERVICE   TIME

    0      25         25          0          0          250         0
    1      8         14          7          78       245          10
    2      13         38          8          3       238          10
    3      39         12          5          27       200          10
    4      44         46          6          15       224          10
    5      23         27          8          0       245          10
    6      6         8          10          14       227          10
    7      33         10          8          120       200          10
    8      17         28          9          25       223          10
    9      4         18          6          101       239          10
    10      15         1          9          10       218          10
    11      30         9          6          102       207          10
    12      21         31          8          0       232          10
    13      9         45          10          48       217          10
    14      29         39          10          58       216          10
    15      31         7          8          94       237          10
    16      35         26          7          43       220          10
    17      24         25          6          25       248          10
    18      47         25          5          20       247          10
    19      6         35          8          115       209          10
    20      44         3          8          60       212          10
    21      28         32          6          113       236          10
    22      34         23          7          77       248          10
    23      5         16          6          42       208          10
    24      47         50          6          87       210          10
    25      38         49          9          96       234          10
