r818
VEHICLE
NUMBER     CAPACITY
  10         100

CUSTOMER
CUST NO.  XCOORD.   YCOORD.    DEMAND   READY TIME  DUE DATE   SERVICE   TIME

    0      25         25          0          0          250         0
    1      24         2          9          35       245          10
    2      2         6          7          48       214          10
    3      30         32          10          81       211          10
    4      43         43          10          9       203          10
    5      37         45          6          17       207          10
    6      39         25          8          36       228          10
    7      19         24          5          119       201          10
    8      9         45          6          44       249          10
    9      25         12          8          8       226          10
    10      46         1          9          6       234          10
    11      0         6          10          2       223          10
    12      16         22          5          49       201          10
    13      30         12          5          96       248          10
    14      18         28          9          79       234          10
    15      38         35          6          18       216          10
    16      2         7          9          23       241          10
    17      22         8          7          63       228          10
    18      29         18          6          65       201          10
    19      43         36          8          42       245          10
    20      13         8          5          89       207          10
    21      23         20          10          18       211          10
    22      4         32          7          85       229          10
    23      7         43          9          96       203          10
    24      37         11          9          119       230          10
    25      11         42          7          83       236          10
