r819
VEHICLE
NUMBER     CAPACITY
  10         100

CUSTOMER
CUST NO.  XCOORD.   YCOORD.    DEMAND   READY TIME  DUE DATE   SERVICE   TIME

    0      25         25          0          0          250         0
    1      34         19          5          49       245          10
    2      46         30          9          113       249          10
    3      31         33          9          115       236          10
    4      1         13          9          14       225          10
    5      19         41          8          86       230          10
    6      16         38          10          103       200          10
    7      7         18          7          65       222          10
    8      48         2          9          118       223          10
    9      45         9          5          60       220          10
    10      50         41          7          110       211          10
    11      11         13          5          93       201          10
    12      44         15          9          100       206          10
    13      6         21          8          98       221          10
    14      17         37          5          35       223          10
    15      40         14          5          15       239          10
    16      30         36          10          61       248          10
    17      22         29          9          86       244          10
    18      47         2          6          60       224          10
    19      5         13          8          94       240          10
    20      34         24          5          114       215          10
    21      36         1          5          2       218          10
    22      33         5          5          49       218          10
    23      17         25          10          114       206          10
    24      25         49          6          92       202          10
    25      25         27          6          87       216          10
