r820
VEHICLE
NUMBER     CAPACITY
  10         100

CUSTOMER
CUST NO.  XCOORD.   YCOORD.    DEMAND   READY TIME  DUE DATE   SERVICE   TIME

    0      25         25          0          0          250         0
    1      40         1          10          89       220          10
    2      19         8          6          72       206          10
    3      35         15          6          89       245          10
    4      32         5          5          56       201          10
    5      6         30          8          111       222          10
    6      0         2          7          45       240          10
    7      39         19          7          9       236          10
    8      21         3          9          52       238          10
    9      7         23          9          58       202          10
    10      27         0          5          116       230          10
    11      8         50          6          99       244          10
    12      26         24          9          9       206          10
    13      16         7          7          28       239          10
    14      23         49          9          35       201          10
    15      31         50          9          53       250          10
    16      10         38          10          45       247          10
    17      0         14          9          28       219          10
    18      49         42          5          71       220          10
    19      12         27          9          19       239          10
    20      18         8          7          24       220          10
    21      3         39          8          95       238          10
    22      31         33          5          89       225          10
    23      21         10          9          73       213          10
    24      47         27          9          13       200          10
    25      46         21          8          62       232          10
