r826
VEHICLE
NUMBER     CAPACITY
  10         100

CUSTOMER
CUST NO.  XCOORD.   YCOORD.    DEMAND   READY TIME  DUE DATE   SERVICE   TIME

    0      25         25          0          0          250         0
    1      25         25          9          101       215          10
    2      29         47          6          99       216          10
    3      47         16          9          40       239          10
    4      11         16          7          70       237          10
    5      49         23          10          74       227          10
    6      16         49          8          43       228          10
    7      29         46          8          19       203          10
    8      35         25          8          36       237          10
    9      13         3          5          62       249          10
    10      7         27          10          17       245          10
    11      3         6          7          45       233          10
    12      22         27          5          119       219          10
    13      22         41          5          43       232          10
    14      41         37          7          13       235          10
    15      25         43          5          116       236          10
    16      12         15          5          39       205          10
    17      39         20          6          100       227          10
    18      38         18          8          21       239          10
    19      17         7          7          73       206          10
    20      1         47          10          83       237          10
    21      46         19          10          97       238          10
    22      35         32          5          68       246          10
    23      50         26          9          63       226          10
    24      37         17          7          88       244          10
    25      6         33          9          93       250          10
