r827
VEHICLE
NUMBER     CAPACITY
  10         100

CUSTOMER
CUST NO.  XCOORD.   YCOORD.    DEMAND   READY TIME  DUE DATE   SERVICE   TIME

    0      25         25          0          0          250         0
    1      39         27          5          101       243          10
    2      45         49          10          46       208          10
    3      44         6          8          54       226          10
    4      24         33          6          51       211          10
    5      39         6          6          38       212          10
    6      13         46          8          28       243          10
    7      33         5          6          87       232          10
    8      49         48          5          55       228          10
    9      38         5          10          66       249          10
    10      25         25          6          19       232          10
    11      7         50          10          7       221          10
    12      41         46          7          27       247          10
    13      28         25          10          80       217          10
    14      32         5          8          41       204          10
    15      31         6          9          71       228          10
    16      29         43          6          22       240          10
    17      32         21          9          18       234          10
    18      19         8          9          62       203          10
    19      35         35          9          110       206          10
    20      0         26          8          110       213          10
    21      26         6          5          93       216          10
    22      9         44          7          81       219          10
    23      33         12          8          73       218          10
    24      0         16          6          120       242          10
    25      3         14          8          36       215          10
