r829
VEHICLE
NUMBER     CAPACITY
  10         100

CUSTOMER
CUST NO.  XCOORD.   YCOORD.    DEMAND   READY TIME  DUE DATE   SERVICE   TIME

    0      25         25          0          0          250         0
    1      7         1          5          24       238          10
    2      46         48          5          81       203          10
    3      23         0          9          112       229          10
    4      35         35          10          107       212          10
    5      48         27          10          36       245          10
    6      44         49          7          57       233          10
    7      48         18          10          1       217          10
    8      15         19          10          64       201          10
    9      25         14          5          27       232          10
    10      33         50          9          31       218          10
    11      5         28          9          98       201          10
    12      29         43          5          25       240          10
    13      27         25          8          68       249          10
    14      21         36          8          68       209          10
    15      19         24          9          107       217          10
    16      15         19          9          79       232          10
    17      1         31          10          17       202          10
    18      22         9          7          115       245          10
    19      42         19          5          98       211          10
    20      47         17          6          23       231          10
    21      42         30          7          32       203          10
    22      26         36          5          116       203          10
    23      48         38          7          73       232          10
    24      10         33          6          81       249          10
    25      10         37          6          119       232          10
