r830
VEHICLE
NUMBER     CAPACITY
  10         100

CUSTOMER
CUST NO.  XCOORD.   YCOORD.    DEMAND   READY TIME  DUE DATE   SERVICE   TIME

    0      25         25          0          0          250         0
    1      22         12          9          110       219          10
    2      39         40          9          90       247          10
    3      18         20          10          97       208          10
    4      43         40          10          45       250          10
    5      4         31          5          106       200          10
    6      27         12          9          95       213          10
    7      44         39          9          13       220          10
    8      10         12          5          57       209          10
    9      6         19          5          108       203          10
    10      41         45          7          24       223          10
    11      16         34          8          13       226          10
    12      20         49          5          13       224          10
    13      21         27          9          72       210          10
    14      44         5          9          62       242          10
    15      32         34          6          59       235          10
    16      19         47          7          56       237          10
    17      33         38          5          2       247          10
    18      33         38          6          110       204          10
    19      10         18          5          20       229          10
    20      46         5          7          25       242          10
    21      17         43          10          15       247          10
    22      10         14          9          53       204          10
    23      4         24          6          13       234          10
    24      12         22          7          57       245          10
    25      30         42          9          49       235          10
