r831
VEHICLE
NUMBER     CAPACITY
  10         100

CUSTOMER
CUST NO.  XCOORD.   YCOORD.    DEMAND   READY TIME  DUE DATE   SERVICE   TIME

    0      25         25          0          0          250         0
    1      45         36          10          25       211          10
    2      1         42          9          115       235          10
    3      17         43          6          74       224          10
    4      5         26          8          120       224          10
    5      14         9          8          2       224          10
    6      3         25          5          71       236          10
    7      31         19          10          57       235          10
    8      24         37          6          117       209          10
    9      27         22          9          49       207          10
    10      13         40          8          40       232          10
    11      14         4          9          89       245          10
    12      20         19          5          84       202          10
    13      38         21          6          27       213          10
    14      26         7          5          42       244          10
    15      12         21          10          86       201          10
    16      0         29          9          102       231          10
    17      50         44          10          48       220          10
    18      5         30          10          109       241          10
    19      48         49          6          105       236          10
    20      14         25          9          74       201          10
    21      47         3          5          66       226          10
    22      12         33          9          16       237          10
    23      47         23          8          27       244          10
    24      6         4          6          86       241          10
    25      25         25          9          79       217          10
