r832
VEHICLE
NUMBER     CAPACITY
  10         100

CUSTOMER
CUST NO.  XCOORD.   YCOORD.    DEMAND   READY TIME  DUE DATE   SERVICE   TIME

    0      25         25          0          0          250         0
    1      31         36          9          59       203          10
    2      31         41          7          90       231          10
    3      42         49          10          115       210          10
    4      1         40          9          19       236          10
    5      34         14          6          64       204          10
    6      29         7          9          100       242          10
    7      31         6          10          39       240          10
    8      18         47          9          18       242          10
    9      17         33          5          44       248          10
    10      16         17          8          5       201          10
    11      31         40          9          16       202          10
    12      12         29          7          91       239          10
    13      31         37          7          91       224          10
    14      45         23          10          72       209          10
    15      10         17          10          31       205          10
    16      24         46          8          73       210          10
    17      8         35          5          16       224          10
    18      12         36          9          83       203          10
    19      46         30          9          95       232          10
    20      2         22          5          19       207          10
    21      13         43          8          17       241          10
    22      34         40          10          88       213          10
    23      23         25          6          95       210          10
    24      0         19          7          52       206          10
    25      31         6          7          61       242          10
