r836
VEHICLE
NUMBER     CAPACITY
  10         100

CUSTOMER
CUST NO.  XCOORD.   YCOORD.    DEMAND   READY TIME  DUE DATE   SERVICE   TIME

    0      25         25          0          0          250         0
    1      46         19          10          118       229          10
    2      27         28          6          82       233          10
    3      6         9          10          90       235          10
    4      10         38          6          26       249          10
    5      35         50          8          89       205          10
    6      33         3          5          34       232          10
    7      41         8          7          103       230          10
    8      7         29          6          30       230          10
    9      3         40          5          36       214          10
    10      48         36          7          36       241          10
    11      3         49          8          28       209          10
    12      4         17          6          101       209          10
    13      0         42          8          41       209          10
    14      10         32          6          80       226          10
    15      14         30          9          35       238          10
    16      7         36          6          7       202          10
    17      44         17          7          34       208          10
    18      9         49          9          66       203          10
    19      1         23          5          102       232          10
    20      24         33          9          28       204          10
    21      13         31          5          58       213          10
    22      4         18          9          115       230          10
    23      49         32          9          43       227          10
    24      39         33          5          92       205          10
    25      2         48          6          110       247          10
