r837
VEHICLE
NUMBER     CAPACITY
  10         100

CUSTOMER
CUST NO.  XCOORD.   YCOORD.    DEMAND   READY TIME  DUE DATE   SERVICE   TIME

    0      25         25          0          0          250         0
    1      3         7          9          19       220          10
    2      18         31          7          23       247          10
    3      22         19          7          114       236          10
    4      5         3          6          39       200          10
    5      18         23          8          70       244          10
    6      13         36          8          6       238          10
    7      30         34          8          45       213          10
    8      2         0          9          73       228          10
    9      44         0          8          116       217          10
    10      18         22          9          14       212          10
    11      11         0          6          39       227          10
    12      7         45          8          47       226          10
    13      49         15          10          80       205          10
    14      41         37          6          76       217          10
    15      34         17          7          99       238          10
    16      16         18          5          53       220          10
    17      25         9          7          12       232          10
    18      11         20          8          92       227          10
    19      44         20          7          69       204          10
    20      1         28          6          74       203          10
    21      26         48          6          39       234          10
    22      8         38          5          94       200          10
    23      19         11          10          113       245          10
    24      22         6          7          46       213          10
    25      39         10          6          70       203          10
