r838
VEHICLE
NUMBER     CAPACITY
  10         100

CUSTOMER
CUST NO.  XCOORD.   YCOORD.    DEMAND   READY TIME  DUE DATE   SERVICE   TIME

    0      25         25          0          0          250         0
    1      15         46          6          34       248          10
    2      40         34          9          36       221          10
    3      23         11          9          105       205          10
    4      41         44          6          78       229          10
    5      25         5          8          44       214          10
    6      49         29          7          33       208          10
    7      19         33          5          96       249          10
    8      43         44          9          4       212          10
    9      37         14          10          48       204          10
    10      26         46          7          41       215          10
    11      14         12          6          97       218          10
    12      23         33          6          57       207          10
    13      32         6          10          56       239          10
    14      38         9          6          114       216          10
    15      30         38          8          53       209          10
    16      37         23          10          111       204          10
    17      31         24          9          92       243          10
    18      13         34          10          13       236          10
    19      47         36          8          38       216          10
    20      44         24          6          58       216          10
    21      33         18          7          77       229          10
    22      15         47          9          46       209          10
    23      27         49          9          25       228          10
    24      22         6          7          8       227          10
    25      35         2          7          1       247          10
