r839
VEHICLE
NUMBER     CAPACITY
  10         100

CUSTOMER
CUST NO.  XCOORD.   YCOORD.    DEMAND   READY TIME  DUE DATE   SERVICE   TIME

    0      25         25          0          0          250         0
    1      45         20          7          70       205          10
    2      38         41          5          66       242          10
    3      47         48          6          116       226          10
    4      9         11          9          82       238          10
    5      30         24          8          112       237          10
    6      6         39          7          69       225          10
    7      2         1          5          21       241          10
    8      34         30          5          114       241          10
    9      14         35          9          62       200          10
    10      33         24          6          45       231          10
    11      25         12          9          48       227          10
    12      31         42          6          105       221          10
    13      27         30          9          82       231          10
    14      21         47          9          82       240          10
    15      3         23          9          58       249          10
    16      8         26          9          113       233          10
    17      31         45          5          55       228          10
    18      15         38          5          5       208          10
    19      27         0          9          79       246          10
    20      23         5          8          60       248          10
    21      36         10          5          14       210          10
    22      46         47          7          78       249          10
    23      13         44          9          116       237          10
    24      34         20          8          53       249          10
    25      36         17          7          6       207          10
