r840
VEHICLE
NUMBER     CAPACITY
  10         100

CUSTOMER
CUST NO.  XCOORD.   YCOORD.    DEMAND   READY TIME  DUE DATE   SERVICE   TIME

    0      25         25          0          0          250         0
    1      22         6          5          68       249          10
    2      39         32          9          74       203          10
    3      21         30          6          42       230          10
    4      38         1          10          117       210          10
    5      16         34          10          88       227          10
    6      38         29          9          103       201          10
    7      41         27          7          53       230          10
    8      44         41          7          48       246          10
    9      18         24          5          80       216          10
    10      14         30          8          118       249          10
    11      36         17          7          118       222          10
    12      13         23          9          71       228          10
    13      7         17          6          34       230          10
    14      35         7          10          97       213          10
    15      37         14          8          67       225          10
    16      33         27          5          20       201          10
    17      26         10          9          106       242          10
    18      49         16          8          89       236          10
    19      39         4          5          31       229          10
    20      45         47          10          69       213          10
    21      12         25          5          19       235          10
    22      2         15          5          31       246          10
    23      23         6          6          4       250          10
    24      16         27          10          1       208          10
    25      24         41          8          26       212          10
