r841
VEHICLE
NUMBER     CAPACITY
  10         100

CUSTOMER
CUST NO.  XCOORD.   YCOORD.    DEMAND   READY TIME  DUE DATE   SERVICE   TIME

    0      25         25          0          0          250         0
    1      7         29          5          46       230          10
    2      2         4          6          115       208          10
    3      40         1          8          32       249          10
    4      48         40          7          72       228          10
    5      28         49          10          17       248          10
    6      19         9          10          63       242          10
    7      28         32          9          32       211          10
    8      46         14          9          52       201          10
    9      50         0          10          32       202          10
    10      15         4          10          81       214          10
    11      50         20          7          58       209          10
    12      48         0          9          76       243          10
    13      20         24          8          110       237          10
    14      17         40          6          67       208          10
    15      12         26          9          64       223          10
    16      50         4          9          112       238          10
    17      39         9          8          52       248          10
    18      32         43          9          107       223          10
    19      33         15          6          99       229          10
    20      49         20          6          54       229          10
    21      32         6          10          48       216          10
    22      9         37          9          16       236          10
    23      37         50          6          60       221          10
    24      38         16          8          39       218          10
    25      33         2          10          23       219          10
