r842
VEHICLE
NUMBER     CAPACITY
  10         100

CUSTOMER
CUST NO.  XCOORD.   YCOORD.    DEMAND   READY TIME  DUE DATE   SERVICE   TIME

    0      25         25          0          0          250         0
    1      44         45          8          21       239          10
    2      31         7          9          116       218          10
    3      32         22          5          114       222          10
    4      12         18          8          10       216          10
    5      19         12          8          56       236          10
    6      35         16          8          100       218          10
    7      50         48          9          75       248          10
    8      5         27          5          92       226          10
    9      50         44          8          3       224          10
    10      38         20          10          95       214          10
    11      41         12          7          9       230          10
    12      5         49          8          65       211          10
    13      2         25          9          114       214          10
    14      31         4          5          28       231          10
    15      30         2          7          85       214          10
    16      21         43          8          68       244          10
    17      4         10          9          103       202          10
    18      21         33          5          68       250          10
    19      50         20          6          18       228          10
    20      27         39          5          115       217          10
    21      36         46          7          6       226          10
    22      34         7          10          98       203          10
    23      34         41          6          7       246          10
    24      20         17          10          3       217          10
    25      38         47          7          60       239          10
