r843
VEHICLE
NUMBER     CAPACITY
  10         100

CUSTOMER
CUST NO.  XCOORD.   YCOORD.    DEMAND   READY TIME  DUE DATE   SERVICE   TIME

    0      25         25          0          0          250         0
    1      13         23          7          61       249          10
    2      46         23          9          67       201          10
    3      19         40          5          59       250          10
    4      46         44          7          55       215          10
    5      22         2          7          89       240          10
    6      34         12          6          53       208          10
    7      3         29          9          87       205          10
    8      37         47          6          60       237          10
    9      3         36          9          3       224          10
    10      38         32          7          59       223          10
    11      24         24          6          97       243          10
    12      43         29          10          94       211          10
    13      16         23          5          13       211          10
    14      24         16          9          98       212          10
    15      19         8          8          65       247          10
    16      39         31          5          55       211          10
    17      26         7          8          90       237          10
    18      24         3          6          12       230          10
    19      38         35          8          79       247          10
    20      36         12          6          62       214          10
    21      40         3          9          119       204          10
    22      14         0          7          86       208          10
    23      37         45          8          56       228          10
    24      34         25          7          59       240          10
    25      41         4          7          79       216          10
