r844
VEHICLE
NUMBER     CAPACITY
  10         100

CUSTOMER
CUST NO.  XCOORD.   YCOORD.    DEMAND   READY TIME  DUE DATE   SERVICE   TIME

    0      25         25          0          0          250         0
    1      23         5          10          44       214          10
    2      34         20          8          22       221          10
    3      12         49          8          12       215          10
    4      17         13          5          48       237          10
    5      48         6          7          107       246          10
    6      35         38          10          70       201          10
    7      37         26          9          85       232          10
    8      8         21          6          87       237          10
    9      42         43          10          62       244          10
    10      44         31          10          42       213          10
    11      45         1          5          29       206          10
    12      40         10          10          27       245          10
    13      48         8          8          23       204          10
    14      19         13          5          28       212          10
    15      31         39          7          110       210          10
    16      12         23          5          28       232          10
    17      17         5          7          22       213          10
    18      26         4          8          90       201          10
    19      24         32          6          26       210          10
    20      37         16          7          61       208          10
    21      42         48          7          104       232          10
    22      44         14          10          118       234          10
    23      48         13          7          31       249          10
    24      14         35          8          12       232          10
    25      1         49          7          48       235          10
