r846
VEHICLE
NUMBER     CAPACITY
  10         100

CUSTOMER
CUST NO.  XCOORD.   YCOORD.    DEMAND   READY TIME  DUE DATE   SERVICE   TIME

    0      25         25          0          0          250         0
    1      36         49          10          62       233          10
    2      32         27          9          71       202          10
    3      16         34          6          44       205          10
    4      1         6          8          88       224          10
    5      18         14          7          88       226          10
    6      11         32          10          109       249          10
    7      5         35          5          6       241          10
    8      49         3          7          43       218          10
    9      31         48          5          86       239          10
    10      0         42          8          18       203          10
    11      50         3          10          61       238          10
    12      6         15          6          95       248          10
    13      49         26          8          107       204          10
    14      10         40          7          114       214          10
    15      3         19          9          76       228          10
    16      31         30          6          82       204          10
    17      50         34          5          115       227          10
    18      46         4          7          42       223          10
    19      26         11          9          56       228          10
    20      39         0          7          63       214          10
    21      14         35          8          64       210          10
    22      21         0          8          29       243          10
    23      0         21          7          94       214          10
    24      3         44          8          94       225          10
    25      20         16          10          94       209          10
