r848
VEHICLE
NUMBER     CAPACITY
  10         100

CUSTOMER
CUST NO.  XCOORD.   YCOORD.    DEMAND   READY TIME  DUE DATE   SERVICE   TIME

    0      25         25          0          0          250         0
    1      10         41          9          58       209          10
    2      38         2          8          29       227          10
    3      48         5          9          48       219          10
    4      9         38          10          20       245          10
    5      40         25          7          9       239          10
    6      16         38          9          52       218          10
    7      45         21          9          58       203          10
    8      21         29          5          95       240          10
    9      18         21          10          63       233          10
    10      2         45          5          114       210          10
    11      27         8          8          45       200          10
    12      32         18          9          98       246          10
    13      9         7          7          93       223          10
    14      27         23          10          0       240          10
    15      39         35          8          25       216          10
    16      48         29          7          91       209          10
    17      21         13          10          103       231          10
    18      50         22          9          67       241          10
    19      24         42          8          12       224          10
    20      12         41          7          66       249          10
    21      14         4          10          117       214          10
    22      36         48          8          75       244          10
    23      1         11          9          86       232          10
    24      21         12          7          47       205          10
    25      41         50          7          76       239          10
