r849
VEHICLE
NUMBER     CAPACITY
  10         100

CUSTOMER
CUST NO.  XCOORD.   YCOORD.    DEMAND   READY TIME  DUE DATE   SERVICE   TIME

    0      25         25          0          0          250         0
    1      11         29          9          22       249          10
    2      31         9          7          74       249          10
    3      37         15          7          85       232          10
    4      16         32          9          103       230          10
    5      5         24          5          77       245          10
    6      14         23          9          20       205          10
    7      19         36          9          60       211          10
    8      20         24          5          14       207          10
    9      36         26          9          108       232          10
    10      10         48          9          109       230          10
    11      48         46          6          50       207          10
    12      50         40          8          100       245          10
    13      9         3          5          106       238          10
    14      1         3          10          3       203          10
    15      45         13          9          118       220          10
    16      5         25          8          98       223          10
    17      12         10          10          111       213          10
    18      14         47          6          77       205          10
    19      29         35          7          47       203          10
    20      7         46          7          31       205          10
    21      2         3          8          21       236          10
    22      5         18          5          70       232          10
    23      17         0          9          36       202          10
    24      30         27          5          64       213          10
    25      4         10          5          98       229          10
