r850
VEHICLE
NUMBER     CAPACITY
  10         100

CUSTOMER
CUST NO.  XCOORD.   YCOORD.    DEMAND   READY TIME  DUE DATE   SERVICE   TIME

    0      25         25          0          0          250         0
    1      26         20          9          42       211          10
    2      14         36          9          44       223          10
    3      10         6          7          39       200          10
    4      15         19          10          25       244          10
    5      15         40          7          25       215          10
    6      27         0          9          24       206          10
    7      35         33          5          86       224          10
    8      12         9          7          64       219          10
    9      44         21          10          117       242          10
    10      27         50          9          120       228          10
    11      17         11          9          50       221          10
    12      17         10          9          119       211          10
    13      13         21          8          47       243          10
    14      16         41          6          97       238          10
    15      9         44          10          72       227          10
    16      21         9          7          42       227          10
    17      28         1          7          107       236          10
    18      25         10          5          35       225          10
    19      23         31          5          97       242          10
    20      46         44          8          106       240          10
    21      4         38          9          84       219          10
    22      25         25          6          81       214          10
    23      3         13          8          89       224          10
    24      0         6          6          9       227          10
    25      48         39          6          115       241          10
