r851
VEHICLE
NUMBER     CAPACITY
  10         100

CUSTOMER
CUST NO.  XCOORD.   YCOORD.    DEMAND   READY TIME  DUE DATE   SERVICE   TIME

    0      25         25          0          0          250         0
    1      0         19          5          106       236          10
    2      23         48          9          11       219          10
    3      37         28          5          28       206          10
    4      33         29          6          106       235          10
    5      47         7          6          6       231          10
    6      0         37          6          46       218          10
    7      32         30          8          88       224          10
    8      44         1          7          23       217          10
    9      19         1          10          10       207          10
    10      29         39          7          112       215          10
    11      35         19          10          83       214          10
    12      47         5          9          90       239          10
    13      36         50          6          20       248          10
    14      35         23          6          99       249          10
    15      15         23          7          17       202          10
    16      33         41          8          118       218          10
    17      30         41          10          57       209          10
    18      47         35          8          22       223          10
    19      47         31          6          2       228          10
    20      25         27          9          18       212          10
    21      13         36          9          18       201          10
    22      42         38          10          91       202          10
    23      44         24          9          47       226          10
    24      15         28          5          109       206          10
    25      49         10          9          32       203          10
