r852
VEHICLE
NUMBER     CAPACITY
  10         100

CUSTOMER
CUST NO.  XCOORD.   YCOORD.    DEMAND   READY TIME  DUE DATE   SERVICE   TIME

    0      25         25          0          0          250         0
    1      37         21          9          97       229          10
    2      14         0          8          113       234          10
    3      24         1          9          107       214          10
    4      50         37          5          93       201          10
    5      44         20          10          26       232          10
    6      11         28          6          37       222          10
    7      44         17          9          80       228          10
    8      3         15          8          117       206          10
    9      29         21          9          70       229          10
    10      2         39          6          51       200          10
    11      43         2          7          41       219          10
    12      0         7          8          89       214          10
    13      17         46          6          114       218          10
    14      0         0          10          97       244          10
    15      8         28          5          106       233          10
    16      28         37          8          105       213          10
    17      9         3          7          25       220          10
    18      18         33          7          33       237          10
    19      39         15          10          94       221          10
    20      40         18          7          8       207          10
    21      16         4          8          111       240          10
    22      17         28          6          58       230          10
    23      48         32          8          107       232          10
    24      34         18          9          116       205          10
    25      15         16          9          73       207          10
