r854
VEHICLE
NUMBER     CAPACITY
  10         100

CUSTOMER
CUST NO.  XCOORD.   YCOORD.    DEMAND   READY TIME  DUE DATE   SERVICE   TIME

    0      25         25          0          0          250         0
    1      31         35          8          72       213          10
    2      28         3          6          100       214          10
    3      42         22          6          80       243          10
    4      36         5          9          88       247          10
    5      38         41          9          99       234          10
    6      36         49          7          15       205          10
    7      24         2          6          56       245          10
    8      48         35          7          59       233          10
    9      13         47          6          97       210          10
    10      18         41          6          83       243          10
    11      31         35          8          51       221          10
    12      28         9          6          71       233          10
    13      8         33          8          16       201          10
    14      49         19          5          29       223          10
    15      1         7          9          71       231          10
    16      10         14          9          82       229          10
    17      25         50          8          59       223          10
    18      24         25          8          31       210          10
    19      35         39          10          2       221          10
    20      10         27          6          67       215          10
    21      42         43          5          118       201          10
    22      33         0          6          26       225          10
    23      26         17          5          111       210          10
    24      43         6          7          67       203          10
    25      22         7          10          38       215          10
