r856
VEHICLE
NUMBER     CAPACITY
  10         100

CUSTOMER
CUST NO.  XCOORD.   YCOORD.    DEMAND   READY TIME  DUE DATE   SERVICE   TIME

    0      25         25          0          0          250         0
    1      32         21          10          0       211          10
    2      14         40          7          54       220          10
    3      49         48          9          110       217          10
    4      28         17          10          114       237          10
    5      42         14          8          112       210          10
    6      31         2          10          26       246          10
    7      22         36          10          69       235          10
    8      25         50          10          2       235          10
    9      27         30          9          87       243          10
    10      48         33          9          75       244          10
    11      21         49          7          45       228          10
    12      41         37          6          116       210          10
    13      10         3          9          86       231          10
    14      34         21          10          114       209          10
    15      14         6          8          99       209          10
    16      45         0          9          80       250          10
    17      16         18          8          10       212          10
    18      15         38          8          2       248          10
    19      15         27          9          48       216          10
    20      6         12          6          109       218          10
    21      46         42          7          20       219          10
    22      37         23          5          46       226          10
    23      4         23          8          83       249          10
    24      34         40          5          117       203          10
    25      27         29          8          12       236          10
