r859
VEHICLE
NUMBER     CAPACITY
  10         100

CUSTOMER
CUST NO.  XCOORD.   YCOORD.    DEMAND   READY TIME  DUE DATE   SERVICE   TIME

    0      25         25          0          0          250         0
    1      28         22          5          51       249          10
    2      1         29          9          5       210          10
    3      16         50          5          115       221          10
    4      18         3          5          93       207          10
    5      34         50          8          0       217          10
    6      26         25          8          96       228          10
    7      24         10          6          58       248          10
    8      50         45          7          3       220          10
    9      47         32          6          50       247          10
    10      17         8          7          97       201          10
    11      39         49          9          118       248          10
    12      32         1          6          27       223          10
    13      12         12          8          31       235          10
    14      35         17          8          111       218          10
    15      13         39          8          5       225          10
    16      22         11          8          71       245          10
    17      49         36          9          64       249          10
    18      47         0          5          19       211          10
    19      48         29          8          59       242          10
    20      25         0          5          77       219          10
    21      49         37          8          15       241          10
    22      14         29          7          2       216          10
    23      25         7          10          61       208          10
    24      32         8          10          69       242          10
    25      44         12          5          27       208          10
