r861
VEHICLE
NUMBER     CAPACITY
  10         100

CUSTOMER
CUST NO.  XCOORD.   YCOORD.    DEMAND   READY TIME  DUE DATE   SERVICE   TIME

    0      25         25          0          0          250         0
    1      48         20          8          26       206          10
    2      30         20          10          98       202          10
    3      39         46          6          62       246          10
    4      39         33          9          114       219          10
    5      17         13          8          113       243          10
    6      31         7          8          70       240          10
    7      42         44          8          28       214          10
    8      2         5          9          98       227          10
    9      20         19          5          66       249          10
    10      35         7          8          38       211          10
    11      11         11          9          58       207          10
    12      42         21          7          32       238          10
    13      39         11          10          23       228          10
    14      10         34          9          53       245          10
    15      0         34          8          69       225          10
    16      18         11          5          6       249          10
    17      48         2          5          74       250          10
    18      23         41          8          46       244          10
    19      6         45          5          26       210          10
    20      47         45          5          19       220          10
    21      23         50          9          120       216          10
    22      26         35          5          72       216          10
    23      34         29          6          115       250          10
    24      34         7          10          97       213          10
    25      6         25          5          4       223          10
