r862
VEHICLE
NUMBER     CAPACITY
  10         100

CUSTOMER
CUST NO.  XCOORD.   YCOORD.    DEMAND   READY TIME  DUE DATE   SERVICE   TIME

    0      25         25          0          0          250         0
    1      39         37          7          100       216          10
    2      12         18          8          46       235          10
    3      20         12          6          103       200          10
    4      25         8          6          28       227          10
    5      2         21          5          31       216          10
    6      25         14          10          34       239          10
    7      11         4          9          47       234          10
    8      39         16          8          71       242          10
    9      39         6          9          75       235          10
    10      38         17          8          110       221          10
    11      47         0          10          110       220          10
    12      28         28          9          100       218          10
    13      9         10          5          27       241          10
    14      18         5          5          33       204          10
    15      45         19          8          104       212          10
    16      13         16          7          28       211          10
    17      12         20          6          113       234          10
    18      22         15          5          35       217          10
    19      44         25          5          60       213          10
    20      34         40          5          40       232          10
    21      48         3          8          28       233          10
    22      13         46          8          80       222          10
    23      27         21          10          90       204          10
    24      49         15          5          36       233          10
    25      37         47          10          55       237          10
