r863
VEHICLE
NUMBER     CAPACITY
  10         100

CUSTOMER
CUST NO.  XCOORD.   YCOORD.    DEMAND   READY TIME  DUE DATE   SERVICE   TIME

    0      25         25          0          0          250         0
    1      34         14          7          91       213          10
    2      8         17          5          87       202          10
    3      47         48          5          70       212          10
    4      2         35          7          34       222          10
    5      35         48          9          16       238          10
    6      7         48          8          86       216          10
    7      35         44          6          15       210          10
    8      19         23          5          37       212          10
    9      5         0          8          8       228          10
    10      3         19          7          87       220          10
    11      25         46          6          70       229          10
    12      23         39          5          108       226          10
    13      14         31          8          86       207          10
    14      19         48          5          46       208          10
    15      25         37          5          74       242          10
    16      22         34          8          105       202          10
    17      27         43          6          54       242          10
    18      25         4          9          3       240          10
    19      18         25          5          116       216          10
    20      4         21          7          102       218          10
    21      34         50          8          47       211          10
    22      5         39          6          16       233          10
    23      24         30          5          106       236          10
    24      3         17          5          112       224          10
    25      8         13          7          34       237          10
