r864
VEHICLE
NUMBER     CAPACITY
  10         100

CUSTOMER
CUST NO.  XCOORD.   YCOORD.    DEMAND   READY TIME  DUE DATE   SERVICE   TIME

    0      25         25          0          0          250         0
    1      6         23          5          85       225          10
    2      45         36          7          3       226          10
    3      26         8          10          15       235          10
    4      15         31          8          30       236          10
    5      23         36          8          102       245          10
    6      17         18          8          46       202          10
    7      40         33          9          60       216          10
    8      22         15          5          12       236          10
    9      36         20          7          94       207          10
    10      41         24          7          12       203          10
    11      24         50          6          112       209          10
    12      21         10          8          28       230          10
    13      50         45          5          98       222          10
    14      23         7          7          2       233          10
    15      8         15          6          83       229          10
    16      19         7          5          49       214          10
    17      5         15          5          77       203          10
    18      6         27          5          36       212          10
    19      34         2          7          55       215          10
    20      33         3          8          92       235          10
    21      49         44          8          19       228          10
    22      49         30          8          35       217          10
    23      39         22          5          98       209          10
    24      48         34          7          18       237          10
    25      7         48          9          72       219          10
