r867
VEHICLE
NUMBER     CAPACITY
  10         100

CUSTOMER
CUST NO.  XCOORD.   YCOORD.    DEMAND   READY TIME  DUE DATE   SERVICE   TIME

    0      25         25          0          0          250         0
    1      22         40          6          28       229          10
    2      34         37          7          43       219          10
    3      49         34          8          28       213          10
    4      24         22          6          76       209          10
    5      3         48          9          8       215          10
    6      3         39          6          63       238          10
    7      8         8          6          53       223          10
    8      8         47          6          99       250          10
    9      46         47          9          79       221          10
    10      44         26          6          92       246          10
    11      38         20          8          54       227          10
    12      38         25          10          59       227          10
    13      8         9          7          118       216          10
    14      13         5          7          34       216          10
    15      30         39          6          32       232          10
    16      2         21          6          90       218          10
    17      4         47          8          7       240          10
    18      34         15          5          21       232          10
    19      18         46          6          16       215          10
    20      5         48          10          0       210          10
    21      31         23          8          104       225          10
    22      9         1          10          87       225          10
    23      25         46          10          60       246          10
    24      39         11          9          39       221          10
    25      47         37          5          41       240          10
