r870
VEHICLE
NUMBER     CAPACITY
  10         100

CUSTOMER
CUST NO.  XCOORD.   YCOORD.    DEMAND   READY TIME  DUE DATE   SERVICE   TIME

    0      25         25          0          0          250         0
    1      16         43          7          36       233          10
    2      38         27          9          71       237          10
    3      18         43          5          86       241          10
    4      4         4          5          109       219          10
    5      32         47          6          75       236          10
    6      2         2          7          37       231          10
    7      40         10          10          96       235          10
    8      20         42          7          112       250          10
    9      41         38          5          72       230          10
    10      17         48          9          22       240          10
    11      6         23          6          94       248          10
    12      12         12          7          8       231          10
    13      42         26          9          28       215          10
    14      46         36          5          10       240          10
    15      28         28          9          45       234          10
    16      38         30          5          106       249          10
    17      2         49          7          99       243          10
    18      36         17          7          60       244          10
    19      12         6          10          26       215          10
    20      9         30          10          78       246          10
    21      30         8          7          79       206          10
    22      33         45          7          88       204          10
    23      45         31          9          64       241          10
    24      21         40          5          108       236          10
    25      19         34          10          64       216          10
