r871
VEHICLE
NUMBER     CAPACITY
  10         100

CUSTOMER
CUST NO.  XCOORD.   YCOORD.    DEMAND   READY TIME  DUE DATE   SERVICE   TIME

    0      25         25          0          0          250         0
    1      9         0          7          63       240          10
    2      5         40          6          50       249          10
    3      1         11          9          24       244          10
    4      50         2          10          73       218          10
    5      22         32          9          96       250          10
    6      42         14          5          67       233          10
    7      22         47          8          3       220          10
    8      9         16          10          13       207          10
    9      24         17          7          18       221          10
    10      9         22          10          112       240          10
    11      24         27          8          63       246          10
    12      4         43          10          0       234          10
    13      21         12          8          55       250          10
    14      45         1          5          84       205          10
    15      27         0          9          72       245          10
    16      23         35          8          6       207          10
    17      20         31          5          40       238          10
    18      17         50          5          44       215          10
    19      11         30          5          72       216          10
    20      7         29          8          24       246          10
    21      31         21          9          119       221          10
    22      50         23          9          97       210          10
    23      4         10          8          0       246          10
    24      42         40          5          70       224          10
    25      10         42          9          72       221          10
