r872
VEHICLE
NUMBER     CAPACITY
  10         100

CUSTOMER
CUST NO.  XCOORD.   YCOORD.    DEMAND   READY TIME  DUE DATE   SERVICE   TIME

    0      25         25          0          0          250         0
    1      35         39          7          28       243          10
    2      17         36          6          104       226          10
    3      0         36          9          41       205          10
    4      49         36          6          114       213          10
    5      43         20          9          114       224          10
    6      16         19          5          85       204          10
    7      16         0          7          54       243          10
    8      0         4          5          2       229          10
    9      47         13          8          46       225          10
    10      18         5          7          1       212          10
    11      3         1          8          58       213          10
    12      28         32          9          35       228          10
    13      21         8          8          95       247          10
    14      41         20          8          39       244          10
    15      8         23          7          77       209          10
    16      13         10          10          105       213          10
    17      44         11          8          79       244          10
    18      46         39          5          58       223          10
    19      11         13          5          77       221          10
    20      24         10          7          44       204          10
    21      44         25          5          116       218          10
    22      41         36          5          59       238          10
    23      44         32          7          89       202          10
    24      30         36          6          92       244          10
    25      33         32          8          48       243          10
