r873
VEHICLE
NUMBER     CAPACITY
  10         100

CUSTOMER
CUST NO.  XCOORD.   YCOORD.    DEMAND   READY TIME  DUE DATE   SERVICE   TIME

    0      25         25          0          0          250         0
    1      9         20          10          55       218          10
    2      36         25          9          37       215          10
    3      0         8          8          58       214          10
    4      25         14          9          44       231          10
    5      19         47          10          89       208          10
    6      42         41          9          32       204          10
    7      45         14          7          102       218          10
    8      19         37          9          6       231          10
    9      3         45          9          95       239          10
    10      47         49          9          41       224          10
    11      50         13          9          54       203          10
    12      50         37          8          93       215          10
    13      13         34          6          27       229          10
    14      11         17          10          88       222          10
    15      21         49          5          0       224          10
    16      37         40          10          70       246          10
    17      21         45          6          54       227          10
    18      40         1          5          34       233          10
    19      12         4          7          27       220          10
    20      18         25          10          0       211          10
    21      16         10          9          28       204          10
    22      8         30          8          74       229          10
    23      47         10          9          30       234          10
    24      6         1          7          34       214          10
    25      14         31          10          105       239          10
