r874
VEHICLE
NUMBER     CAPACITY
  10         100

CUSTOMER
CUST NO.  XCOORD.   YCOORD.    DEMAND   READY TIME  DUE DATE   SERVICE   TIME

    0      25         25          0          0          250         0
    1      48         20          8          80       201          10
    2      27         33          7          111       244          10
    3      33         19          5          45       239          10
    4      26         22          5          89       208          10
    5      27         25          6          1       239          10
    6      5         27          8          67       216          10
    7      8         11          9          75       214          10
    8      0         32          6          102       235          10
    9      33         8          7          40       225          10
    10      13         2          9          108       248          10
    11      25         44          9          65       240          10
    12      8         38          5          21       233          10
    13      28         44          7          108       223          10
    14      19         39          6          68       243          10
    15      19         1          10          26       214          10
    16      43         37          10          100       224          10
    17      15         14          7          70       227          10
    18      13         47          6          8       228          10
    19      50         41          7          100       231          10
    20      50         46          7          22       250          10
    21      5         8          9          75       207          10
    22      38         0          6          77       213          10
    23      0         25          9          65       240          10
    24      37         41          5          47       227          10
    25      6         15          10          75       217          10
