r875
VEHICLE
NUMBER     CAPACITY
  10         100

CUSTOMER
CUST NO.  XCOORD.   YCOORD.    DEMAND   READY TIME  DUE DATE   SERVICE   TIME

    0      25         25          0          0          250         0
    1      44         6          5          79       234          10
    2      23         22          6          45       245          10
    3      27         9          10          2       210          10
    4      1         46          8          28       234          10
    5      32         37          6          18       228          10
    6      0         0          8          110       228          10
    7      28         1          8          21       223          10
    8      4         23          8          99       204          10
    9      9         3          9          105       201          10
    10      43         9          8          60       248          10
    11      40         2          8          38       245          10
    12      0         38          8          111       245          10
    13      22         32          6          119       222          10
    14      9         24          7          42       219          10
    15      18         42          8          71       224          10
    16      39         30          9          56       215          10
    17      34         50          7          100       222          10
    18      41         11          9          35       233          10
    19      20         14          6          108       226          10
    20      26         26          9          118       218          10
    21      5         9          7          97       210          10
    22      21         8          9          26       230          10
    23      21         15          6          52       247          10
    24      17         12          8          112       212          10
    25      30         49          5          99       239          10
