r876
VEHICLE
NUMBER     CAPACITY
  10         100

CUSTOMER
CUST NO.  XCOORD.   YCOORD.    DEMAND   READY TIME  DUE DATE   SERVICE   TIME

    0      25         25          0          0          250         0
    1      46         40          6          32       229          10
    2      42         26          8          91       202          10
    3      8         25          7          118       233          10
    4      27         25          10          25       215          10
    5      3         16          6          95       247          10
    6      49         31          9          59       223          10
    7      10         44          10          73       214          10
    8      19         7          5          110       212          10
    9      2         6          8          81       215          10
    10      8         9          5          52       210          10
    11      6         37          6          64       221          10
    12      29         26          5          42       247          10
    13      3         12          5          5       202          10
    14      24         24          7          59       217          10
    15      47         43          7          113       249          10
    16      12         11          10          111       206          10
    17      21         48          5          44       242          10
    18      34         35          9          21       216          10
    19      28         46          9          49       222          10
    20      49         40          6          36       250          10
    21      5         18          6          83       218          10
    22      19         38          8          109       202          10
    23      12         37          8          86       202          10
    24      17         42          9          53       217          10
    25      12         10          10          34       224          10
