r877
VEHICLE
NUMBER     CAPACITY
  10         100

CUSTOMER
CUST NO.  XCOORD.   YCOORD.    DEMAND   READY TIME  DUE DATE   SERVICE   TIME

    0      25         25          0          0          250         0
    1      11         38          5          114       206          10
    2      36         21          8          43       235          10
    3      39         25          7          34       233          10
    4      15         33          8          114       249          10
    5      32         27          6          52       235          10
    6      11         8          8          49       237          10
    7      44         42          6          101       233          10
    8      9         22          10          36       200          10
    9      38         4          9          116       205          10
    10      37         46          9          1       229          10
    11      4         1          6          7       203          10
    12      43         31          7          5       237          10
    13      26         46          6          85       238          10
    14      26         32          5          74       200          10
    15      8         34          10          20       243          10
    16      6         1          5          1       219          10
    17      38         5          8          89       220          10
    18      21         44          5          0       240          10
    19      6         47          6          70       231          10
    20      49         3          6          6       232          10
    21      19         29          6          78       243          10
    22      31         11          9          41       245          10
    23      40         29          7          20       245          10
    24      3         46          7          68       218          10
    25      18         17          7          52       205          10
