r878
VEHICLE
NUMBER     CAPACITY
  10         100

CUSTOMER
CUST NO.  XCOORD.   YCOORD.    DEMAND   READY TIME  DUE DATE   SERVICE   TIME

    0      25         25          0          0          250         0
    1      11         24          5          67       240          10
    2      21         25          8          34       227          10
    3      41         35          5          17       224          10
    4      46         20          10          46       216          10
    5      41         34          9          87       216          10
    6      11         0          6          29       247          10
    7      1         19          9          41       233          10
    8      11         28          10          71       244          10
    9      18         8          5          14       210          10
    10      36         29          10          62       220          10
    11      23         28          10          64       235          10
    12      9         26          9          52       217          10
    13      48         25          9          21       226          10
    14      1         9          6          3       224          10
    15      12         39          7          8       200          10
    16      23         35          10          69       225          10
    17      32         31          10          99       226          10
    18      41         43          8          97       249          10
    19      18         27          5          29       209          10
    20      26         12          6          26       218          10
    21      25         6          10          23       212          10
    22      49         14          10          111       204          10
    23      10         24          9          17       213          10
    24      17         7          9          86       229          10
    25      7         38          8          44       216          10
