r879
VEHICLE
NUMBER     CAPACITY
  10         100

CUSTOMER
CUST NO.  XCOORD.   YCOORD.    DEMAND   READY TIME  DUE DATE   SERVICE   TIME

    0      25         25          0          0          250         0
    1      33         46          5          8       204          10
    2      20         15          7          0       203          10
    3      3         47          10          52       204          10
    4      49         34          6          101       242          10
    5      29         2          8          96       221          10
    6      27         10          8          48       204          10
    7      2         5          9          11       215          10
    8      3         31          5          42       235          10
    9      4         16          10          32       229          10
    10      48         48          9          29       203          10
    11      21         28          5          27       209          10
    12      8         7          8          28       241          10
    13      39         16          9          11       205          10
    14      8         3          6          3       249          10
    15      49         39          9          115       245          10
    16      49         17          9          99       231          10
    17      41         40          10          95       221          10
    18      2         33          10          40       207          10
    19      33         46          7          74       238          10
    20      4         6          10          69       207          10
    21      47         26          6          81       247          10
    22      24         50          10          53       231          10
    23      29         4          9          117       243          10
    24      15         16          7          41       221          10
    25      20         48          9          38       231          10
