r880
VEHICLE
NUMBER     CAPACITY
  10         100

CUSTOMER
CUST NO.  XCOORD.   YCOORD.    DEMAND   READY TIME  DUE DATE   SERVICE   TIME

    0      25         25          0          0          250         0
    1      39         16          7          38       215          10
    2      29         38          8          117       247          10
    3      25         39          5          49       205          10
    4      26         39          7          55       203          10
    5      28         14          9          32       250          10
    6      1         34          7          63       208          10
    7      47         12          5          107       205          10
    8      16         9          6          95       246          10
    9      4         31          5          18       245          10
    10      35         13          7          36       205          10
    11      31         20          7          46       215          10
    12      47         39          9          56       244          10
    13      19         9          7          70       250          10
    14      14         14          10          69       231          10
    15      34         5          10          64       209          10
    16      1         33          8          98       207          10
    17      41         0          7          4       201          10
    18      46         45          8          98       207          10
    19      29         30          8          75       233          10
    20      5         3          6          63       220          10
    21      17         1          5          117       223          10
    22      14         24          7          34       215          10
    23      44         29          10          79       242          10
    24      45         10          5          24       201          10
    25      2         13          9          13       247          10
