r884
VEHICLE
NUMBER     CAPACITY
  10         100

CUSTOMER
CUST NO.  XCOORD.   YCOORD.    DEMAND   READY TIME  DUE DATE   SERVICE   TIME

    0      25         25          0          0          250         0
    1      10         19          10          61       204          10
    2      38         14          7          73       208          10
    3      4         17          7          48       210          10
    4      17         49          6          18       233          10
    5      32         5          8          65       237          10
    6      29         36          6          41       208          10
    7      17         43          10          76       210          10
    8      17         10          6          3       211          10
    9      48         20          5          73       228          10
    10      7         34          10          73       213          10
    11      31         3          7          43       218          10
    12      9         13          5          89       212          10
    13      29         36          7          71       246          10
    14      29         33          10          20       214          10
    15      31         34          8          61       210          10
    16      46         37          6          14       236          10
    17      17         22          7          8       225          10
    18      35         48          8          53       245          10
    19      26         10          9          81       246          10
    20      4         37          5          56       235          10
    21      30         14          9          1       220          10
    22      24         4          5          66       247          10
    23      17         16          9          49       213          10
    24      20         7          6          3       218          10
    25      32         9          8          63       208          10
