r885
VEHICLE
NUMBER     CAPACITY
  10         100

CUSTOMER
CUST NO.  XCOORD.   YCOORD.    DEMAND   READY TIME  DUE DATE   SERVICE   TIME

    0      25         25          0          0          250         0
    1      25         45          9          60       209          10
    2      36         8          10          51       212          10
    3      27         20          7          16       216          10
    4      9         17          10          115       247          10
    5      3         2          10          27       220          10
    6      50         46          7          33       201          10
    7      0         38          6          91       233          10
    8      34         40          7          67       229          10
    9      49         13          6          82       219          10
    10      43         40          6          77       226          10
    11      4         44          8          110       236          10
    12      50         29          9          26       210          10
    13      44         14          8          18       248          10
    14      3         23          9          102       226          10
    15      39         37          6          79       218          10
    16      7         10          9          26       232          10
    17      29         30          9          6       223          10
    18      48         50          5          113       239          10
    19      38         48          8          109       242          10
    20      37         6          5          38       230          10
    21      1         47          8          18       208          10
    22      26         33          9          103       246          10
    23      5         24          10          3       239          10
    24      7         22          7          19       221          10
    25      48         39          9          41       242          10
