r886
VEHICLE
NUMBER     CAPACITY
  10         100

CUSTOMER
CUST NO.  XCOORD.   YCOORD.    DEMAND   READY TIME  DUE DATE   SERVICE   TIME

    0      25         25          0          0          250         0
    1      19         8          10          72       243          10
    2      34         49          7          16       250          10
    3      38         40          6          103       217          10
    4      36         13          5          105       208          10
    5      23         2          6          46       239          10
    6      14         47          5          93       214          10
    7      0         48          5          57       231          10
    8      18         50          10          114       214          10
    9      34         3          6          7       236          10
    10      22         1          5          104       207          10
    11      37         30          5          81       225          10
    12      28         24          8          105       233          10
    13      29         4          10          2       237          10
    14      1         45          5          117       226          10
    15      36         18          8          73       228          10
    16      29         36          5          54       202          10
    17      12         21          7          55       222          10
    18      39         44          7          27       211          10
    19      35         38          9          34       216          10
    20      43         30          9          24       205          10
    21      7         28          5          105       207          10
    22      37         10          7          0       215          10
    23      17         31          6          50       242          10
    24      34         31          6          5       239          10
    25      7         40          9          8       210          10
