r889
VEHICLE
NUMBER     CAPACITY
  10         100

CUSTOMER
CUST NO.  XCOORD.   YCOORD.    DEMAND   READY TIME  DUE DATE   SERVICE   TIME

    0      25         25          0          0          250         0
    1      47         39          5          68       239          10
    2      1         21          8          116       215          10
    3      39         44          5          36       243          10
    4      6         27          8          41       230          10
    5      38         32          6          57       224          10
    6      48         18          9          115       226          10
    7      32         2          7          92       208          10
    8      20         34          6          65       201          10
    9      42         1          7          80       201          10
    10      13         29          10          112       219          10
    11      5         35          9          111       241          10
    12      45         11          9          42       224          10
    13      22         38          5          39       220          10
    14      47         14          10          96       219          10
    15      0         9          5          42       226          10
    16      30         28          5          97       226          10
    17      50         5          7          85       232          10
    18      40         36          6          35       205          10
    19      10         37          10          27       226          10
    20      43         39          7          13       215          10
    21      20         2          7          110       203          10
    22      3         10          10          63       233          10
    23      8         38          5          76       242          10
    24      2         29          9          61       235          10
    25      12         32          6          25       223          10
