r891
VEHICLE
NUMBER     CAPACITY
  10         100

CUSTOMER
CUST NO.  XCOORD.   YCOORD.    DEMAND   READY TIME  DUE DATE   SERVICE   TIME

    0      25         25          0          0          250         0
    1      5         29          6          116       233          10
    2      15         36          9          27       209          10
    3      2         22          5          2       241          10
    4      6         40          8          78       212          10
    5      18         16          9          120       241          10
    6      16         10          8          11       227          10
    7      4         31          7          15       209          10
    8      6         37          10          61       227          10
    9      28         14          8          11       244          10
    10      30         17          8          45       226          10
    11      27         3          9          88       225          10
    12      44         37          7          116       237          10
    13      8         27          6          46       226          10
    14      7         35          8          37       249          10
    15      31         6          5          26       227          10
    16      45         19          5          13       215          10
    17      11         48          9          103       210          10
    18      37         23          6          60       230          10
    19      33         29          10          36       203          10
    20      37         15          10          109       242          10
    21      5         11          7          46       210          10
    22      1         13          5          82       213          10
    23      47         17          10          4       222          10
    24      35         41          10          85       202          10
    25      49         28          9          89       246          10
