r892
VEHICLE
NUMBER     CAPACITY
  10         100

CUSTOMER
CUST NO.  XCOORD.   YCOORD.    DEMAND   READY TIME  DUE DATE   SERVICE   TIME

    0      25         25          0          0          250         0
    1      47         2          6          37       237          10
    2      10         15          5          107       248          10
    3      21         3          9          116       215          10
    4      32         8          9          57       227          10
    5      21         20          10          73       243          10
    6      43         3          8          90       201          10
    7      43         48          7          73       242          10
    8      31         49          9          4       216          10
    9      45         18          10          49       218          10
    10      25         18          5          8       201          10
    11      32         19          8          27       232          10
    12      6         31          6          15       247          10
    13      38         13          6          77       220          10
    14      22         4          7          14       200          10
    15      15         50          5          6       210          10
    16      22         25          9          109       208          10
    17      5         32          10          46       229          10
    18      39         27          5          85       207          10
    19      6         11          7          10       233          10
    20      31         34          6          17       201          10
    21      22         46          6          102       243          10
    22      40         17          5          106       212          10
    23      1         32          9          35       221          10
    24      31         35          5          25       229          10
    25      38         23          10          19       200          10
