r893
VEHICLE
NUMBER     CAPACITY
  10         100

CUSTOMER
CUST NO.  XCOORD.   YCOORD.    DEMAND   READY TIME  DUE DATE   SERVICE   TIME

    0      25         25          0          0          250         0
    1      24         45          9          49       237          10
    2      17         20          5          61       250          10
    3      21         21          7          11       206          10
    4      17         5          5          56       245          10
    5      9         23          7          53       239          10
    6      37         17          5          59       215          10
    7      41         6          6          8       203          10
    8      38         45          9          3       214          10
    9      11         35          6          94       214          10
    10      29         42          5          95       230          10
    11      37         2          5          69       241          10
    12      27         49          7          119       242          10
    13      8         23          5          74       250          10
    14      7         45          8          6       211          10
    15      25         28          9          89       207          10
    16      11         42          10          25       250          10
    17      24         15          6          17       213          10
    18      4         30          6          118       239          10
    19      42         19          6          35       210          10
    20      30         39          9          90       243          10
    21      50         15          5          58       235          10
    22      37         41          8          47       248          10
    23      34         41          9          70       245          10
    24      50         49          5          89       203          10
    25      5         29          5          48       250          10
