r894
VEHICLE
NUMBER     CAPACITY
  10         100

CUSTOMER
CUST NO.  XCOORD.   YCOORD.    DEMAND   READY TIME  DUE DATE   SERVICE   TIME

    0      25         25          0          0          250         0
    1      25         43          7          2       210          10
    2      25         38          10          16       217          10
    3      31         32          5          111       214          10
    4      31         7          7          97       226          10
    5      7         46          9          92       214          10
    6      36         22          7          7       209          10
    7      15         1          5          16       212          10
    8      11         13          8          49       243          10
    9      10         21          7          76       239          10
    10      33         40          6          69       213          10
    11      50         20          9          91       246          10
    12      25         46          8          15       223          10
    13      33         24          5          80       219          10
    14      2         47          7          24       235          10
    15      47         12          5          54       247          10
    16      35         37          8          27       201          10
    17      29         6          8          90       212          10
    18      36         38          7          6       227          10
    19      29         3          10          42       231          10
    20      18         29          7          108       225          10
    21      32         6          5          25       238          10
    22      2         5          7          2       232          10
    23      42         16          5          16       208          10
    24      25         50          10          51       241          10
    25      18         12          9          82       236          10
