r895
VEHICLE
NUMBER     CAPACITY
  10         100

CUSTOMER
CUST NO.  XCOORD.   YCOORD.    DEMAND   READY TIME  DUE DATE   SERVICE   TIME

    0      25         25          0          0          250         0
    1      30         27          7          3       211          10
    2      45         24          9          63       241          10
    3      26         3          6          93       202          10
    4      34         16          7          67       237          10
    5      15         7          9          67       206          10
    6      41         27          6          87       247          10
    7      23         29          10          55       224          10
    8      24         33          10          33       228          10
    9      28         33          9          45       250          10
    10      27         21          8          12       222          10
    11      38         17          7          51       240          10
    12      32         43          8          67       235          10
    13      23         10          7          116       228          10
    14      45         27          7          89       211          10
    15      25         45          10          66       242          10
    16      33         24          9          92       249          10
    17      50         31          6          32       206          10
    18      46         26          10          76       215          10
    19      28         25          6          112       229          10
    20      20         39          8          70       228          10
    21      29         42          10          115       241          10
    22      24         26          10          91       241          10
    23      14         44          7          53       225          10
    24      32         3          9          116       245          10
    25      4         10          6          18       219          10
