r896
VEHICLE
NUMBER     CAPACITY
  10         100

CUSTOMER
CUST NO.  XCOORD.   YCOORD.    DEMAND   READY TIME  DUE DATE   SERVICE   TIME

    0      25         25          0          0          250         0
    1      39         35          5          85       211          10
    2      26         0          6          89       212          10
    3      30         29          7          34       227          10
    4      6         40          8          19       247          10
    5      0         23          7          33       214          10
    6      25         2          10          111       246          10
    7      29         27          8          6       233          10
    8      8         26          7          19       211          10
    9      9         21          6          80       249          10
    10      30         48          5          30       230          10
    11      23         24          7          56       216          10
    12      25         30          8          113       218          10
    13      8         23          5          55       225          10
    14      12         35          6          103       217          10
    15      34         21          10          85       233          10
    16      50         36          6          42       238          10
    17      45         8          6          23       238          10
    18      28         34          10          46       210          10
    19      23         19          6          101       247          10
    20      47         47          8          86       201          10
    21      47         50          10          93       210          10
    22      29         28          7          62       216          10
    23      37         11          6          60       221          10
    24      13         46          9          75       207          10
    25      42         38          5          59       238          10
