r897
VEHICLE
NUMBER     CAPACITY
  10         100

CUSTOMER
CUST NO.  XCOORD.   YCOORD.    DEMAND   READY TIME  DUE DATE   SERVICE   TIME

    0      25         25          0          0          250         0
    1      6         43          5          2       244          10
    2      25         49          8          59       224          10
    3      48         46          7          52       228          10
    4      23         10          5          76       244          10
    5      25         26          5          77       210          10
    6      49         30          5          20       203          10
    7      6         24          7          11       220          10
    8      14         39          8          83       203          10
    9      26         45          8          57       214          10
    10      32         25          6          88       219          10
    11      29         44          7          67       230          10
    12      35         3          8          92       224          10
    13      4         22          7          28       240          10
    14      42         48          10          90       244          10
    15      25         42          6          14       246          10
    16      22         7          8          98       227          10
    17      10         8          9          31       211          10
    18      42         34          9          27       249          10
    19      49         8          5          108       213          10
    20      34         45          9          115       214          10
    21      50         2          8          31       246          10
    22      27         34          10          81       210          10
    23      6         31          5          115       238          10
    24      20         35          5          56       213          10
    25      33         29          7          102       221          10
