r898
VEHICLE
NUMBER     CAPACITY
  10         100

CUSTOMER
CUST NO.  XCOORD.   YCOORD.    DEMAND   READY TIME  DUE DATE   SERVICE   TIME

    0      25         25          0          0          250         0
    1      13         5          6          19       232          10
    2      16         47          10          64       234          10
    3      22         13          7          23       242          10
    4      3         27          5          28       245          10
    5      46         39          8          37       233          10
    6      4         10          7          91       224          10
    7      12         8          10          63       246          10
    8      13         29          10          32       245          10
    9      0         2          8          98       241          10
    10      38         45          10          17       234          10
    11      31         29          8          66       205          10
    12      28         18          5          34       239          10
    13      8         10          5          54       208          10
    14      34         38          7          22       215          10
    15      41         24          6          87       228          10
    16      14         30          9          78       206          10
    17      32         32          5          45       206          10
    18      40         32          9          120       200          10
    19      44         7          9          0       229          10
    20      10         5          7          116       220          10
    21      47         22          8          116       235          10
    22      28         11          10          66       216          10
    23      48         31          5          30       219          10
    24      11         15          6          80       238          10
    25      18         50          9          48       224          10
