r901
VEHICLE
NUMBER     CAPACITY
  10         100

CUSTOMER
CUST NO.  XCOORD.   YCOORD.    DEMAND   READY TIME  DUE DATE   SERVICE   TIME

    0      25         25          0          0          250         0
    1      7         18          10          41       247          10
    2      1         38          5          73       238          10
    3      16         26          9          58       200          10
    4      40         36          7          107       226          10
    5      45         43          9          69       223          10
    6      50         44          6          93       216          10
    7      17         25          6          11       233          10
    8      10         22          9          83       226          10
    9      5         11          7          114       209          10
    10      35         34          7          107       233          10
    11      42         10          10          48       237          10
    12      4         22          9          62       232          10
    13      27         37          5          28       223          10
    14      12         29          10          111       221          10
    15      14         37          5          92       235          10
    16      16         4          9          111       218          10
    17      21         45          5          111       234          10
    18      3         20          8          116       230          10
    19      13         23          7          94       245          10
    20      32         24          5          83       201          10
    21      12         43          7          64       202          10
    22      44         40          9          91       211          10
    23      14         4          6          77       235          10
    24      32         29          7          67       201          10
    25      6         11          7          58       248          10
