r903
VEHICLE
NUMBER     CAPACITY
  10         100

CUSTOMER
CUST NO.  XCOORD.   YCOORD.    DEMAND   READY TIME  DUE DATE   SERVICE   TIME

    0      25         25          0          0          250         0
    1      40         22          10          9       235          10
    2      47         26          5          95       202          10
    3      20         3          9          61       231          10
    4      5         20          7          112       244          10
    5      33         46          7          84       238          10
    6      1         19          5          43       242          10
    7      17         24          5          119       210          10
    8      4         25          8          83       204          10
    9      3         29          5          97       239          10
    10      44         21          6          106       204          10
    11      7         32          9          102       249          10
    12      21         25          10          94       243          10
    13      17         15          6          109       238          10
    14      31         26          5          51       204          10
    15      14         32          8          117       216          10
    16      20         46          10          56       203          10
    17      27         17          9          27       229          10
    18      23         33          7          44       233          10
    19      46         3          8          40       250          10
    20      29         29          5          12       245          10
    21      33         1          7          116       214          10
    22      2         42          6          73       247          10
    23      6         48          9          55       243          10
    24      3         25          10          16       206          10
    25      20         25          10          37       214          10
