r904
VEHICLE
NUMBER     CAPACITY
  10         100

CUSTOMER
CUST NO.  XCOORD.   YCOORD.    DEMAND   READY TIME  DUE DATE   SERVICE   TIME

    0      25         25          0          0          250         0
    1      5         22          8          32       227          10
    2      27         17          10          32       211          10
    3      7         37          9          54       220          10
    4      28         36          6          63       238          10
    5      11         35          9          70       229          10
    6      29         38          5          87       200          10
    7      18         35          5          4       249          10
    8      33         40          6          13       207          10
    9      40         32          6          113       234          10
    10      17         15          10          56       245          10
    11      26         4          5          17       213          10
    12      44         9          8          104       248          10
    13      14         50          6          47       239          10
    14      31         50          8          57       236          10
    15      29         6          10          18       215          10
    16      32         35          6          55       216          10
    17      41         45          5          30       241          10
    18      35         7          8          94       245          10
    19      40         17          8          95       213          10
    20      23         4          8          31       210          10
    21      24         35          9          45       217          10
    22      48         1          7          82       202          10
    23      42         9          6          56       246          10
    24      18         18          6          46       245          10
    25      34         7          7          89       225          10
