r905
VEHICLE
NUMBER     CAPACITY
  10         100

CUSTOMER
CUST NO.  XCOORD.   YCOORD.    DEMAND   READY TIME  DUE DATE   SERVICE   TIME

    0      25         25          0          0          250         0
    1      37         21          5          6       224          10
    2      44         1          8          34       244          10
    3      16         37          6          71       215          10
    4      38         6          9          13       208          10
    5      41         6          5          50       211          10
    6      40         12          9          63       210          10
    7      0         23          9          95       243          10
    8      47         21          6          104       207          10
    9      16         30          6          11       242          10
    10      5         25          9          66       208          10
    11      13         15          10          111       244          10
    12      12         5          9          37       201          10
    13      6         37          5          60       243          10
    14      42         15          8          107       231          10
    15      50         38          5          111       236          10
    16      34         49          8          21       227          10
    17      4         5          5          112       220          10
    18      11         34          7          83       217          10
    19      13         44          6          19       236          10
    20      26         30          10          59       223          10
    21      7         20          7          52       224          10
    22      37         47          7          7       215          10
    23      25         43          5          12       233          10
    24      24         8          8          23       248          10
    25      3         13          10          80       239          10
