r908
VEHICLE
NUMBER     CAPACITY
  10         100

CUSTOMER
CUST NO.  XCOORD.   YCOORD.    DEMAND   READY TIME  DUE DATE   SERVICE   TIME

    0      25         25          0          0          250         0
    1      15         47          10          14       212          10
    2      3         27          6          45       234          10
    3      39         26          8          66       212          10
    4      17         50          7          27       221          10
    5      17         17          8          27       248          10
    6      37         48          10          104       236          10
    7      38         17          9          77       201          10
    8      23         41          8          36       245          10
    9      19         26          6          110       224          10
    10      15         40          8          28       220          10
    11      47         20          6          108       241          10
    12      13         15          8          30       205          10
    13      18         29          5          116       226          10
    14      23         45          6          110       205          10
    15      0         46          9          82       207          10
    16      21         43          8          92       234          10
    17      21         13          9          32       228          10
    18      8         20          6          12       238          10
    19      6         23          9          88       246          10
    20      2         26          5          28       223          10
    21      46         32          6          33       239          10
    22      13         1          10          4       236          10
    23      39         1          7          106       244          10
    24      11         14          5          66       227          10
    25      6         44          9          73       211          10
