r910
VEHICLE
NUMBER     CAPACITY
  10         100

CUSTOMER
CUST NO.  XCOORD.   YCOORD.    DEMAND   READY TIME  DUE DATE   SERVICE   TIME

    0      25         25          0          0          250         0
    1      1         5          6          1       247          10
    2      2         33          8          94       210          10
    3      41         48          8          75       249          10
    4      13         18          8          65       250          10
    5      40         17          9          15       227          10
    6      39         12          8          105       205          10
    7      31         35          7          3       206          10
    8      45         40          7          41       245          10
    9      28         38          9          112       211          10
    10      17         41          5          7       249          10
    11      11         13          9          56       207          10
    12      35         43          6          117       225          10
    13      38         20          9          69       222          10
    14      0         12          7          86       204          10
    15      23         17          6          5       222          10
    16      21         3          9          9       210          10
    17      17         20          6          118       200          10
    18      26         3          7          36       237          10
    19      20         21          7          11       247          10
    20      18         44          8          37       241          10
    21      4         18          7          120       247          10
    22      31         48          9          111       237          10
    23      0         26          10          51       243          10
    24      40         9          5          12       225          10
    25      42         29          8          63       225          10
