r911
VEHICLE
NUMBER     CAPACITY
  10         100

CUSTOMER
CUST NO.  XCOORD.   YCOORD.    DEMAND   READY TIME  DUE DATE   SERVICE   TIME

    0      25         25          0          0          250         0
    1      8         45          6          90       201          10
    2      4         9          10          81       234          10
    3      24         25          10          99       232          10
    4      23         38          7          119       240          10
    5      23         5          8          52       203          10
    6      5         15          8          44       202          10
    7      25         24          9          118       233          10
    8      18         30          5          65       241          10
    9      27         27          5          0       218          10
    10      3         8          5          111       233          10
    11      6         40          6          65       200          10
    12      50         43          6          22       221          10
    13      10         4          6          115       207          10
    14      19         22          10          89       216          10
    15      46         17          10          26       208          10
    16      35         45          6          0       222          10
    17      37         22          8          120       224          10
    18      40         15          5          32       208          10
    19      5         4          10          22       244          10
    20      28         32          10          62       213          10
    21      5         25          8          20       249          10
    22      25         22          7          89       225          10
    23      27         19          7          29       234          10
    24      21         30          6          84       238          10
    25      43         15          9          14       213          10
