r913
VEHICLE
NUMBER     CAPACITY
  10         100

CUSTOMER
CUST NO.  XCOORD.   YCOORD.    DEMAND   READY TIME  DUE DATE   SERVICE   TIME

    0      25         25          0          0          250         0
    1      20         45          7          83       221          10
    2      43         5          5          49       236          10
    3      17         32          7          48       223          10
    4      45         47          6          52       240          10
    5      43         43          9          3       242          10
    6      36         41          8          59       202          10
    7      27         43          5          111       244          10
    8      18         8          5          105       213          10
    9      1         8          10          38       216          10
    10      29         43          8          39       206          10
    11      13         4          6          85       222          10
    12      0         25          9          34       241          10
    13      41         45          5          80       240          10
    14      8         46          7          8       200          10
    15      30         0          5          42       241          10
    16      12         23          7          48       214          10
    17      45         1          10          111       220          10
    18      46         37          7          55       245          10
    19      50         22          10          21       223          10
    20      26         31          5          120       231          10
    21      12         25          8          62       209          10
    22      15         0          5          119       249          10
    23      26         30          10          57       230          10
    24      30         43          8          15       221          10
    25      32         45          10          55       225          10
