r914
VEHICLE
NUMBER     CAPACITY
  10         100

CUSTOMER
CUST NO.  XCOORD.   YCOORD.    DEMAND   READY TIME  DUE DATE   SERVICE   TIME

    0      25         25          0          0          250         0
    1      45         2          10          108       211          10
    2      11         11          10          118       242          10
    3      38         43          6          97       200          10
    4      20         48          8          6       239          10
    5      37         20          7          25       243          10
    6      12         3          5          113       237          10
    7      2         28          9          57       220          10
    8      29         43          8          57       210          10
    9      35         1          10          42       249          10
    10      3         31          7          115       237          10
    11      2         5          10          44       234          10
    12      32         44          7          82       233          10
    13      28         9          7          97       215          10
    14      17         12          8          71       208          10
    15      33         29          5          73       247          10
    16      31         25          5          30       223          10
    17      37         9          10          52       241          10
    18      38         46          6          90       235          10
    19      39         50          6          101       234          10
    20      22         23          8          25       220          10
    21      30         24          8          100       222          10
    22      29         15          6          105       224          10
    23      16         34          8          83       212          10
    24      13         20          6          15       216          10
    25      10         10          6          75       245          10
