r915
VEHICLE
NUMBER     CAPACITY
  10         100

CUSTOMER
CUST NO.  XCOORD.   YCOORD.    DEMAND   READY TIME  DUE DATE   SERVICE   TIME

    0      25         25          0          0          250         0
    1      2         48          6          92       246          10
    2      22         10          8          31       242          10
    3      17         38          6          11       204          10
    4      19         45          9          67       242          10
    5      24         50          10          113       239          10
    6      14         13          5          27       203          10
    7      44         23          5          45       214          10
    8      8         21          10          98       211          10
    9      29         7          6          110       230          10
    10      47         30          6          14       234          10
    11      47         27          7          18       208          10
    12      15         36          7          15       238          10
    13      25         36          6          87       227          10
    14      20         49          10          52       228          10
    15      22         22          7          61       200          10
    16      0         24          5          119       223          10
    17      25         13          6          86       223          10
    18      38         47          5          56       223          10
    19      17         27          9          100       243          10
    20      2         1          10          106       226          10
    21      26         48          8          43       246          10
    22      18         34          6          73       245          10
    23      29         0          8          107       220          10
    24      29         18          10          87       228          10
    25      9         38          9          90       213          10
