r916
VEHICLE
NUMBER     CAPACITY
  10         100

CUSTOMER
CUST NO.  XCOORD.   YCOORD.    DEMAND   READY TIME  DUE DATE   SERVICE   TIME

    0      25         25          0          0          250         0
    1      24         42          5          32       240          10
    2      9         44          8          72       227          10
    3      26         20          5          63       229          10
    4      36         13          10          40       204          10
    5      28         22          7          37       201          10
    6      29         39          5          101       207          10
    7      46         37          10          105       210          10
    8      50         4          10          120       237          10
    9      15         45          8          29       205          10
    10      7         6          7          33       223          10
    11      46         38          7          17       209          10
    12      12         44          9          5       224          10
    13      12         1          5          5       234          10
    14      25         38          10          10       215          10
    15      50         19          8          101       243          10
    16      1         19          5          55       210          10
    17      42         41          8          34       228          10
    18      37         30          5          12       232          10
    19      49         50          10          68       242          10
    20      5         10          8          56       205          10
    21      49         13          8          47       215          10
    22      49         10          5          45       215          10
    23      8         28          10          118       232          10
    24      42         7          8          34       248          10
    25      22         47          7          14       249          10
