r917
VEHICLE
NUMBER     CAPACITY
  10         100

CUSTOMER
CUST NO.  XCOORD.   YCOORD.    DEMAND   READY TIME  DUE DATE   SERVICE   TIME

    0      25         25          0          0          250         0
    1      36         46          6          58       207          10
    2      35         2          8          80       229          10
    3      1         17          8          8       213          10
    4      45         2          10          42       245          10
    5      44         50          6          115       215          10
    6      9         39          10          28       213          10
    7      6         50          5          76       205          10
    8      21         36          8          12       243          10
    9      28         30          5          32       232          10
    10      42         44          10          110       242          10
    11      16         29          10          78       204          10
    12      33         30          9          5       227          10
    13      17         33          5          45       240          10
    14      42         20          5          90       215          10
    15      40         22          5          74       216          10
    16      8         23          10          19       231          10
    17      42         46          5          4       229          10
    18      21         27          5          65       211          10
    19      4         33          9          89       221          10
    20      47         17          6          118       233          10
    21      20         10          9          35       237          10
    22      23         49          10          104       235          10
    23      12         42          8          118       227          10
    24      43         24          9          33       234          10
    25      15         0          7          27       232          10
