r918
VEHICLE
NUMBER     CAPACITY
  10         100

CUSTOMER
CUST NO.  XCOORD.   YCOORD.    DEMAND   READY TIME  DUE DATE   SERVICE   TIME

    0      25         25          0          0          250         0
    1      18         10          9          17       235          10
    2      20         25          7          1       207          10
    3      27         2          8          109       217          10
    4      22         29          9          110       235          10
    5      25         25          7          10       249          10
    6      33         44          10          98       211          10
    7      30         41          7          71       200          10
    8      34         21          9          116       224          10
    9      1         18          8          8       230          10
    10      17         45          7          38       229          10
    11      23         18          9          56       223          10
    12      12         24          8          113       229          10
    13      0         41          9          19       246          10
    14      22         31          9          45       238          10
    15      49         2          6          120       245          10
    16      10         39          9          73       214          10
    17      28         37          8          89       214          10
    18      43         33          5          21       220          10
    19      39         0          8          65       238          10
    20      11         15          8          101       237          10
    21      16         11          7          9       240          10
    22      6         13          9          45       207          10
    23      36         2          9          57       206          10
    24      1         30          9          80       216          10
    25      40         4          8          52       231          10
