r921
VEHICLE
NUMBER     CAPACITY
  10         100

CUSTOMER
CUST NO.  XCOORD.   YCOORD.    DEMAND   READY TIME  DUE DATE   SERVICE   TIME

    0      25         25          0          0          250         0
    1      9         27          10          108       228          10
    2      47         30          7          73       211          10
    3      28         1          9          21       201          10
    4      44         17          5          18       203          10
    5      7         32          5          74       242          10
    6      24         3          6          61       206          10
    7      29         41          10          86       235          10
    8      24         11          10          57       226          10
    9      8         7          10          117       212          10
    10      24         6          5          85       226          10
    11      16         4          5          84       223          10
    12      19         8          10          98       249          10
    13      23         46          5          83       236          10
    14      41         39          9          85       216          10
    15      39         5          10          5       236          10
    16      31         49          9          107       229          10
    17      26         23          8          7       214          10
    18      24         11          6          68       210          10
    19      10         6          10          49       245          10
    20      14         25          7          86       201          10
    21      32         20          7          65       216          10
    22      33         42          8          80       245          10
    23      3         44          10          4       240          10
    24      44         23          9          79       233          10
    25      28         32          7          2       200          10
