r923
VEHICLE
NUMBER     CAPACITY
  10         100

CUSTOMER
CUST NO.  XCOORD.   YCOORD.    DEMAND   READY TIME  DUE DATE   SERVICE   TIME

    0      25         25          0          0          250         0
    1      2         24          6          37       223          10
    2      50         37          5          97       230          10
    3      9         20          9          49       207          10
    4      16         9          5          92       240          10
    5      9         24          7          103       205          10
    6      17         0          10          15       224          10
    7      3         47          10          99       200          10
    8      12         31          5          92       244          10
    9      22         27          7          65       219          10
    10      13         22          8          119       244          10
    11      27         15          5          23       236          10
    12      37         37          9          7       235          10
    13      30         49          7          65       218          10
    14      16         33          5          9       249          10
    15      26         17          7          109       234          10
    16      31         36          5          111       222          10
    17      29         38          6          50       213          10
    18      24         4          8          49       205          10
    19      11         15          8          62       207          10
    20      48         30          8          92       213          10
    21      26         33          6          71       203          10
    22      30         44          7          81       202          10
    23      19         16          7          13       246          10
    24      40         4          7          115       204          10
    25      26         1          8          20       203          10
