r924
VEHICLE
NUMBER     CAPACITY
  10         100

CUSTOMER
CUST NO.  XCOORD.   YCOORD.    DEMAND   READY TIME  DUE DATE   SERVICE   TIME

    0      25         25          0          0          250         0
    1      16         32          9          94       244          10
    2      35         45          10          53       233          10
    3      29         29          10          117       225          10
    4      20         17          9          65       226          10
    5      21         30          6          31       224          10
    6      15         44          9          75       236          10
    7      26         8          5          11       225          10
    8      23         22          10          119       209          10
    9      38         48          10          76       245          10
    10      24         42          10          25       202          10
    11      24         34          10          100       201          10
    12      35         42          8          52       210          10
    13      6         50          7          104       226          10
    14      36         38          7          104       246          10
    15      28         0          8          81       205          10
    16      10         35          9          54       240          10
    17      3         20          9          82       212          10
    18      21         38          10          109       233          10
    19      7         42          8          57       224          10
    20      9         25          9          42       201          10
    21      2         16          6          33       204          10
    22      33         32          10          118       208          10
    23      13         49          7          95       230          10
    24      44         35          9          53       201          10
    25      19         14          5          94       200          10
