r925
VEHICLE
NUMBER     CAPACITY
  10         100

CUSTOMER
CUST NO.  XCOORD.   YCOORD.    DEMAND   READY TIME  DUE DATE   SERVICE   TIME

    0      25         25          0          0          250         0
    1      3         15          5          49       233          10
    2      14         47          6          58       242          10
    3      40         2          8          100       244          10
    4      49         12          8          85       217          10
    5      11         7          9          29       211          10
    6      27         41          10          97       205          10
    7      11         24          10          95       214          10
    8      27         6          9          4       248          10
    9      37         0          10          22       240          10
    10      18         17          6          91       202          10
    11      49         0          5          119       224          10
    12      44         39          8          16       205          10
    13      42         6          10          76       215          10
    14      7         26          7          78       211          10
    15      7         44          8          99       229          10
    16      38         41          7          23       213          10
    17      18         3          8          31       245          10
    18      15         42          7          43       224          10
    19      40         49          9          44       203          10
    20      2         44          5          118       215          10
    21      8         44          9          11       239          10
    22      43         25          9          114       215          10
    23      34         34          5          103       244          10
    24      14         39          6          6       219          10
    25      37         13          7          91       225          10
