r928
VEHICLE
NUMBER     CAPACITY
  10         100

CUSTOMER
CUST NO.  XCOORD.   YCOORD.    DEMAND   READY TIME  DUE DATE   SERVICE   TIME

    0      25         25          0          0          250         0
    1      44         34          10          70       209          10
    2      31         42          8          84       208          10
    3      24         16          9          75       241          10
    4      44         41          9          110       225          10
    5      34         49          5          82       239          10
    6      42         33          5          28       249          10
    7      37         21          6          103       206          10
    8      49         0          8          11       241          10
    9      39         48          9          43       240          10
    10      14         26          5          5       220          10
    11      9         3          10          33       211          10
    12      17         40          7          106       200          10
    13      1         33          7          85       204          10
    14      1         1          8          120       229          10
    15      32         8          6          101       247          10
    16      25         44          9          44       239          10
    17      23         27          10          24       241          10
    18      48         30          9          89       218          10
    19      30         22          5          58       244          10
    20      50         40          5          83       203          10
    21      37         3          5          54       202          10
    22      20         13          6          108       245          10
    23      5         44          9          64       215          10
    24      38         9          5          36       207          10
    25      42         21          7          30       235          10
