r929
VEHICLE
NUMBER     CAPACITY
  10         100

CUSTOMER
CUST NO.  XCOORD.   YCOORD.    DEMAND   READY TIME  DUE DATE   SERVICE   TIME

    0      25         25          0          0          250         0
    1      25         3          10          34       213          10
    2      40         22          10          95       227          10
    3      9         25          6          108       233          10
    4      26         18          5          99       249          10
    5      34         50          5          112       226          10
    6      21         42          8          119       221          10
    7      36         17          6          27       222          10
    8      37         32          6          107       250          10
    9      35         5          8          62       225          10
    10      46         14          6          88       232          10
    11      33         7          8          51       233          10
    12      21         13          10          80       247          10
    13      10         14          8          43       205          10
    14      44         45          5          114       206          10
    15      50         11          8          65       223          10
    16      10         4          10          22       225          10
    17      42         28          8          42       226          10
    18      17         40          9          120       237          10
    19      2         0          5          107       224          10
    20      26         1          9          35       203          10
    21      5         30          10          119       237          10
    22      16         40          10          44       245          10
    23      44         30          9          105       212          10
    24      6         15          6          33       242          10
    25      39         18          9          61       216          10
