r931
VEHICLE
NUMBER     CAPACITY
  10         100

CUSTOMER
CUST NO.  XCOORD.   YCOORD.    DEMAND   READY TIME  DUE DATE   SERVICE   TIME

    0      25         25          0          0          250         0
    1      45         23          9          74       239          10
    2      20         12          9          92       223          10
    3      1         16          10          55       209          10
    4      24         22          9          41       208          10
    5      47         9          6          48       214          10
    6      47         37          10          30       246          10
    7      31         12          8          34       221          10
    8      14         15          9          95       230          10
    9      28         13          5          114       206          10
    10      32         22          10          91       244          10
    11      28         25          7          82       237          10
    12      17         0          7          66       202          10
    13      8         6          10          109       214          10
    14      31         23          5          11       242          10
    15      35         40          9          93       205          10
    16      36         19          5          27       218          10
    17      20         42          8          96       203          10
    18      25         36          5          47       238          10
    19      1         17          10          86       233          10
    20      39         14          6          90       215          10
    21      42         37          6          78       244          10
    22      17         29          8          24       228          10
    23      27         34          6          70       209          10
    24      41         38          9          95       214          10
    25      5         3          5          110       241          10
