r933
VEHICLE
NUMBER     CAPACITY
  10         100

CUSTOMER
CUST NO.  XCOORD.   YCOORD.    DEMAND   READY TIME  DUE DATE   SERVICE   TIME

    0      25         25          0          0          250         0
    1      22         13          5          109       247          10
    2      37         38          8          7       205          10
    3      50         39          7          56       244          10
    4      26         22          10          116       235          10
    5      2         25          5          18       210          10
    6      20         0          7          81       250          10
    7      48         41          6          30       205          10
    8      8         47          8          0       232          10
    9      0         6          5          76       222          10
    10      44         39          10          20       240          10
    11      43         3          10          18       203          10
    12      3         39          10          31       213          10
    13      27         30          9          82       218          10
    14      41         7          5          23       220          10
    15      11         24          8          86       249          10
    16      23         34          10          22       216          10
    17      41         31          7          51       224          10
    18      30         3          8          91       211          10
    19      6         15          7          35       212          10
    20      10         6          9          47       232          10
    21      49         0          9          32       222          10
    22      37         10          10          64       203          10
    23      4         6          8          109       246          10
    24      50         39          6          107       226          10
    25      30         38          6          69       220          10
