r935
VEHICLE
NUMBER     CAPACITY
  10         100

CUSTOMER
CUST NO.  XCOORD.   YCOORD.    DEMAND   READY TIME  DUE DATE   SERVICE   TIME

    0      25         25          0          0          250         0
    1      27         6          8          44       217          10
    2      7         40          10          76       215          10
    3      28         38          6          112       216          10
    4      3         38          8          19       203          10
    5      0         4          8          6       206          10
    6      37         7          5          23       242          10
    7      43         48          5          24       238          10
    8      10         8          7          34       212          10
    9      4         24          9          39       240          10
    10      26         7          5          113       222          10
    11      42         19          8          44       222          10
    12      10         15          5          107       215          10
    13      20         39          6          60       245          10
    14      49         39          10          71       202          10
    15      47         48          5          68       209          10
    16      33         44          8          65       214          10
    17      48         19          9          71       231          10
    18      50         2          5          66       245          10
    19      16         39          8          16       217          10
    20      0         21          6          66       221          10
    21      19         36          6          43       235          10
    22      13         35          10          63       238          10
    23      36         50          10          73       208          10
    24      47         7          9          25       226          10
    25      9         24          9          75       205          10
