r939
VEHICLE
NUMBER     CAPACITY
  10         100

CUSTOMER
CUST NO.  XCOORD.   YCOORD.    DEMAND   READY TIME  DUE DATE   SERVICE   TIME

    0      25         25          0          0          250         0
    1      39         9          6          29       214          10
    2      14         14          10          69       235          10
    3      17         3          5          85       237          10
    4      23         34          5          88       243          10
    5      48         47          9          79       246          10
    6      37         25          10          48       213          10
    7      33         13          5          114       228          10
    8      2         12          6          51       222          10
    9      34         5          8          51       220          10
    10      19         19          5          43       214          10
    11      19         42          5          51       220          10
    12      33         20          7          8       250          10
    13      0         43          9          85       242          10
    14      2         46          7          10       206          10
    15      10         31          6          113       243          10
    16      23         37          8          2       219          10
    17      2         38          8          41       231          10
    18      44         24          5          87       218          10
    19      12         36          8          25       229          10
    20      22         21          5          36       202          10
    21      47         12          9          75       213          10
    22      5         46          9          120       205          10
    23      30         42          10          69       200          10
    24      14         23          5          58       235          10
    25      6         11          6          25       200          10
