r942
VEHICLE
NUMBER     CAPACITY
  10         100

CUSTOMER
CUST NO.  XCOORD.   YCOORD.    DEMAND   READY TIME  DUE DATE   SERVICE   TIME

    0      25         25          0          0          250         0
    1      45         26          6          26       222          10
    2      46         15          8          98       226          10
    3      9         24          6          115       219          10
    4      24         13          10          53       237          10
    5      4         46          6          32       207          10
    6      32         1          5          18       239          10
    7      8         3          9          5       203          10
    8      22         23          7          34       209          10
    9      0         31          8          5       216          10
    10      41         34          6          32       238          10
    11      16         49          9          28       247          10
    12      41         41          8          29       219          10
    13      43         19          5          60       201          10
    14      0         42          10          119       201          10
    15      23         26          6          37       207          10
    16      33         40          5          65       232          10
    17      39         43          10          36       223          10
    18      46         14          7          43       243          10
    19      2         13          9          26       239          10
    20      23         7          6          14       237          10
    21      14         0          5          70       241          10
    22      23         28          7          62       248          10
    23      12         45          7          22       209          10
    24      18         0          8          102       227          10
    25      6         22          10          100       211          10
