r944
VEHICLE
NUMBER     CAPACITY
  10         100

CUSTOMER
CUST NO.  XCOORD.   YCOORD.    DEMAND   READY TIME  DUE DATE   SERVICE   TIME

    0      25         25          0          0          250         0
    1      44         0          8          82       218          10
    2      41         5          5          5       228          10
    3      22         18          5          1       242          10
    4      4         37          8          0       209          10
    5      40         10          10          56       226          10
    6      0         19          8          53       239          10
    7      2         32          7          102       224          10
    8      40         8          10          78       228          10
    9      42         46          8          64       227          10
    10      20         21          8          72       237          10
    11      20         23          8          59       212          10
    12      10         35          9          22       241          10
    13      17         28          9          69       201          10
    14      1         46          10          23       212          10
    15      50         16          7          82       240          10
    16      10         40          10          24       208          10
    17      12         6          8          21       209          10
    18      8         45          8          65       205          10
    19      8         16          5          40       225          10
    20      43         4          9          49       226          10
    21      25         18          6          114       218          10
    22      27         50          6          31       212          10
    23      27         3          7          36       202          10
    24      14         14          10          104       202          10
    25      41         22          10          41       206          10
