r948
VEHICLE
NUMBER     CAPACITY
  10         100

CUSTOMER
CUST NO.  XCOORD.   YCOORD.    DEMAND   READY TIME  DUE DATE   SERVICE   TIME

    0      25         25          0          0          250         0
    1      32         1          9          120       218          10
    2      21         43          7          10       219          10
    3      16         27          8          102       231          10
    4      22         24          6          27       208          10
    5      46         24          5          56       210          10
    6      12         15          9          118       210          10
    7      17         47          8          120       211          10
    8      35         48          8          63       207          10
    9      1         43          6          102       222          10
    10      7         3          5          78       220          10
    11      30         47          7          69       234          10
    12      4         4          9          38       201          10
    13      37         37          10          114       213          10
    14      21         6          7          78       212          10
    15      16         7          5          119       210          10
    16      50         16          8          72       248          10
    17      15         17          8          117       249          10
    18      41         43          5          15       237          10
    19      38         11          7          63       203          10
    20      21         45          9          41       238          10
    21      14         13          10          17       232          10
    22      16         27          9          68       214          10
    23      36         38          9          50       243          10
    24      43         8          6          31       213          10
    25      9         5          6          70       224          10
