r951
VEHICLE
NUMBER     CAPACITY
  10         100

CUSTOMER
CUST NO.  XCOORD.   YCOORD.    DEMAND   READY TIME  DUE DATE   SERVICE   TIME

    0      25         25          0          0          250         0
    1      7         34          7          89       246          10
    2      42         17          9          32       216          10
    3      1         44          5          25       247          10
    4      29         36          9          98       225          10
    5      8         16          5          54       229          10
    6      40         5          8          15       205          10
    7      5         14          8          77       234          10
    8      29         27          8          110       203          10
    9      48         21          10          72       237          10
    10      5         11          5          9       220          10
    11      41         10          6          40       205          10
    12      39         3          9          113       249          10
    13      14         26          7          96       207          10
    14      6         35          5          79       209          10
    15      46         36          9          2       243          10
    16      13         38          5          107       245          10
    17      12         25          10          87       238          10
    18      43         45          6          64       223          10
    19      26         45          6          15       220          10
    20      27         11          6          5       222          10
    21      29         33          6          1       239          10
    22      8         48          5          5       234          10
    23      0         0          9          111       201          10
    24      24         36          6          104       202          10
    25      22         18          5          49       244          10
