r955
VEHICLE
NUMBER     CAPACITY
  10         100

CUSTOMER
CUST NO.  XCOORD.   YCOORD.    DEMAND   READY TIME  DUE DATE   SERVICE   TIME

    0      25         25          0          0          250         0
    1      25         32          5          81       230          10
    2      15         46          7          109       202          10
    3      25         48          5          19       225          10
    4      10         21          6          22       226          10
    5      10         49          10          107       236          10
    6      34         5          7          36       216          10
    7      25         16          7          60       219          10
    8      27         33          9          51       246          10
    9      14         6          10          68       225          10
    10      33         37          6          23       233          10
    11      10         11          10          7       246          10
    12      36         1          8          16       238          10
    13      29         39          10          120       223          10
    14      14         40          7          112       224          10
    15      35         10          6          119       237          10
    16      43         50          8          112       205          10
    17      29         32          8          95       212          10
    18      44         45          7          5       235          10
    19      30         47          7          50       231          10
    20      45         23          8          27       234          10
    21      37         32          8          2       239          10
    22      29         11          9          119       202          10
    23      14         41          9          74       219          10
    24      18         15          9          19       239          10
    25      39         34          6          105       216          10
