r961
VEHICLE
NUMBER     CAPACITY
  10         100

CUSTOMER
CUST NO.  XCOORD.   YCOORD.    DEMAND   READY TIME  DUE DATE   SERVICE   TIME

    0      25         25          0          0          250         0
    1      6         16          5          11       248          10
    2      19         32          5          105       219          10
    3      13         11          5          97       236          10
    4      1         2          9          23       219          10
    5      2         36          5          97       217          10
    6      50         26          6          29       209          10
    7      6         7          10          37       222          10
    8      42         46          8          86       201          10
    9      42         19          5          93       213          10
    10      27         32          10          113       222          10
    11      6         37          6          16       226          10
    12      7         16          5          68       200          10
    13      9         2          8          1       225          10
    14      43         23          7          22       238          10
    15      21         9          7          42       245          10
    16      43         30          10          34       222          10
    17      45         0          5          108       237          10
    18      37         49          7          119       230          10
    19      22         46          9          114       201          10
    20      24         27          10          45       245          10
    21      4         29          5          42       247          10
    22      28         30          7          68       240          10
    23      33         5          8          19       212          10
    24      8         14          7          74       215          10
    25      37         19          8          51       200          10
