r963
VEHICLE
NUMBER     CAPACITY
  10         100

CUSTOMER
CUST NO.  XCOORD.   YCOORD.    DEMAND   READY TIME  DUE DATE   SERVICE   TIME

    0      25         25          0          0          250         0
    1      16         14          7          11       235          10
    2      0         5          7          1       228          10
    3      5         23          5          34       202          10
    4      35         16          6          34       209          10
    5      26         18          9          75       206          10
    6      18         5          5          21       242          10
    7      15         46          9          9       234          10
    8      26         8          9          78       232          10
    9      15         3          5          103       231          10
    10      50         16          5          50       235          10
    11      9         21          5          78       220          10
    12      29         5          8          78       239          10
    13      39         2          8          12       233          10
    14      7         48          8          79       222          10
    15      13         41          5          69       226          10
    16      42         27          10          17       209          10
    17      43         45          5          54       249          10
    18      33         28          5          107       214          10
    19      3         29          5          65       250          10
    20      12         37          9          39       205          10
    21      25         2          7          55       226          10
    22      4         13          10          52       238          10
    23      10         34          5          10       245          10
    24      37         35          9          16       237          10
    25      40         40          9          34       225          10
