r964
VEHICLE
NUMBER     CAPACITY
  10         100

CUSTOMER
CUST NO.  XCOORD.   YCOORD.    DEMAND   READY TIME  DUE DATE   SERVICE   TIME

    0      25         25          0          0          250         0
    1      10         10          8          89       234          10
    2      29         31          8          41       239          10
    3      9         32          10          73       201          10
    4      35         12          8          72       220          10
    5      20         32          6          70       221          10
    6      38         43          10          0       205          10
    7      30         27          10          58       213          10
    8      50         40          8          104       218          10
    9      38         29          5          107       205          10
    10      36         13          5          27       227          10
    11      1         5          10          91       205          10
    12      37         1          6          95       227          10
    13      22         16          5          73       248          10
    14      0         18          7          118       202          10
    15      0         2          5          66       242          10
    16      38         50          8          8       230          10
    17      29         39          7          106       246          10
    18      23         25          5          98       203          10
    19      16         3          5          101       228          10
    20      20         1          10          54       210          10
    21      13         23          8          47       218          10
    22      0         41          10          55       250          10
    23      36         6          10          29       221          10
    24      24         21          5          23       217          10
    25      21         41          9          115       210          10
