r965
VEHICLE
NUMBER     CAPACITY
  10         100

CUSTOMER
CUST NO.  XCOORD.   YCOORD.    DEMAND   READY TIME  DUE DATE   SERVICE   TIME

    0      25         25          0          0          250         0
    1      3         18          9          75       242          10
    2      0         26          6          57       215          10
    3      12         17          6          85       236          10
    4      42         9          10          96       239          10
    5      23         48          9          35       201          10
    6      12         29          5          70       231          10
    7      32         4          6          20       204          10
    8      7         43          5          85       212          10
    9      34         26          7          115       206          10
    10      36         15          9          39       227          10
    11      18         23          10          103       223          10
    12      26         27          9          0       209          10
    13      18         14          8          60       215          10
    14      37         4          6          65       215          10
    15      42         28          10          99       219          10
    16      36         1          10          55       206          10
    17      46         3          10          46       221          10
    18      3         12          7          99       214          10
    19      43         25          10          117       224          10
    20      20         43          8          107       217          10
    21      37         43          8          55       209          10
    22      32         48          6          47       205          10
    23      18         9          6          20       235          10
    24      46         18          8          1       226          10
    25      35         9          10          88       232          10
