r966
VEHICLE
NUMBER     CAPACITY
  10         100

CUSTOMER
CUST NO.  XCOORD.   YCOORD.    DEMAND   READY TIME  DUE DATE   SERVICE   TIME

    0      25         25          0          0          250         0
    1      44         14          8          94       236          10
    2      21         48          9          26       245          10
    3      33         42          5          108       234          10
    4      1         45          8          25       204          10
    5      34         37          5          15       226          10
    6      1         12          5          91       234          10
    7      50         17          7          119       206          10
    8      39         25          10          68       224          10
    9      44         11          10          27       219          10
    10      13         47          9          84       246          10
    11      43         48          5          5       201          10
    12      31         20          8          105       218          10
    13      29         16          5          2       214          10
    14      32         3          8          51       214          10
    15      30         49          9          8       210          10
    16      11         16          5          63       249          10
    17      6         44          5          114       235          10
    18      32         47          5          16       250          10
    19      11         33          9          116       241          10
    20      21         49          5          22       228          10
    21      5         17          7          27       229          10
    22      38         26          6          4       246          10
    23      18         43          9          78       212          10
    24      34         26          6          59       238          10
    25      44         5          8          75       246          10
