r967
VEHICLE
NUMBER     CAPACITY
  10         100

CUSTOMER
CUST NO.  XCOORD.   YCOORD.    DEMAND   READY TIME  DUE DATE   SERVICE   TIME

    0      25         25          0          0          250         0
    1      24         33          8          23       212          10
    2      6         9          7          95       238          10
    3      36         14          10          12       200          10
    4      19         38          8          44       205          10
    5      27         47          8          116       249          10
    6      31         29          10          110       231          10
    7      16         9          10          44       214          10
    8      12         20          6          35       243          10
    9      46         45          8          69       246          10
    10      47         16          6          32       217          10
    11      5         48          8          107       220          10
    12      35         34          7          20       230          10
    13      27         29          5          84       244          10
    14      16         26          6          23       215          10
    15      36         20          6          23       240          10
    16      22         30          8          17       241          10
    17      26         12          10          105       235          10
    18      13         8          8          75       215          10
    19      47         48          5          114       211          10
    20      17         15          7          91       234          10
    21      25         8          7          103       218          10
    22      41         28          9          17       228          10
    23      24         33          6          0       242          10
    24      8         35          6          84       206          10
    25      20         3          7          115       226          10
