r969
VEHICLE
NUMBER     CAPACITY
  10         100

CUSTOMER
CUST NO.  XCOORD.   YCOORD.    DEMAND   READY TIME  DUE DATE   SERVICE   TIME

    0      25         25          0          0          250         0
    1      14         20          9          0       228          10
    2      44         50          7          108       233          10
    3      22         45          10          80       224          10
    4      26         34          5          94       206          10
    5      1         1          10          45       233          10
    6      27         29          7          41       203          10
    7      9         7          6          78       219          10
    8      4         5          5          112       232          10
    9      12         3          5          63       224          10
    10      34         10          5          86       201          10
    11      10         10          9          63       211          10
    12      25         34          7          48       221          10
    13      27         10          5          100       223          10
    14      31         10          6          40       216          10
    15      1         32          6          4       214          10
    16      3         19          10          34       249          10
    17      44         22          5          93       210          10
    18      1         18          8          5       201          10
    19      21         47          6          64       204          10
    20      13         35          8          52       219          10
    21      28         29          7          115       236          10
    22      13         5          6          22       208          10
    23      50         39          9          71       232          10
    24      46         32          10          45       228          10
    25      32         21          10          90       227          10
