r970
VEHICLE
NUMBER     CAPACITY
  10         100

CUSTOMER
CUST NO.  XCOORD.   YCOORD.    DEMAND   READY TIME  DUE DATE   SERVICE   TIME

    0      25         25          0          0          250         0
    1      42         26          10          59       248          10
    2      6         2          9          103       233          10
    3      21         12          8          21       203          10
    4      38         21          5          108       219          10
    5      16         17          6          59       216          10
    6      36         34          5          23       236          10
    7      3         44          7          86       202          10
    8      27         5          5          95       209          10
    9      24         40          9          113       218          10
    10      7         12          10          10       213          10
    11      21         15          6          18       220          10
    12      12         9          9          42       209          10
    13      25         44          5          60       249          10
    14      41         9          10          15       222          10
    15      7         13          8          100       206          10
    16      17         39          5          18       239          10
    17      5         47          10          77       243          10
    18      0         9          7          50       215          10
    19      26         8          9          108       221          10
    20      40         23          9          51       240          10
    21      17         10          5          45       229          10
    22      32         7          7          64       237          10
    23      32         44          8          47       232          10
    24      8         0          9          51       209          10
    25      26         26          5          63       206          10
