r972
VEHICLE
NUMBER     CAPACITY
  10         100

CUSTOMER
CUST NO.  XCOORD.   YCOORD.    DEMAND   READY TIME  DUE DATE   SERVICE   TIME

    0      25         25          0          0          250         0
    1      14         32          8          0       215          10
    2      3         35          9          58       206          10
    3      26         25          8          3       228          10
    4      6         23          7          84       248          10
    5      45         21          10          33       210          10
    6      18         34          10          0       250          10
    7      42         26          10          105       216          10
    8      4         35          8          79       202          10
    9      15         24          7          73       211          10
    10      11         39          6          69       237          10
    11      24         20          5          36       214          10
    12      7         19          6          79       235          10
    13      41         8          7          106       218          10
    14      4         44          6          78       248          10
    15      38         34          8          109       207          10
    16      45         39          6          48       206          10
    17      33         48          6          70       204          10
    18      27         35          5          16       225          10
    19      50         13          8          118       205          10
    20      24         21          8          63       213          10
    21      26         50          7          103       210          10
    22      0         20          9          26       225          10
    23      30         20          7          15       232          10
    24      34         37          6          89       226          10
    25      32         6          7          59       240          10
