r974
VEHICLE
NUMBER     CAPACITY
  10         100

CUSTOMER
CUST NO.  XCOORD.   YCOORD.    DEMAND   READY TIME  DUE DATE   SERVICE   TIME

    0      25         25          0          0          250         0
    1      10         10          5          63       230          10
    2      21         39          9          1       230          10
    3      24         50          6          80       246          10
    4      33         44          8          74       202          10
    5      35         21          10          11       235          10
    6      41         6          6          54       229          10
    7      31         38          8          109       231          10
    8      6         48          6          88       234          10
    9      23         25          5          19       240          10
    10      49         21          5          54       233          10
    11      45         47          6          65       220          10
    12      31         41          5          84       204          10
    13      19         27          7          19       234          10
    14      21         23          9          116       231          10
    15      5         6          8          105       207          10
    16      47         17          8          116       243          10
    17      7         15          5          116       227          10
    18      6         49          9          91       210          10
    19      14         32          5          10       247          10
    20      29         49          10          97       209          10
    21      9         38          9          68       202          10
    22      29         4          6          78       210          10
    23      48         16          7          21       234          10
    24      48         38          8          43       229          10
    25      8         5          8          54       200          10
