r975
VEHICLE
NUMBER     CAPACITY
  10         100

CUSTOMER
CUST NO.  XCOORD.   YCOORD.    DEMAND   READY TIME  DUE DATE   SERVICE   TIME

    0      25         25          0          0          250         0
    1      10         47          8          12       219          10
    2      11         44          7          58       250          10
    3      3         41          5          80       247          10
    4      42         44          6          61       204          10
    5      35         1          5          30       221          10
    6      30         50          6          23       236          10
    7      10         20          6          12       222          10
    8      26         28          7          34       227          10
    9      48         37          7          45       220          10
    10      30         2          9          55       214          10
    11      7         41          10          100       240          10
    12      6         30          10          84       230          10
    13      30         29          5          77       238          10
    14      9         41          10          106       240          10
    15      38         6          5          13       238          10
    16      1         37          7          120       243          10
    17      14         15          8          67       205          10
    18      37         37          9          46       232          10
    19      44         47          9          20       235          10
    20      28         34          6          2       218          10
    21      22         29          9          18       249          10
    22      8         23          8          39       203          10
    23      49         46          6          16       214          10
    24      35         35          6          50       210          10
    25      28         26          5          33       227          10
