r976
VEHICLE
NUMBER     CAPACITY
  10         100

CUSTOMER
CUST NO.  XCOORD.   YCOORD.    DEMAND   READY TIME  DUE DATE   SERVICE   TIME

    0      25         25          0          0          250         0
    1      17         18          7          8       201          10
    2      4         9          10          113       244          10
    3      21         6          6          33       206          10
    4      3         1          9          48       211          10
    5      2         41          9          66       237          10
    6      41         3          5          33       203          10
    7      27         30          8          80       205          10
    8      24         29          10          14       207          10
    9      16         28          9          8       236          10
    10      3         10          6          92       248          10
    11      36         14          6          54       211          10
    12      4         38          6          46       234          10
    13      15         20          6          51       203          10
    14      5         37          9          49       211          10
    15      41         12          8          101       226          10
    16      15         1          5          79       227          10
    17      7         26          5          43       204          10
    18      7         33          7          87       215          10
    19      50         7          7          99       213          10
    20      47         23          6          96       229          10
    21      10         50          7          87       218          10
    22      14         50          6          12       249          10
    23      30         14          9          15       226          10
    24      36         42          7          50       218          10
    25      10         20          5          37       211          10
