r977
VEHICLE
NUMBER     CAPACITY
  10         100

CUSTOMER
CUST NO.  XCOORD.   YCOORD.    DEMAND   READY TIME  DUE DATE   SERVICE   TIME

    0      25         25          0          0          250         0
    1      31         27          7          67       242          10
    2      22         43          10          113       217          10
    3      47         14          9          5       213          10
    4      33         18          7          33       205          10
    5      18         27          8          74       217          10
    6      9         28          6          66       217          10
    7      49         41          8          73       226          10
    8      22         22          6          60       205          10
    9      0         46          9          92       215          10
    10      34         8          8          68       250          10
    11      26         19          8          98       246          10
    12      41         44          8          108       226          10
    13      39         21          6          107       235          10
    14      17         35          10          120       237          10
    15      48         6          5          76       224          10
    16      39         49          6          81       240          10
    17      18         50          9          109       244          10
    18      31         31          8          68       217          10
    19      37         27          6          32       220          10
    20      4         35          6          89       211          10
    21      27         40          10          26       214          10
    22      29         25          8          78       222          10
    23      24         28          10          62       218          10
    24      22         15          5          112       222          10
    25      33         18          8          101       210          10
