r979
VEHICLE
NUMBER     CAPACITY
  10         100

CUSTOMER
CUST NO.  XCOORD.   YCOORD.    DEMAND   READY TIME  DUE DATE   SERVICE   TIME

    0      25         25          0          0          250         0
    1      19         25          7          82       207          10
    2      5         11          7          22       238          10
    3      48         10          9          110       233          10
    4      22         33          5          50       245          10
    5      11         47          5          35       216          10
    6      22         9          10          91       243          10
    7      37         13          6          71       238          10
    8      44         36          6          16       204          10
    9      18         37          7          44       238          10
    10      39         27          7          26       215          10
    11      7         22          6          118       217          10
    12      3         16          5          5       224          10
    13      11         49          7          63       240          10
    14      5         20          7          85       208          10
    15      30         1          5          41       249          10
    16      11         33          5          54       204          10
    17      19         23          6          100       241          10
    18      42         9          6          78       242          10
    19      5         8          6          43       245          10
    20      49         19          8          30       224          10
    21      10         12          7          78       238          10
    22      46         15          5          78       215          10
    23      50         20          6          9       234          10
    24      26         30          10          55       248          10
    25      5         46          9          50       210          10
