r980
VEHICLE
NUMBER     CAPACITY
  10         100

CUSTOMER
CUST NO.  XCOORD.   YCOORD.    DEMAND   READY TIME  DUE DATE   SERVICE   TIME

    0      25         25          0          0          250         0
    1      50         47          6          21       249          10
    2      37         35          9          58       236          10
    3      40         41          7          43       234          10
    4      29         19          9          58       203          10
    5      31         1          10          111       222          10
    6      7         46          7          51       225          10
    7      38         48          9          25       208          10
    8      18         37          6          57       205          10
    9      39         29          9          46       247          10
    10      28         27          6          85       245          10
    11      46         9          5          61       240          10
    12      5         27          6          42       214          10
    13      8         31          8          111       213          10
    14      46         33          7          0       245          10
    15      5         30          5          56       201          10
    16      6         3          5          15       209          10
    17      2         38          5          88       231          10
    18      4         30          7          58       249          10
    19      25         39          6          88       249          10
    20      47         28          9          47       230          10
    21      9         29          5          0       212          10
    22      47         14          6          28       214          10
    23      14         48          9          107       207          10
    24      1         42          5          47       208          10
    25      50         3          7          36       209          10
