r981
VEHICLE
NUMBER     CAPACITY
  10         100

CUSTOMER
CUST NO.  XCOORD.   YCOORD.    DEMAND   READY TIME  DUE DATE   SERVICE   TIME

    0      25         25          0          0          250         0
    1      44         47          9          112       233          10
    2      13         2          8          113       233          10
    3      42         14          7          57       220          10
    4      32         23          7          39       248          10
    5      3         10          7          106       241          10
    6      30         21          9          101       240          10
    7      40         17          10          41       223          10
    8      46         50          10          79       226          10
    9      26         21          8          75       243          10
    10      8         26          9          20       221          10
    11      40         25          9          19       205          10
    12      27         37          10          101       201          10
    13      20         39          10          12       249          10
    14      3         35          7          96       206          10
    15      3         26          6          12       213          10
    16      41         36          8          12       243          10
    17      35         31          9          49       229          10
    18      21         40          10          7       239          10
    19      30         15          5          60       234          10
    20      21         16          5          4       219          10
    21      40         31          6          57       246          10
    22      34         38          5          68       204          10
    23      21         42          6          87       228          10
    24      49         35          9          37       208          10
    25      42         19          6          19       217          10
