r984
VEHICLE
NUMBER     CAPACITY
  10         100

CUSTOMER
CUST NO.  XCOORD.   YCOORD.    DEMAND   READY TIME  DUE DATE   SERVICE   TIME

    0      25         25          0          0          250         0
    1      49         10          7          104       207          10
    2      6         25          9          3       237          10
    3      29         50          8          46       209          10
    4      40         24          6          27       239          10
    5      17         20          9          113       227          10
    6      9         42          8          25       217          10
    7      25         3          7          70       213          10
    8      4         43          6          13       232          10
    9      17         29          6          30       214          10
    10      3         23          6          12       207          10
    11      46         43          5          96       210          10
    12      32         45          6          50       207          10
    13      42         9          6          100       232          10
    14      0         21          5          22       221          10
    15      34         34          8          32       216          10
    16      21         34          6          65       210          10
    17      46         10          7          2       210          10
    18      27         12          10          20       241          10
    19      4         7          9          38       217          10
    20      33         17          10          53       243          10
    21      30         31          5          23       220          10
    22      9         48          8          5       200          10
    23      4         28          7          55       200          10
    24      2         12          5          48       239          10
    25      20         1          5          40       201          10
