r988
VEHICLE
NUMBER     CAPACITY
  10         100

CUSTOMER
CUST NO.  XCOORD.   YCOORD.    DEMAND   READY TIME  DUE DATE   SERVICE   TIME

    0      25         25          0          0          250         0
    1      5         24          5          76       221          10
    2      26         3          10          6       239          10
    3      28         10          8          19       241          10
    4      19         0          10          53       239          10
    5      31         6          9          85       239          10
    6      31         40          8          57       240          10
    7      4         14          7          84       200          10
    8      27         46          9          105       219          10
    9      20         48          8          40       214          10
    10      48         35          6          71       215          10
    11      7         18          5          6       212          10
    12      15         13          6          7       240          10
    13      4         46          5          117       249          10
    14      48         20          5          18       247          10
    15      38         33          8          47       210          10
    16      32         14          10          49       249          10
    17      23         30          8          10       228          10
    18      36         45          7          67       225          10
    19      22         50          9          113       201          10
    20      22         35          10          13       206          10
    21      39         44          8          4       204          10
    22      2         11          10          107       200          10
    23      39         41          9          86       202          10
    24      16         39          10          82       243          10
    25      35         2          9          116       246          10
