r989
VEHICLE
NUMBER     CAPACITY
  10         100

CUSTOMER
CUST NO.  XCOORD.   YCOORD.    DEMAND   READY TIME  DUE DATE   SERVICE   TIME

    0      25         25          0          0          250         0
    1      23         13          6          36       206          10
    2      10         28          5          92       203          10
    3      33         41          5          35       224          10
    4      5         33          9          9       224          10
    5      44         16          8          19       221          10
    6      38         17          5          97       220          10
    7      0         41          10          30       220          10
    8      50         1          8          43       240          10
    9      26         45          7          107       219          10
    10      6         50          9          10       205          10
    11      30         33          6          88       210          10
    12      35         30          8          116       215          10
    13      9         41          5          22       226          10
    14      26         33          9          63       243          10
    15      1         23          6          70       238          10
    16      0         0          10          71       209          10
    17      34         0          6          9       202          10
    18      29         25          6          11       227          10
    19      40         11          6          120       228          10
    20      29         31          7          118       210          10
    21      35         38          6          79       219          10
    22      33         7          5          110       227          10
    23      6         46          8          14       224          10
    24      38         44          6          80       229          10
    25      40         36          7          30       219          10
