r990
VEHICLE
NUMBER     CAPACITY
  10         100

CUSTOMER
CUST NO.  XCOORD.   YCOORD.    DEMAND   READY TIME  DUE DATE   SERVICE   TIME

    0      25         25          0          0          250         0
    1      29         7          10          80       213          10
    2      22         48          7          119       244          10
    3      37         13          5          9       207          10
    4      38         12          10          52       228          10
    5      46         21          9          119       230          10
    6      2         38          5          95       205          10
    7      44         29          8          86       237          10
    8      48         24          6          41       214          10
    9      10         38          5          24       229          10
    10      32         39          8          97       229          10
    11      32         4          10          75       224          10
    12      27         31          9          103       211          10
    13      26         42          6          41       236          10
    14      45         7          10          87       225          10
    15      30         23          8          112       250          10
    16      24         49          9          79       220          10
    17      1         9          9          95       230          10
    18      11         33          10          83       202          10
    19      42         15          5          9       211          10
    20      48         39          8          9       219          10
    21      46         4          5          35       227          10
    22      7         5          5          91       222          10
    23      6         27          5          23       238          10
    24      49         30          8          96       203          10
    25      3         31          5          108       201          10
