r992
VEHICLE
NUMBER     CAPACITY
  10         100

CUSTOMER
CUST NO.  XCOORD.   YCOORD.    DEMAND   READY TIME  DUE DATE   SERVICE   TIME

    0      25         25          0          0          250         0
    1      24         25          6          15       235          10
    2      1         24          5          53       242          10
    3      27         48          6          110       208          10
    4      14         41          8          95       217          10
    5      49         17          5          52       205          10
    6      50         27          7          48       219          10
    7      40         50          7          17       223          10
    8      46         28          10          110       216          10
    9      24         37          5          31       232          10
    10      21         30          8          66       223          10
    11      35         17          9          24       201          10
    12      5         1          5          30       247          10
    13      42         43          7          70       215          10
    14      9         49          5          26       205          10
    15      31         25          6          32       235          10
    16      11         34          6          56       240          10
    17      46         0          5          1       209          10
    18      26         37          5          109       216          10
    19      23         49          8          47       216          10
    20      33         18          7          91       240          10
    21      38         50          9          79       213          10
    22      36         42          6          79       204          10
    23      0         49          8          67       219          10
    24      48         44          7          41       205          10
    25      5         5          5          23       207          10
