r993
VEHICLE
NUMBER     CAPACITY
  10         100

CUSTOMER
CUST NO.  XCOORD.   YCOORD.    DEMAND   READY TIME  DUE DATE   SERVICE   TIME

    0      25         25          0          0          250         0
    1      32         38          9          43       222          10
    2      9         36          9          7       233          10
    3      30         0          5          55       238          10
    4      9         31          10          97       250          10
    5      10         39          7          106       203          10
    6      14         0          7          111       212          10
    7      26         8          9          68       238          10
    8      27         18          10          27       237          10
    9      37         12          8          31       220          10
    10      3         49          6          100       204          10
    11      43         41          7          112       234          10
    12      43         12          8          0       222          10
    13      9         43          5          20       200          10
    14      22         48          9          65       224          10
    15      0         36          9          18       231          10
    16      37         5          8          51       233          10
    17      5         27          8          109       247          10
    18      23         39          7          4       207          10
    19      40         25          7          5       221          10
    20      5         47          6          13       216          10
    21      0         14          6          113       238          10
    22      19         34          5          69       216          10
    23      18         13          6          71       225          10
    24      19         31          8          109       236          10
    25      16         21          7          115       213          10
