r996
VEHICLE
NUMBER     CAPACITY
  10         100

CUSTOMER
CUST NO.  XCOORD.   YCOORD.    DEMAND   READY TIME  DUE DATE   SERVICE   TIME

    0      25         25          0          0          250         0
    1      17         16          8          20       208          10
    2      6         16          8          93       246          10
    3      14         18          6          89       236          10
    4      34         41          9          86       208          10
    5      46         38          7          6       225          10
    6      9         36          7          65       237          10
    7      29         4          10          82       222          10
    8      18         35          6          83       206          10
    9      42         48          8          19       202          10
    10      33         14          10          108       225          10
    11      8         43          5          3       223          10
    12      6         23          5          10       231          10
    13      38         38          5          12       234          10
    14      9         46          8          32       229          10
    15      46         1          5          82       217          10
    16      23         44          7          69       219          10
    17      22         37          9          62       210          10
    18      44         19          7          20       240          10
    19      21         18          5          119       217          10
    20      39         14          5          70       235          10
    21      46         48          5          41       214          10
    22      9         17          10          51       250          10
    23      38         34          8          4       230          10
    24      15         14          9          2       203          10
    25      29         46          10          81       245          10
