r998
VEHICLE
NUMBER     CAPACITY
  10         100

CUSTOMER
CUST NO.  XCOORD.   YCOORD.    DEMAND   READY TIME  DUE DATE   SERVICE   TIME

    0      25         25          0          0          250         0
    1      41         9          7          89       230          10
    2      10         43          6          60       217          10
    3      22         14          10          102       201          10
    4      20         18          8          48       205          10
    5      19         5          9          70       238          10
    6      46         15          9          72       215          10
    7      12         1          6          75       247          10
    8      16         37          8          37       234          10
    9      28         2          9          12       240          10
    10      29         22          5          12       232          10
    11      31         44          9          88       207          10
    12      15         27          9          21       218          10
    13      45         10          7          64       227          10
    14      2         42          9          101       202          10
    15      29         42          8          18       250          10
    16      25         20          8          60       224          10
    17      11         27          10          83       211          10
    18      44         31          8          8       220          10
    19      17         10          7          13       239          10
    20      29         8          8          13       220          10
    21      29         1          6          46       244          10
    22      0         25          7          79       239          10
    23      34         26          9          8       224          10
    24      14         7          8          88       232          10
    25      15         0          8          109       221          10
